0.000 0.989 0.824 0.001 0.000 0.000 0.000 0.002 0.007 0.011 0.000 0.000 0.000 0.962 0.954 0.960
0.989 0.000 0.989 0.918 0.001 0.000 0.000 0.000 0.000 0.004 0.000 0.002 0.822 0.959 0.973 0.828
0.824 0.989 0.000 0.992 0.879 0.000 0.000 0.000 0.000 0.000 0.027 0.991 0.980 0.997 0.885 0.000
0.001 0.918 0.992 0.000 0.992 0.901 0.000 0.000 0.000 0.000 0.866 0.986 0.971 0.891 0.956 0.000
0.000 0.001 0.879 0.992 0.000 0.995 0.974 0.003 0.004 0.967 0.979 0.997 0.930 0.000 0.005 0.000
0.000 0.000 0.000 0.901 0.995 0.000 0.980 0.985 0.974 0.952 0.983 0.893 0.774 0.000 0.025 0.000
0.000 0.000 0.000 0.000 0.974 0.980 0.000 0.978 0.915 0.995 0.786 0.000 0.000 0.000 0.000 0.000
0.002 0.000 0.000 0.000 0.003 0.985 0.978 0.000 0.992 0.944 0.048 0.000 0.000 0.000 0.000 0.000
0.007 0.000 0.000 0.000 0.004 0.974 0.915 0.992 0.000 0.983 0.985 0.014 0.215 0.000 0.000 0.001
0.011 0.004 0.000 0.000 0.967 0.952 0.995 0.944 0.983 0.000 0.991 0.842 0.000 0.000 0.000 0.004
0.000 0.000 0.027 0.866 0.979 0.983 0.786 0.048 0.985 0.991 0.000 0.990 0.970 0.000 0.000 0.000
0.000 0.002 0.991 0.986 0.997 0.893 0.000 0.000 0.014 0.842 0.990 0.000 0.994 0.898 0.000 0.000
0.000 0.822 0.980 0.971 0.930 0.774 0.000 0.000 0.215 0.000 0.970 0.994 0.000 0.993 0.944 0.002
0.962 0.959 0.997 0.891 0.000 0.000 0.000 0.000 0.000 0.000 0.000 0.898 0.993 0.000 0.991 0.974
0.954 0.973 0.885 0.956 0.005 0.025 0.000 0.000 0.000 0.000 0.000 0.000 0.944 0.991 0.000 0.989
0.960 0.828 0.000 0.000 0.000 0.000 0.000 0.000 0.001 0.004 0.000 0.000 0.002 0.974 0.989 0.000
