0.000 0.962 0.918 0.046 0.003 0.000 0.002 0.002 0.007 0.004 0.063 0.042
0.962 0.000 0.999 0.997 0.588 0.007 0.000 0.439 0.571 0.711 0.686 0.285
0.918 0.999 0.000 0.994 0.965 0.036 0.000 0.214 0.007 0.013 0.114 0.010
0.046 0.997 0.994 0.000 0.999 0.996 0.162 0.838 0.756 0.893 0.310 0.063
0.003 0.588 0.965 0.999 0.000 0.996 0.991 0.999 0.457 0.195 0.035 0.007
0.000 0.007 0.036 0.996 0.996 0.000 0.998 0.980 0.135 0.053 0.000 0.000
0.002 0.000 0.000 0.162 0.991 0.998 0.000 0.988 0.959 0.000 0.000 0.001
0.002 0.439 0.214 0.838 0.999 0.980 0.988 0.000 1.000 0.981 0.202 0.020
0.007 0.571 0.007 0.756 0.457 0.135 0.959 1.000 0.000 0.999 0.999 0.403
0.004 0.711 0.013 0.893 0.195 0.053 0.000 0.981 0.999 0.000 0.999 0.979
0.063 0.686 0.114 0.310 0.035 0.000 0.000 0.202 0.999 0.999 0.000 1.000
0.042 0.285 0.010 0.063 0.007 0.000 0.001 0.020 0.403 0.979 1.000 0.000
