0.000 0.981 0.953 0.029 0.015 0.000 0.000 0.002 0.000 0.006 0.000 0.049 0.000 0.376 0.435 0.448
0.981 0.000 0.993 0.885 0.006 0.000 0.000 0.000 0.000 0.000 0.000 0.075 0.499 0.529 0.501 0.323
0.953 0.993 0.000 0.994 0.951 0.000 0.000 0.000 0.000 0.000 0.002 0.981 0.973 0.936 0.604 0.119
0.029 0.885 0.994 0.000 0.996 0.908 0.010 0.000 0.000 0.000 0.837 0.978 0.990 0.695 0.579 0.177
0.015 0.006 0.951 0.996 0.000 0.997 0.990 0.003 0.003 0.979 0.988 1.000 0.983 0.000 0.004 0.040
0.000 0.000 0.000 0.908 0.997 0.000 0.999 0.981 0.968 0.967 0.991 0.969 0.925 0.000 0.009 0.008
0.000 0.000 0.000 0.010 0.990 0.999 0.000 0.992 0.952 0.993 0.869 0.000 0.000 0.000 0.000 0.000
0.002 0.000 0.000 0.000 0.003 0.981 0.992 0.000 0.994 0.984 0.046 0.000 0.000 0.000 0.000 0.000
0.000 0.000 0.000 0.000 0.003 0.968 0.952 0.994 0.000 0.986 0.992 0.025 0.383 0.000 0.000 0.000
0.006 0.000 0.000 0.000 0.979 0.967 0.993 0.984 0.986 0.000 0.999 0.897 0.000 0.000 0.000 0.005
0.000 0.000 0.002 0.837 0.988 0.991 0.869 0.046 0.992 0.999 0.000 0.994 0.961 0.046 0.000 0.000
0.049 0.075 0.981 0.978 1.000 0.969 0.000 0.000 0.025 0.897 0.994 0.000 0.997 0.907 0.055 0.005
0.000 0.499 0.973 0.990 0.983 0.925 0.000 0.000 0.383 0.000 0.961 0.997 0.000 0.977 0.948 0.209
0.376 0.529 0.936 0.695 0.000 0.000 0.000 0.000 0.000 0.000 0.046 0.907 0.977 0.000 0.993 0.937
0.435 0.501 0.604 0.579 0.004 0.009 0.000 0.000 0.000 0.000 0.000 0.055 0.948 0.993 0.000 0.991
0.448 0.323 0.119 0.177 0.040 0.008 0.000 0.000 0.000 0.005 0.000 0.005 0.209 0.937 0.991 0.000
