0.000 0.972 0.769 0.000 0.000 0.000 0.000 0.000 0.000 0.001 0.000 0.000 0.000 0.982 0.936 0.978
0.972 0.000 0.996 0.951 0.000 0.000 0.000 0.000 0.000 0.000 0.000 0.009 0.918 1.000 0.991 0.869
0.769 0.996 0.000 0.988 0.901 0.000 0.000 0.000 0.000 0.000 0.033 0.973 0.985 0.997 0.937 0.000
0.000 0.951 0.988 0.000 0.985 0.969 0.001 0.000 0.000 0.000 0.953 0.994 0.999 0.913 0.940 0.000
0.000 0.000 0.901 0.985 0.000 0.999 0.998 0.005 0.005 0.994 0.999 1.000 0.971 0.000 0.000 0.000
0.000 0.000 0.000 0.969 0.999 0.000 1.000 0.996 0.995 0.994 1.000 0.968 0.875 0.000 0.003 0.000
0.000 0.000 0.000 0.001 0.998 1.000 0.000 0.994 0.992 1.000 0.939 0.000 0.000 0.000 0.000 0.002
0.000 0.000 0.000 0.000 0.005 0.996 0.994 0.000 0.999 0.987 0.061 0.000 0.000 0.000 0.000 0.002
0.000 0.000 0.000 0.000 0.005 0.995 0.992 0.999 0.000 0.996 0.996 0.009 0.398 0.000 0.000 0.000
0.001 0.000 0.000 0.000 0.994 0.994 1.000 0.987 0.996 0.000 0.998 0.958 0.000 0.001 0.000 0.000
0.000 0.000 0.033 0.953 0.999 1.000 0.939 0.061 0.996 0.998 0.000 0.998 0.970 0.002 0.000 0.000
0.000 0.009 0.973 0.994 1.000 0.968 0.000 0.000 0.009 0.958 0.998 0.000 0.989 0.839 0.000 0.000
0.000 0.918 0.985 0.999 0.971 0.875 0.000 0.000 0.398 0.000 0.970 0.989 0.000 0.962 0.969 0.001
0.982 1.000 0.997 0.913 0.000 0.000 0.000 0.000 0.000 0.001 0.002 0.839 0.962 0.000 1.000 0.985
0.936 0.991 0.937 0.940 0.000 0.003 0.000 0.000 0.000 0.000 0.000 0.000 0.969 1.000 0.000 0.972
0.978 0.869 0.000 0.000 0.000 0.000 0.002 0.002 0.000 0.000 0.000 0.000 0.001 0.985 0.972 0.000
