0.000 0.999 0.936 0.003 0.000 0.000 0.001 0.059 0.000 0.000 0.001 0.330 0.291 0.029 0.001 0.017 0.000 0.000 0.001 0.000 0.000 0.000 0.000 0.000 0.000 0.000 0.000 0.000 0.003 0.000 0.741 0.372 0.351 0.592
0.999 0.000 0.998 0.977 0.004 0.998 0.973 0.991 0.000 0.000 0.000 0.015 0.008 0.000 0.000 0.000 0.002 0.000 0.978 0.155 0.000 0.000 0.000 0.000 0.000 0.000 0.000 0.000 0.000 0.000 0.913 0.964 0.489 0.651
0.936 0.998 0.000 0.997 0.989 0.994 0.000 0.001 0.000 0.000 0.000 0.081 0.089 0.000 0.000 0.000 0.000 0.000 0.009 0.000 0.375 0.000 0.000 0.000 0.000 0.000 0.000 0.000 0.000 0.000 0.313 0.985 0.948 0.977
0.003 0.977 0.997 0.000 0.990 0.985 0.000 0.000 0.000 0.000 0.000 0.117 0.008 0.002 0.000 0.001 0.000 0.000 0.000 0.000 0.853 0.002 0.780 0.011 0.000 0.000 0.000 0.000 0.000 0.000 0.000 0.000 0.002 0.916
0.000 0.004 0.989 0.990 0.000 1.000 0.982 0.000 0.000 0.000 0.000 0.000 0.000 0.000 0.000 0.000 0.000 0.000 0.000 0.944 0.979 0.987 0.986 0.219 0.000 0.000 0.000 0.000 0.000 0.000 0.000 0.000 0.000 0.001
0.000 0.998 0.994 0.985 1.000 0.000 1.000 0.932 0.000 0.000 0.000 0.000 0.000 0.000 0.000 0.000 0.000 0.015 0.996 0.992 1.000 0.982 0.222 0.623 0.000 0.995 0.983 0.987 0.000 0.012 0.000 0.992 0.076 0.075
0.001 0.973 0.000 0.000 0.982 1.000 0.000 0.990 0.995 0.000 0.000 0.000 0.000 0.000 0.000 0.000 0.000 0.895 0.953 0.998 0.975 0.988 0.000 0.000 0.005 0.000 0.000 0.000 0.000 0.000 0.000 0.159 0.000 0.000
0.059 0.991 0.001 0.000 0.000 0.932 0.990 0.000 0.998 0.971 0.000 0.000 0.000 0.000 0.000 0.000 0.920 0.978 0.986 0.957 0.000 0.000 0.000 0.000 0.000 0.000 0.000 0.000 0.000 0.000 0.581 0.069 0.000 0.000
0.000 0.000 0.000 0.000 0.000 0.000 0.995 0.998 0.000 0.994 0.886 0.111 0.000 0.000 0.000 0.793 0.907 0.999 0.971 0.992 0.001 0.706 0.000 0.000 0.048 0.000 0.162 0.000 0.000 0.000 0.000 0.000 0.000 0.000
0.000 0.000 0.000 0.000 0.000 0.000 0.000 0.971 0.994 0.000 0.991 0.911 0.015 0.138 0.909 0.941 0.986 0.964 0.000 0.000 0.000 0.000 0.000 0.000 0.000 0.000 0.000 0.000 0.039 0.000 0.000 0.000 0.000 0.001
0.001 0.000 0.000 0.000 0.000 0.000 0.000 0.000 0.886 0.991 0.000 0.971 0.830 0.950 0.945 0.993 0.943 0.977 0.000 0.000 0.000 0.000 0.000 0.000 0.000 0.000 0.000 0.000 0.851 0.000 0.000 0.000 0.010 0.079
0.330 0.015 0.081 0.117 0.000 0.000 0.000 0.000 0.111 0.911 0.971 0.000 0.973 0.857 0.847 0.067 0.000 0.641 0.000 0.000 0.000 0.000 0.000 0.000 0.000 0.000 0.000 0.000 0.001 0.000 0.006 0.000 0.049 0.536
0.291 0.008 0.089 0.008 0.000 0.000 0.000 0.000 0.000 0.015 0.830 0.973 0.000 0.953 0.816 0.033 0.000 0.000 0.000 0.000 0.000 0.000 0.000 0.000 0.000 0.000 0.000 0.000 0.025 0.000 0.050 0.013 0.500 0.570
0.029 0.000 0.000 0.002 0.000 0.000 0.000 0.000 0.000 0.138 0.950 0.857 0.953 0.000 0.987 0.944 0.000 0.001 0.000 0.000 0.000 0.000 0.000 0.000 0.000 0.000 0.000 0.000 0.393 0.000 0.000 0.000 0.111 0.073
0.001 0.000 0.000 0.000 0.000 0.000 0.000 0.000 0.000 0.909 0.945 0.847 0.816 0.987 0.000 0.965 0.929 0.000 0.000 0.000 0.000 0.000 0.000 0.000 0.000 0.000 0.000 0.000 0.000 0.000 0.000 0.000 0.000 0.000
0.017 0.000 0.000 0.001 0.000 0.000 0.000 0.000 0.793 0.941 0.993 0.067 0.033 0.944 0.965 0.000 0.994 0.929 0.003 0.000 0.000 0.000 0.000 0.000 0.000 0.000 0.000 0.000 0.826 0.073 0.000 0.000 0.001 0.000
0.000 0.002 0.000 0.000 0.000 0.000 0.000 0.920 0.907 0.986 0.943 0.000 0.000 0.000 0.929 0.994 0.000 0.980 0.981 0.000 0.000 0.000 0.000 0.000 0.000 0.000 0.000 0.045 0.908 0.010 0.245 0.000 0.000 0.000
0.000 0.000 0.000 0.000 0.000 0.015 0.895 0.978 0.999 0.964 0.977 0.641 0.000 0.001 0.000 0.929 0.980 0.000 1.000 0.998 0.001 0.000 0.000 0.000 0.000 0.039 0.987 0.963 0.941 0.214 0.000 0.000 0.000 0.000
0.001 0.978 0.009 0.000 0.000 0.996 0.953 0.986 0.971 0.000 0.000 0.000 0.000 0.000 0.000 0.003 0.981 1.000 0.000 0.992 0.931 0.000 0.000 0.000 0.000 0.962 0.987 0.984 0.943 0.937 0.999 0.990 0.000 0.000
0.000 0.155 0.000 0.000 0.944 0.992 0.998 0.957 0.992 0.000 0.000 0.000 0.000 0.000 0.000 0.000 0.000 0.998 0.992 0.000 0.993 0.996 0.046 0.000 0.994 0.971 0.983 0.926 0.000 0.000 0.000 0.170 0.000 0.000
0.000 0.000 0.375 0.853 0.979 1.000 0.975 0.000 0.001 0.000 0.000 0.000 0.000 0.000 0.000 0.000 0.000 0.001 0.931 0.993 0.000 0.995 0.981 0.999 1.000 0.987 0.919 0.092 0.000 0.000 0.000 0.056 0.000 0.006
0.000 0.000 0.000 0.002 0.987 0.982 0.988 0.000 0.706 0.000 0.000 0.000 0.000 0.000 0.000 0.000 0.000 0.000 0.000 0.996 0.995 0.000 0.992 0.940 0.974 0.360 0.000 0.000 0.000 0.000 0.000 0.000 0.000 0.000
0.000 0.000 0.000 0.780 0.986 0.222 0.000 0.000 0.000 0.000 0.000 0.000 0.000 0.000 0.000 0.000 0.000 0.000 0.000 0.046 0.981 0.992 0.000 0.994 0.993 0.147 0.000 0.000 0.000 0.000 0.000 0.000 0.000 0.000
0.000 0.000 0.000 0.011 0.219 0.623 0.000 0.000 0.000 0.000 0.000 0.000 0.000 0.000 0.000 0.000 0.000 0.000 0.000 0.000 0.999 0.940 0.994 0.000 1.000 0.996 0.003 0.000 0.000 0.000 0.000 0.000 0.000 0.001
0.000 0.000 0.000 0.000 0.000 0.000 0.005 0.000 0.048 0.000 0.000 0.000 0.000 0.000 0.000 0.000 0.000 0.000 0.000 0.994 1.000 0.974 0.993 1.000 0.000 0.997 0.945 0.000 0.000 0.000 0.000 0.000 0.000 0.000
0.000 0.000 0.000 0.000 0.000 0.995 0.000 0.000 0.000 0.000 0.000 0.000 0.000 0.000 0.000 0.000 0.000 0.039 0.962 0.971 0.987 0.360 0.147 0.996 0.997 0.000 1.000 0.984 0.005 0.000 0.000 0.000 0.000 0.000
0.000 0.000 0.000 0.000 0.000 0.983 0.000 0.000 0.162 0.000 0.000 0.000 0.000 0.000 0.000 0.000 0.000 0.987 0.987 0.983 0.919 0.000 0.000 0.003 0.945 1.000 0.000 0.998 0.867 0.000 0.000 0.000 0.000 0.000
0.000 0.000 0.000 0.000 0.000 0.987 0.000 0.000 0.000 0.000 0.000 0.000 0.000 0.000 0.000 0.000 0.045 0.963 0.984 0.926 0.092 0.000 0.000 0.000 0.000 0.984 0.998 0.000 0.966 0.969 0.948 0.985 0.585 0.000
0.003 0.000 0.000 0.000 0.000 0.000 0.000 0.000 0.000 0.039 0.851 0.001 0.025 0.393 0.000 0.826 0.908 0.941 0.943 0.000 0.000 0.000 0.000 0.000 0.000 0.005 0.867 0.966 0.000 1.000 0.959 0.012 0.002 0.000
0.000 0.000 0.000 0.000 0.000 0.012 0.000 0.000 0.000 0.000 0.000 0.000 0.000 0.000 0.000 0.073 0.010 0.214 0.937 0.000 0.000 0.000 0.000 0.000 0.000 0.000 0.000 0.969 1.000 0.000 0.990 0.872 0.383 0.000
0.741 0.913 0.313 0.000 0.000 0.000 0.000 0.581 0.000 0.000 0.000 0.006 0.050 0.000 0.000 0.000 0.245 0.000 0.999 0.000 0.000 0.000 0.000 0.000 0.000 0.000 0.000 0.948 0.959 0.990 0.000 0.962 0.973 0.113
0.372 0.964 0.985 0.000 0.000 0.992 0.159 0.069 0.000 0.000 0.000 0.000 0.013 0.000 0.000 0.000 0.000 0.000 0.990 0.170 0.056 0.000 0.000 0.000 0.000 0.000 0.000 0.985 0.012 0.872 0.962 0.000 0.993 0.888
0.351 0.489 0.948 0.002 0.000 0.076 0.000 0.000 0.000 0.000 0.010 0.049 0.500 0.111 0.000 0.001 0.000 0.000 0.000 0.000 0.000 0.000 0.000 0.000 0.000 0.000 0.000 0.585 0.002 0.383 0.973 0.993 0.000 0.989
0.592 0.651 0.977 0.916 0.001 0.075 0.000 0.000 0.000 0.001 0.079 0.536 0.570 0.073 0.000 0.000 0.000 0.000 0.000 0.000 0.006 0.000 0.000 0.001 0.000 0.000 0.000 0.000 0.000 0.000 0.113 0.888 0.989 0.000
