0.000 0.996 0.990 0.022 0.000 0.001 0.000 0.000 0.000 0.000 0.000 0.000 0.002 0.000 0.000 0.000 0.000 0.000 0.000 0.001 0.000 0.000 0.000 0.000 0.000 0.000 0.000 0.003 0.008 0.000 0.000 0.007 0.109
0.996 0.000 1.000 0.994 0.023 0.656 0.339 0.149 0.000 0.000 0.000 0.000 0.000 0.000 0.000 0.000 0.000 0.008 0.064 0.008 0.043 0.018 0.000 0.010 0.000 0.000 0.000 0.000 0.000 0.036 0.004 0.000 0.142
0.990 1.000 0.000 0.998 0.992 0.691 0.077 0.263 0.049 0.000 0.000 0.000 0.000 0.000 0.000 0.000 0.000 0.087 0.496 0.482 0.426 0.212 0.006 0.000 0.000 0.000 0.000 0.000 0.000 0.000 0.167 0.019 0.266
0.022 0.994 0.998 0.000 0.998 1.000 0.286 0.652 0.079 0.000 0.000 0.000 0.000 0.000 0.000 0.000 0.001 0.014 0.930 0.564 0.626 0.333 0.029 0.002 0.000 0.000 0.000 0.000 0.000 0.000 0.000 0.000 0.027
0.000 0.023 0.992 0.998 0.000 1.000 0.995 0.998 0.002 0.000 0.000 0.000 0.000 0.000 0.000 0.000 0.919 0.969 0.999 0.620 0.479 0.000 0.000 0.000 0.000 0.013 0.000 0.000 0.000 0.000 0.033 0.000 0.000
0.001 0.656 0.691 1.000 1.000 0.000 0.999 0.996 0.000 0.000 0.000 0.000 0.000 0.000 0.000 0.001 0.893 1.000 0.997 0.575 0.060 0.001 0.021 0.000 0.002 0.000 0.047 0.000 0.011 0.976 0.978 0.371 0.727
0.000 0.339 0.077 0.286 0.995 0.999 0.000 1.000 0.989 0.000 0.000 0.000 0.000 0.000 0.006 0.997 1.000 0.995 0.913 0.000 0.000 0.000 0.000 0.000 0.000 0.001 0.000 0.000 0.000 0.104 0.006 0.000 0.000
0.000 0.149 0.263 0.652 0.998 0.996 1.000 0.000 0.984 0.914 0.010 0.000 0.000 0.000 0.910 0.999 1.000 0.989 0.970 0.004 0.307 0.000 0.000 0.037 0.010 0.650 0.037 0.002 0.000 0.000 0.000 0.000 0.000
0.000 0.000 0.049 0.079 0.002 0.000 0.989 0.984 0.000 0.999 0.979 0.071 0.214 0.962 0.994 1.000 0.990 0.000 0.000 0.000 0.000 0.000 0.000 0.000 0.000 0.002 0.000 0.073 0.000 0.000 0.000 0.002 0.000
0.000 0.000 0.000 0.000 0.000 0.000 0.000 0.914 0.999 0.000 0.999 0.925 0.944 0.981 1.000 0.985 0.956 0.000 0.000 0.000 0.000 0.000 0.000 0.000 0.000 0.007 0.000 0.314 0.000 0.000 0.000 0.000 0.000
0.000 0.000 0.000 0.000 0.000 0.000 0.000 0.010 0.979 0.999 0.000 0.985 0.989 0.983 0.100 0.000 0.598 0.000 0.000 0.000 0.000 0.029 0.000 0.003 0.000 0.002 0.000 0.048 0.000 0.000 0.000 0.000 0.000
0.000 0.000 0.000 0.000 0.000 0.000 0.000 0.000 0.071 0.925 0.985 0.000 0.999 0.979 0.041 0.000 0.020 0.000 0.000 0.000 0.007 0.117 0.002 0.017 0.000 0.000 0.000 0.003 0.000 0.000 0.000 0.000 0.011
0.002 0.000 0.000 0.000 0.000 0.000 0.000 0.000 0.214 0.944 0.989 0.999 0.000 0.981 0.989 0.004 0.317 0.000 0.000 0.000 0.000 0.078 0.000 0.008 0.000 0.000 0.000 0.256 0.000 0.000 0.000 0.001 0.009
0.000 0.000 0.000 0.000 0.000 0.000 0.000 0.000 0.962 0.981 0.983 0.979 0.981 0.000 0.990 0.921 0.042 0.000 0.000 0.000 0.000 0.011 0.000 0.001 0.000 0.000 0.000 0.003 0.000 0.000 0.000 0.000 0.000
0.000 0.000 0.000 0.000 0.000 0.000 0.006 0.910 0.994 1.000 0.100 0.041 0.989 0.990 0.000 0.997 0.954 0.000 0.000 0.000 0.000 0.000 0.000 0.000 0.000 0.000 0.000 0.728 0.000 0.000 0.000 0.000 0.000
0.000 0.000 0.000 0.000 0.000 0.001 0.997 0.999 1.000 0.985 0.000 0.000 0.004 0.921 0.997 0.000 1.000 0.981 0.000 0.000 0.000 0.000 0.000 0.000 0.000 0.000 0.271 0.947 0.037 0.074 0.000 0.000 0.000
0.000 0.000 0.000 0.001 0.919 0.893 1.000 1.000 0.990 0.956 0.598 0.020 0.317 0.042 0.954 1.000 0.000 0.997 0.993 0.000 0.000 0.000 0.000 0.000 0.010 0.984 0.962 0.984 0.293 0.001 0.000 0.000 0.000
0.000 0.008 0.087 0.014 0.969 1.000 0.995 0.989 0.000 0.000 0.000 0.000 0.000 0.000 0.000 0.981 0.997 0.000 1.000 0.994 0.000 0.000 0.035 0.000 0.962 0.994 0.992 0.962 0.943 0.993 0.973 0.000 0.028
0.000 0.064 0.496 0.930 0.999 0.997 0.913 0.970 0.000 0.000 0.000 0.000 0.000 0.000 0.000 0.000 0.993 1.000 0.000 1.000 1.000 0.005 0.100 0.990 0.986 0.998 0.985 0.000 0.001 0.005 0.495 0.000 0.124
0.001 0.008 0.482 0.564 0.620 0.575 0.000 0.004 0.000 0.000 0.000 0.000 0.000 0.000 0.000 0.000 0.000 0.994 1.000 0.000 1.000 1.000 0.993 0.994 0.993 0.926 0.263 0.000 0.000 0.000 0.623 0.138 0.376
0.000 0.043 0.426 0.626 0.479 0.060 0.000 0.307 0.000 0.000 0.000 0.007 0.000 0.000 0.000 0.000 0.000 0.000 1.000 1.000 0.000 0.999 0.986 0.992 0.567 0.000 0.000 0.000 0.000 0.000 0.005 0.000 0.115
0.000 0.018 0.212 0.333 0.000 0.001 0.000 0.000 0.000 0.000 0.029 0.117 0.078 0.011 0.000 0.000 0.000 0.000 0.005 1.000 0.999 0.000 1.000 1.000 0.128 0.000 0.000 0.000 0.000 0.000 0.020 0.017 0.246
0.000 0.000 0.006 0.029 0.000 0.021 0.000 0.000 0.000 0.000 0.000 0.002 0.000 0.000 0.000 0.000 0.000 0.035 0.100 0.993 0.986 1.000 0.000 1.000 1.000 0.028 0.255 0.000 0.000 0.000 0.204 0.072 0.155
0.000 0.010 0.000 0.002 0.000 0.000 0.000 0.037 0.000 0.000 0.003 0.017 0.008 0.001 0.000 0.000 0.000 0.000 0.990 0.994 0.992 1.000 1.000 0.000 1.000 0.997 0.000 0.000 0.000 0.000 0.000 0.000 0.000
0.000 0.000 0.000 0.000 0.000 0.002 0.000 0.010 0.000 0.000 0.000 0.000 0.000 0.000 0.000 0.000 0.010 0.962 0.986 0.993 0.567 0.128 1.000 1.000 0.000 1.000 1.000 0.012 0.000 0.000 0.087 0.000 0.012
0.000 0.000 0.000 0.000 0.013 0.000 0.001 0.650 0.002 0.007 0.002 0.000 0.000 0.000 0.000 0.000 0.984 0.994 0.998 0.926 0.000 0.000 0.028 0.997 1.000 0.000 1.000 0.986 0.000 0.000 0.002 0.000 0.000
0.000 0.000 0.000 0.000 0.000 0.047 0.000 0.037 0.000 0.000 0.000 0.000 0.000 0.000 0.000 0.271 0.962 0.992 0.985 0.263 0.000 0.000 0.255 0.000 1.000 1.000 0.000 0.990 0.991 0.827 0.957 0.043 0.005
0.003 0.000 0.000 0.000 0.000 0.000 0.000 0.002 0.073 0.314 0.048 0.003 0.256 0.003 0.728 0.947 0.984 0.962 0.000 0.000 0.000 0.000 0.000 0.000 0.012 0.986 0.990 0.000 0.997 0.918 0.010 0.001 0.000
0.008 0.000 0.000 0.000 0.000 0.011 0.000 0.000 0.000 0.000 0.000 0.000 0.000 0.000 0.000 0.037 0.293 0.943 0.001 0.000 0.000 0.000 0.000 0.000 0.000 0.000 0.991 0.997 0.000 0.995 0.991 0.228 0.000
0.000 0.036 0.000 0.000 0.000 0.976 0.104 0.000 0.000 0.000 0.000 0.000 0.000 0.000 0.000 0.074 0.001 0.993 0.005 0.000 0.000 0.000 0.000 0.000 0.000 0.000 0.827 0.918 0.995 0.000 1.000 0.965 0.508
0.000 0.004 0.167 0.000 0.033 0.978 0.006 0.000 0.000 0.000 0.000 0.000 0.000 0.000 0.000 0.000 0.000 0.973 0.495 0.623 0.005 0.020 0.204 0.000 0.087 0.002 0.957 0.010 0.991 1.000 0.000 0.963 0.959
0.007 0.000 0.019 0.000 0.000 0.371 0.000 0.000 0.002 0.000 0.000 0.000 0.001 0.000 0.000 0.000 0.000 0.000 0.000 0.138 0.000 0.017 0.072 0.000 0.000 0.000 0.043 0.001 0.228 0.965 0.963 0.000 0.988
0.109 0.142 0.266 0.027 0.000 0.727 0.000 0.000 0.000 0.000 0.000 0.011 0.009 0.000 0.000 0.000 0.000 0.028 0.124 0.376 0.115 0.246 0.155 0.000 0.012 0.000 0.005 0.000 0.000 0.508 0.959 0.988 0.000
