0.000 0.987 0.953 0.001 0.000 0.000 0.001 0.000 0.000 0.000 0.016 0.015 0.001 0.000 0.000 0.000 0.000 0.000 0.000 0.000 0.000 0.000 0.000 0.000 0.000 0.000 0.000 0.000 0.000 0.465 0.613 0.753 0.937
0.987 0.000 0.992 0.949 0.008 0.994 0.980 0.000 0.000 0.000 0.000 0.000 0.000 0.000 0.000 0.280 0.000 0.703 0.000 0.000 0.000 0.000 0.000 0.000 0.000 0.000 0.000 0.000 0.000 0.948 0.968 0.874 0.903
0.953 0.992 0.000 0.996 0.928 0.976 0.049 0.000 0.000 0.000 0.000 0.000 0.000 0.000 0.000 0.000 0.000 0.013 0.000 0.703 0.000 0.003 0.000 0.000 0.000 0.000 0.000 0.000 0.000 0.042 0.980 0.960 0.964
0.001 0.949 0.996 0.000 0.991 0.982 0.000 0.001 0.000 0.000 0.000 0.000 0.000 0.000 0.000 0.000 0.000 0.000 0.000 0.905 0.009 0.958 0.137 0.000 0.000 0.000 0.000 0.000 0.000 0.000 0.000 0.000 0.835
0.000 0.008 0.928 0.991 0.000 0.979 0.958 0.405 0.000 0.000 0.000 0.000 0.000 0.000 0.000 0.000 0.000 0.000 0.911 0.963 0.987 0.989 0.680 0.000 0.000 0.000 0.000 0.000 0.000 0.000 0.000 0.000 0.000
0.000 0.994 0.976 0.982 0.979 0.000 1.000 0.988 0.000 0.000 0.000 0.000 0.000 0.000 0.000 0.000 0.592 1.000 0.998 0.999 0.911 0.283 0.710 0.000 0.969 0.985 1.000 0.000 0.019 0.012 1.000 0.040 0.005
0.001 0.980 0.049 0.000 0.958 1.000 0.000 1.000 0.992 0.001 0.000 0.000 0.000 0.000 0.009 0.998 0.998 0.997 0.936 0.843 0.458 0.000 0.000 0.000 0.000 0.000 0.029 0.000 0.003 0.551 0.881 0.000 0.000
0.000 0.000 0.000 0.001 0.405 0.988 1.000 0.000 0.989 0.897 0.206 0.004 0.000 0.000 0.838 0.982 1.000 0.964 0.992 0.670 0.926 0.014 0.000 0.265 0.000 0.003 0.000 0.000 0.000 0.000 0.000 0.001 0.000
0.000 0.000 0.000 0.000 0.000 0.000 0.992 0.989 0.000 0.999 0.941 0.169 0.284 0.873 0.989 0.988 0.981 0.000 0.000 0.000 0.016 0.000 0.000 0.000 0.000 0.000 0.000 0.000 0.000 0.002 0.000 0.000 0.000
0.000 0.000 0.000 0.000 0.000 0.000 0.001 0.897 0.999 0.000 0.987 0.926 0.799 0.772 0.977 0.950 0.912 0.000 0.000 0.000 0.000 0.000 0.000 0.000 0.000 0.000 0.000 0.000 0.000 0.000 0.000 0.000 0.000
0.016 0.000 0.000 0.000 0.000 0.000 0.000 0.206 0.941 0.987 0.000 0.982 0.949 0.740 0.243 0.000 0.594 0.000 0.000 0.000 0.000 0.000 0.000 0.000 0.000 0.000 0.000 0.000 0.000 0.000 0.000 0.079 0.059
0.015 0.000 0.000 0.000 0.000 0.000 0.000 0.004 0.169 0.926 0.982 0.000 0.980 0.945 0.200 0.013 0.000 0.000 0.000 0.000 0.000 0.000 0.000 0.000 0.000 0.000 0.000 0.000 0.000 0.001 0.000 0.053 0.023
0.001 0.000 0.000 0.000 0.000 0.000 0.000 0.000 0.284 0.799 0.949 0.980 0.000 0.998 0.977 0.051 0.091 0.000 0.000 0.000 0.000 0.000 0.000 0.000 0.000 0.000 0.000 0.000 0.000 0.000 0.000 0.015 0.000
0.000 0.000 0.000 0.000 0.000 0.000 0.000 0.000 0.873 0.772 0.740 0.945 0.998 0.000 0.984 0.878 0.001 0.000 0.000 0.000 0.000 0.000 0.000 0.000 0.000 0.000 0.000 0.000 0.000 0.000 0.000 0.000 0.000
0.000 0.000 0.000 0.000 0.000 0.000 0.009 0.838 0.989 0.977 0.243 0.200 0.977 0.984 0.000 0.997 0.852 0.000 0.000 0.000 0.000 0.000 0.000 0.000 0.000 0.000 0.000 0.000 0.000 0.000 0.000 0.000 0.000
0.000 0.280 0.000 0.000 0.000 0.000 0.998 0.982 0.988 0.950 0.000 0.013 0.051 0.878 0.997 0.000 0.991 0.989 0.027 0.000 0.000 0.000 0.000 0.000 0.000 0.000 0.000 0.001 0.000 0.458 0.004 0.000 0.000
0.000 0.000 0.000 0.000 0.000 0.592 0.998 1.000 0.981 0.912 0.594 0.000 0.091 0.001 0.852 0.991 0.000 1.000 1.000 0.000 0.001 0.000 0.000 0.000 0.000 0.866 0.206 0.011 0.000 0.000 0.000 0.000 0.000
0.000 0.703 0.013 0.000 0.000 1.000 0.997 0.964 0.000 0.000 0.000 0.000 0.000 0.000 0.000 0.989 1.000 0.000 0.993 0.953 0.000 0.000 0.000 0.000 0.905 0.942 0.992 0.968 0.980 0.998 0.992 0.000 0.000
0.000 0.000 0.000 0.000 0.911 0.998 0.936 0.992 0.000 0.000 0.000 0.000 0.000 0.000 0.000 0.027 1.000 0.993 0.000 1.000 0.994 0.062 0.005 0.994 0.986 0.996 0.964 0.000 0.000 0.000 0.036 0.000 0.000
0.000 0.000 0.703 0.905 0.963 0.999 0.843 0.670 0.000 0.000 0.000 0.000 0.000 0.000 0.000 0.000 0.000 0.953 1.000 0.000 0.997 0.994 0.991 0.973 0.986 0.960 0.086 0.000 0.000 0.000 0.151 0.000 0.000
0.000 0.000 0.000 0.009 0.987 0.911 0.458 0.926 0.016 0.000 0.000 0.000 0.000 0.000 0.000 0.000 0.001 0.000 0.994 0.997 0.000 0.997 0.945 0.951 0.374 0.000 0.000 0.000 0.000 0.000 0.000 0.000 0.000
0.000 0.000 0.003 0.958 0.989 0.283 0.000 0.014 0.000 0.000 0.000 0.000 0.000 0.000 0.000 0.000 0.000 0.000 0.062 0.994 0.997 0.000 0.995 0.986 0.109 0.000 0.000 0.000 0.000 0.000 0.000 0.000 0.000
0.000 0.000 0.000 0.137 0.680 0.710 0.000 0.000 0.000 0.000 0.000 0.000 0.000 0.000 0.000 0.000 0.000 0.000 0.005 0.991 0.945 0.995 0.000 0.994 0.998 0.012 0.000 0.000 0.000 0.000 0.000 0.000 0.000
0.000 0.000 0.000 0.000 0.000 0.000 0.000 0.265 0.000 0.000 0.000 0.000 0.000 0.000 0.000 0.000 0.000 0.000 0.994 0.973 0.951 0.986 0.994 0.000 0.973 0.920 0.000 0.000 0.000 0.000 0.000 0.010 0.001
0.000 0.000 0.000 0.000 0.000 0.969 0.000 0.000 0.000 0.000 0.000 0.000 0.000 0.000 0.000 0.000 0.000 0.905 0.986 0.986 0.374 0.109 0.998 0.973 0.000 1.000 0.969 0.000 0.000 0.000 0.000 0.000 0.000
0.000 0.000 0.000 0.000 0.000 0.985 0.000 0.003 0.000 0.000 0.000 0.000 0.000 0.000 0.000 0.000 0.866 0.942 0.996 0.960 0.000 0.000 0.012 0.920 1.000 0.000 0.994 0.971 0.000 0.000 0.000 0.000 0.000
0.000 0.000 0.000 0.000 0.000 1.000 0.029 0.000 0.000 0.000 0.000 0.000 0.000 0.000 0.000 0.000 0.206 0.992 0.964 0.086 0.000 0.000 0.000 0.000 0.969 0.994 0.000 1.000 1.000 0.915 0.967 0.005 0.000
0.000 0.000 0.000 0.000 0.000 0.000 0.000 0.000 0.000 0.000 0.000 0.000 0.000 0.000 0.000 0.001 0.011 0.968 0.000 0.000 0.000 0.000 0.000 0.000 0.000 0.971 1.000 0.000 1.000 0.949 0.003 0.001 0.000
0.000 0.000 0.000 0.000 0.000 0.019 0.003 0.000 0.000 0.000 0.000 0.000 0.000 0.000 0.000 0.000 0.000 0.980 0.000 0.000 0.000 0.000 0.000 0.000 0.000 0.000 1.000 1.000 0.000 0.984 0.985 0.110 0.000
0.465 0.948 0.042 0.000 0.000 0.012 0.551 0.000 0.002 0.000 0.000 0.001 0.000 0.000 0.000 0.458 0.000 0.998 0.000 0.000 0.000 0.000 0.000 0.000 0.000 0.000 0.915 0.949 0.984 0.000 1.000 0.965 0.061
0.613 0.968 0.980 0.000 0.000 1.000 0.881 0.000 0.000 0.000 0.000 0.000 0.000 0.000 0.000 0.004 0.000 0.992 0.036 0.151 0.000 0.000 0.000 0.000 0.000 0.000 0.967 0.003 0.985 1.000 0.000 0.980 0.880
0.753 0.874 0.960 0.000 0.000 0.040 0.000 0.001 0.000 0.000 0.079 0.053 0.015 0.000 0.000 0.000 0.000 0.000 0.000 0.000 0.000 0.000 0.000 0.010 0.000 0.000 0.005 0.001 0.110 0.965 0.980 0.000 0.989
0.937 0.903 0.964 0.835 0.000 0.005 0.000 0.000 0.000 0.000 0.059 0.023 0.000 0.000 0.000 0.000 0.000 0.000 0.000 0.000 0.000 0.000 0.000 0.001 0.000 0.000 0.000 0.000 0.000 0.061 0.880 0.989 0.000
