0.000 1.000 1.000 0.005 0.000 0.000 0.000 0.060 0.000 0.000 0.000 0.000 0.000 0.000 0.000 0.000 0.000 0.000 0.003 0.000 0.000 0.000 0.000 0.000 0.000 0.000 0.000 0.000 0.000 0.000 0.690 0.497 0.459 0.740
1.000 0.000 1.000 1.000 0.003 1.000 0.975 0.994 0.000 0.000 0.000 0.000 0.000 0.000 0.000 0.000 0.000 0.000 0.999 0.152 0.000 0.003 0.000 0.000 0.000 0.000 0.000 0.000 0.000 0.000 0.977 0.994 0.564 0.772
1.000 1.000 0.000 1.000 1.000 1.000 0.000 0.000 0.000 0.000 0.000 0.000 0.000 0.000 0.000 0.000 0.000 0.000 0.014 0.000 0.287 0.000 0.017 0.000 0.000 0.000 0.000 0.000 0.000 0.000 0.340 1.000 0.981 0.989
0.005 1.000 1.000 0.000 1.000 1.000 0.000 0.000 0.000 0.000 0.000 0.004 0.016 0.006 0.000 0.001 0.000 0.000 0.000 0.000 0.829 0.010 0.738 0.002 0.000 0.000 0.000 0.000 0.000 0.000 0.000 0.000 0.006 0.940
0.000 0.003 1.000 1.000 0.000 1.000 1.000 0.000 0.000 0.000 0.000 0.000 0.000 0.000 0.000 0.000 0.000 0.000 0.000 1.000 1.000 1.000 1.000 0.045 0.000 0.000 0.000 0.000 0.000 0.000 0.000 0.000 0.000 0.000
0.000 1.000 1.000 1.000 1.000 0.000 1.000 1.000 0.000 0.000 0.000 0.000 0.000 0.000 0.000 0.000 0.000 0.005 1.000 1.000 1.000 0.999 0.176 0.436 0.000 0.937 0.941 1.000 0.000 0.118 0.019 1.000 0.104 0.060
0.000 0.975 0.000 0.000 1.000 1.000 0.000 1.000 1.000 0.000 0.000 0.000 0.000 0.000 0.000 0.000 0.000 1.000 1.000 1.000 1.000 1.000 0.000 0.000 0.000 0.000 0.000 0.000 0.000 0.000 0.000 0.192 0.000 0.000
0.060 0.994 0.000 0.000 0.000 1.000 1.000 0.000 1.000 1.000 0.000 0.000 0.000 0.000 0.000 0.000 1.000 1.000 1.000 1.000 0.000 0.001 0.000 0.000 0.000 0.000 0.000 0.000 0.000 0.000 0.673 0.137 0.000 0.000
0.000 0.000 0.000 0.000 0.000 0.000 1.000 1.000 0.000 1.000 0.999 0.000 0.000 0.000 0.000 0.999 1.000 1.000 1.000 1.000 0.000 0.966 0.000 0.000 0.010 0.000 0.790 0.000 0.000 0.000 0.000 0.000 0.000 0.000
0.000 0.000 0.000 0.000 0.000 0.000 0.000 1.000 1.000 0.000 1.000 0.991 0.007 0.073 0.975 1.000 1.000 1.000 0.000 0.000 0.000 0.000 0.000 0.000 0.000 0.000 0.000 0.000 0.101 0.000 0.000 0.000 0.000 0.000
0.000 0.000 0.000 0.000 0.000 0.000 0.000 0.000 0.999 1.000 0.000 0.996 0.985 0.989 0.992 1.000 1.000 0.999 0.000 0.000 0.000 0.000 0.000 0.000 0.000 0.000 0.012 0.000 0.994 0.000 0.000 0.000 0.000 0.000
0.000 0.000 0.000 0.004 0.000 0.000 0.000 0.000 0.000 0.991 0.996 0.000 0.997 0.988 0.994 0.076 0.000 0.893 0.000 0.000 0.000 0.000 0.000 0.000 0.000 0.000 0.000 0.000 0.000 0.000 0.000 0.000 0.000 0.000
0.000 0.000 0.000 0.016 0.000 0.000 0.000 0.000 0.000 0.007 0.985 0.997 0.000 0.992 0.977 0.068 0.000 0.000 0.000 0.000 0.000 0.000 0.001 0.000 0.000 0.000 0.000 0.000 0.007 0.000 0.000 0.000 0.000 0.000
0.000 0.000 0.000 0.006 0.000 0.000 0.000 0.000 0.000 0.073 0.989 0.988 0.992 0.000 0.988 0.993 0.000 0.001 0.000 0.000 0.000 0.000 0.002 0.000 0.000 0.000 0.001 0.000 0.801 0.000 0.000 0.000 0.000 0.000
0.000 0.000 0.000 0.000 0.000 0.000 0.000 0.000 0.000 0.975 0.992 0.994 0.977 0.988 0.000 0.998 0.979 0.000 0.000 0.000 0.000 0.000 0.000 0.000 0.000 0.000 0.000 0.000 0.002 0.000 0.000 0.000 0.000 0.000
0.000 0.000 0.000 0.001 0.000 0.000 0.000 0.000 0.999 1.000 1.000 0.076 0.068 0.993 0.998 0.000 1.000 1.000 0.002 0.000 0.000 0.000 0.000 0.000 0.000 0.000 0.000 0.000 1.000 0.117 0.000 0.000 0.000 0.000
0.000 0.000 0.000 0.000 0.000 0.000 0.000 1.000 1.000 1.000 1.000 0.000 0.000 0.000 0.979 1.000 0.000 1.000 1.000 0.000 0.000 0.000 0.000 0.000 0.000 0.000 0.000 0.211 1.000 0.016 0.368 0.000 0.000 0.000
0.000 0.000 0.000 0.000 0.000 0.005 1.000 1.000 1.000 1.000 0.999 0.893 0.000 0.001 0.000 1.000 1.000 0.000 1.000 1.000 0.002 0.000 0.000 0.000 0.003 0.024 1.000 1.000 1.000 0.368 0.000 0.000 0.000 0.000
0.003 0.999 0.014 0.000 0.000 1.000 1.000 1.000 1.000 0.000 0.000 0.000 0.000 0.000 0.000 0.002 1.000 1.000 0.000 1.000 1.000 0.000 0.000 0.000 0.000 1.000 1.000 1.000 1.000 1.000 1.000 0.990 0.000 0.000
0.000 0.152 0.000 0.000 1.000 1.000 1.000 1.000 1.000 0.000 0.000 0.000 0.000 0.000 0.000 0.000 0.000 1.000 1.000 0.000 1.000 1.000 0.006 0.001 1.000 1.000 1.000 1.000 0.000 0.000 0.000 0.130 0.000 0.000
0.000 0.000 0.287 0.829 1.000 1.000 1.000 0.000 0.000 0.000 0.000 0.000 0.000 0.000 0.000 0.000 0.000 0.002 1.000 1.000 0.000 1.000 1.000 0.998 0.990 1.000 0.979 0.154 0.000 0.000 0.000 0.096 0.004 0.003
0.000 0.003 0.000 0.010 1.000 0.999 1.000 0.001 0.966 0.000 0.000 0.000 0.000 0.000 0.000 0.000 0.000 0.000 0.000 1.000 1.000 0.000 1.000 0.998 1.000 0.233 0.000 0.000 0.000 0.000 0.000 0.000 0.000 0.000
0.000 0.000 0.017 0.738 1.000 0.176 0.000 0.000 0.000 0.000 0.000 0.000 0.001 0.002 0.000 0.000 0.000 0.000 0.000 0.006 1.000 1.000 0.000 1.000 1.000 0.071 0.000 0.000 0.000 0.000 0.000 0.000 0.000 0.000
0.000 0.000 0.000 0.002 0.045 0.436 0.000 0.000 0.000 0.000 0.000 0.000 0.000 0.000 0.000 0.000 0.000 0.000 0.000 0.001 0.998 0.998 1.000 0.000 0.999 1.000 0.057 0.010 0.000 0.000 0.000 0.000 0.000 0.000
0.000 0.000 0.000 0.000 0.000 0.000 0.000 0.000 0.010 0.000 0.000 0.000 0.000 0.000 0.000 0.000 0.000 0.003 0.000 1.000 0.990 1.000 1.000 0.999 0.000 1.000 0.986 0.000 0.000 0.000 0.000 0.000 0.000 0.000
0.000 0.000 0.000 0.000 0.000 0.937 0.000 0.000 0.000 0.000 0.000 0.000 0.000 0.000 0.000 0.000 0.000 0.024 1.000 1.000 1.000 0.233 0.071 1.000 1.000 0.000 1.000 1.000 0.000 0.000 0.000 0.000 0.000 0.000
0.000 0.000 0.000 0.000 0.000 0.941 0.000 0.000 0.790 0.000 0.012 0.000 0.000 0.001 0.000 0.000 0.000 1.000 1.000 1.000 0.979 0.000 0.000 0.057 0.986 1.000 0.000 1.000 1.000 0.000 0.000 0.000 0.000 0.000
0.000 0.000 0.000 0.000 0.000 1.000 0.000 0.000 0.000 0.000 0.000 0.000 0.000 0.000 0.000 0.000 0.211 1.000 1.000 1.000 0.154 0.000 0.000 0.010 0.000 1.000 1.000 0.000 1.000 1.000 0.815 0.980 0.027 0.000
0.000 0.000 0.000 0.000 0.000 0.000 0.000 0.000 0.000 0.101 0.994 0.000 0.007 0.801 0.002 1.000 1.000 1.000 1.000 0.000 0.000 0.000 0.000 0.000 0.000 0.000 1.000 1.000 0.000 1.000 1.000 0.012 0.000 0.000
0.000 0.000 0.000 0.000 0.000 0.118 0.000 0.000 0.000 0.000 0.000 0.000 0.000 0.000 0.000 0.117 0.016 0.368 1.000 0.000 0.000 0.000 0.000 0.000 0.000 0.000 0.000 1.000 1.000 0.000 1.000 1.000 0.392 0.000
0.690 0.977 0.340 0.000 0.000 0.019 0.000 0.673 0.000 0.000 0.000 0.000 0.000 0.000 0.000 0.000 0.368 0.000 1.000 0.000 0.000 0.000 0.000 0.000 0.000 0.000 0.000 0.815 1.000 1.000 0.000 1.000 1.000 0.171
0.497 0.994 1.000 0.000 0.000 1.000 0.192 0.137 0.000 0.000 0.000 0.000 0.000 0.000 0.000 0.000 0.000 0.000 0.990 0.130 0.096 0.000 0.000 0.000 0.000 0.000 0.000 0.980 0.012 1.000 1.000 0.000 1.000 0.996
0.459 0.564 0.981 0.006 0.000 0.104 0.000 0.000 0.000 0.000 0.000 0.000 0.000 0.000 0.000 0.000 0.000 0.000 0.000 0.000 0.004 0.000 0.000 0.000 0.000 0.000 0.000 0.027 0.000 0.392 1.000 1.000 0.000 1.000
0.740 0.772 0.989 0.940 0.000 0.060 0.000 0.000 0.000 0.000 0.000 0.000 0.000 0.000 0.000 0.000 0.000 0.000 0.000 0.000 0.003 0.000 0.000 0.000 0.000 0.000 0.000 0.000 0.000 0.000 0.171 0.996 1.000 0.000
