0.000 0.987 0.904 0.004 0.000 0.000 0.000 0.045 0.000 0.000 0.000 0.000 0.000 0.000 0.000 0.000 0.000 0.000 0.006 0.000 0.000 0.000 0.000 0.000 0.000 0.000 0.000 0.000 0.000 0.000 0.638 0.426 0.392 0.810
0.987 0.000 0.995 0.970 0.002 0.995 0.884 0.921 0.000 0.000 0.000 0.000 0.000 0.000 0.000 0.000 0.006 0.000 0.902 0.128 0.000 0.001 0.000 0.000 0.000 0.000 0.000 0.000 0.000 0.000 0.917 0.971 0.465 0.850
0.904 0.995 0.000 0.995 0.865 0.981 0.000 0.000 0.000 0.000 0.000 0.000 0.000 0.000 0.000 0.000 0.000 0.000 0.003 0.000 0.250 0.000 0.034 0.000 0.000 0.000 0.000 0.000 0.000 0.000 0.207 0.956 0.914 0.974
0.004 0.970 0.995 0.000 0.980 0.985 0.000 0.000 0.000 0.000 0.000 0.000 0.000 0.000 0.000 0.000 0.000 0.000 0.000 0.000 0.707 0.009 0.683 0.003 0.000 0.000 0.000 0.000 0.000 0.000 0.000 0.000 0.001 0.848
0.000 0.002 0.865 0.980 0.000 0.979 0.843 0.000 0.000 0.000 0.000 0.000 0.000 0.000 0.000 0.000 0.000 0.000 0.000 0.822 0.960 0.964 0.953 0.053 0.000 0.000 0.000 0.000 0.000 0.000 0.000 0.000 0.000 0.000
0.000 0.995 0.981 0.985 0.979 0.000 0.988 0.860 0.000 0.000 0.000 0.000 0.000 0.000 0.000 0.000 0.000 0.001 0.983 0.985 0.998 0.936 0.207 0.419 0.000 0.834 0.802 0.956 0.000 0.189 0.027 0.998 0.044 0.023
0.000 0.884 0.000 0.000 0.843 0.988 0.000 1.000 0.984 0.000 0.000 0.000 0.000 0.000 0.000 0.000 0.000 0.806 0.920 0.986 0.885 0.982 0.000 0.000 0.000 0.000 0.000 0.000 0.000 0.000 0.000 0.122 0.000 0.000
0.045 0.921 0.000 0.000 0.000 0.860 1.000 0.000 0.998 0.906 0.000 0.000 0.000 0.000 0.000 0.000 0.946 0.973 0.982 0.948 0.000 0.000 0.000 0.000 0.000 0.000 0.000 0.000 0.000 0.000 0.701 0.082 0.000 0.000
0.000 0.000 0.000 0.000 0.000 0.000 0.984 0.998 0.000 1.000 0.939 0.000 0.000 0.000 0.000 0.632 0.934 1.000 0.901 0.973 0.000 0.865 0.000 0.000 0.016 0.000 0.557 0.000 0.000 0.000 0.000 0.000 0.000 0.000
0.000 0.000 0.000 0.000 0.000 0.000 0.000 0.906 1.000 0.000 0.993 0.980 0.956 0.966 0.970 0.965 0.987 0.995 0.000 0.000 0.000 0.000 0.000 0.000 0.000 0.000 0.000 0.000 0.066 0.000 0.000 0.000 0.000 0.000
0.000 0.000 0.000 0.000 0.000 0.000 0.000 0.000 0.939 0.993 0.000 0.999 0.960 0.012 0.745 0.846 0.631 0.992 0.000 0.000 0.000 0.000 0.000 0.000 0.000 0.000 0.000 0.000 0.262 0.000 0.000 0.000 0.000 0.000
0.000 0.000 0.000 0.000 0.000 0.000 0.000 0.000 0.000 0.980 0.999 0.000 1.000 0.979 0.972 0.703 0.009 0.438 0.000 0.000 0.000 0.000 0.000 0.000 0.000 0.000 0.000 0.000 0.150 0.000 0.000 0.000 0.000 0.003
0.000 0.000 0.000 0.000 0.000 0.000 0.000 0.000 0.000 0.956 0.960 1.000 0.000 0.991 0.978 0.000 0.000 0.000 0.000 0.000 0.000 0.000 0.000 0.000 0.000 0.000 0.000 0.000 0.000 0.000 0.000 0.000 0.000 0.000
0.000 0.000 0.000 0.000 0.000 0.000 0.000 0.000 0.000 0.966 0.012 0.979 0.991 0.000 1.000 0.975 0.004 0.000 0.000 0.000 0.000 0.000 0.000 0.000 0.000 0.000 0.000 0.000 0.000 0.000 0.000 0.000 0.000 0.000
0.000 0.000 0.000 0.000 0.000 0.000 0.000 0.000 0.000 0.970 0.745 0.972 0.978 1.000 0.000 0.997 0.976 0.000 0.000 0.000 0.000 0.000 0.000 0.000 0.000 0.000 0.000 0.000 0.009 0.000 0.000 0.000 0.000 0.000
0.000 0.000 0.000 0.000 0.000 0.000 0.000 0.000 0.632 0.965 0.846 0.703 0.000 0.975 0.997 0.000 0.993 0.958 0.057 0.000 0.000 0.000 0.000 0.000 0.000 0.000 0.000 0.000 0.644 0.211 0.063 0.000 0.000 0.000
0.000 0.006 0.000 0.000 0.000 0.000 0.000 0.946 0.934 0.987 0.631 0.009 0.000 0.004 0.976 0.993 0.000 0.993 0.959 0.000 0.000 0.000 0.000 0.000 0.000 0.000 0.000 0.046 0.833 0.028 0.680 0.000 0.000 0.000
0.000 0.000 0.000 0.000 0.000 0.001 0.806 0.973 1.000 0.995 0.992 0.438 0.000 0.000 0.000 0.958 0.993 0.000 0.978 0.940 0.000 0.000 0.000 0.000 0.000 0.002 0.952 0.904 0.914 0.259 0.000 0.000 0.000 0.000
0.006 0.902 0.003 0.000 0.000 0.983 0.920 0.982 0.901 0.000 0.000 0.000 0.000 0.000 0.000 0.057 0.959 0.978 0.000 0.960 0.831 0.000 0.000 0.000 0.000 0.798 0.938 0.966 0.921 0.901 0.982 0.961 0.000 0.000
0.000 0.128 0.000 0.000 0.822 0.985 0.986 0.948 0.973 0.000 0.000 0.000 0.000 0.000 0.000 0.000 0.000 0.940 0.960 0.000 0.986 0.993 0.005 0.001 0.966 0.938 0.951 0.827 0.000 0.000 0.000 0.073 0.000 0.000
0.000 0.000 0.250 0.707 0.960 0.998 0.885 0.000 0.000 0.000 0.000 0.000 0.000 0.000 0.000 0.000 0.000 0.000 0.831 0.986 0.000 0.993 0.983 0.980 0.967 0.955 0.807 0.169 0.000 0.000 0.000 0.083 0.000 0.000
0.000 0.001 0.000 0.009 0.964 0.936 0.982 0.000 0.865 0.000 0.000 0.000 0.000 0.000 0.000 0.000 0.000 0.000 0.000 0.993 0.993 0.000 0.991 0.940 0.971 0.319 0.000 0.000 0.000 0.000 0.000 0.000 0.000 0.000
0.000 0.000 0.034 0.683 0.953 0.207 0.000 0.000 0.000 0.000 0.000 0.000 0.000 0.000 0.000 0.000 0.000 0.000 0.000 0.005 0.983 0.991 0.000 0.989 0.956 0.070 0.000 0.000 0.000 0.000 0.000 0.000 0.000 0.000
0.000 0.000 0.000 0.003 0.053 0.419 0.000 0.000 0.000 0.000 0.000 0.000 0.000 0.000 0.000 0.000 0.000 0.000 0.000 0.001 0.980 0.940 0.989 0.000 0.996 0.997 0.027 0.000 0.000 0.000 0.000 0.000 0.000 0.000
0.000 0.000 0.000 0.000 0.000 0.000 0.000 0.000 0.016 0.000 0.000 0.000 0.000 0.000 0.000 0.000 0.000 0.000 0.000 0.966 0.967 0.971 0.956 0.996 0.000 0.984 0.883 0.000 0.000 0.000 0.000 0.000 0.000 0.000
0.000 0.000 0.000 0.000 0.000 0.834 0.000 0.000 0.000 0.000 0.000 0.000 0.000 0.000 0.000 0.000 0.000 0.002 0.798 0.938 0.955 0.319 0.070 0.997 0.984 0.000 0.993 0.918 0.002 0.000 0.000 0.000 0.000 0.000
0.000 0.000 0.000 0.000 0.000 0.802 0.000 0.000 0.557 0.000 0.000 0.000 0.000 0.000 0.000 0.000 0.000 0.952 0.938 0.951 0.807 0.000 0.000 0.027 0.883 0.993 0.000 0.997 0.917 0.000 0.000 0.000 0.000 0.000
0.000 0.000 0.000 0.000 0.000 0.956 0.000 0.000 0.000 0.000 0.000 0.000 0.000 0.000 0.000 0.000 0.046 0.904 0.966 0.827 0.169 0.000 0.000 0.000 0.000 0.918 0.997 0.000 0.982 0.984 0.765 0.883 0.006 0.000
0.000 0.000 0.000 0.000 0.000 0.000 0.000 0.000 0.000 0.066 0.262 0.150 0.000 0.000 0.009 0.644 0.833 0.914 0.921 0.000 0.000 0.000 0.000 0.000 0.000 0.002 0.917 0.982 0.000 0.983 0.871 0.014 0.001 0.000
0.000 0.000 0.000 0.000 0.000 0.189 0.000 0.000 0.000 0.000 0.000 0.000 0.000 0.000 0.000 0.211 0.028 0.259 0.901 0.000 0.000 0.000 0.000 0.000 0.000 0.000 0.000 0.984 0.983 0.000 0.983 0.863 0.373 0.000
0.638 0.917 0.207 0.000 0.000 0.027 0.000 0.701 0.000 0.000 0.000 0.000 0.000 0.000 0.000 0.063 0.680 0.000 0.982 0.000 0.000 0.000 0.000 0.000 0.000 0.000 0.000 0.765 0.871 0.983 0.000 0.985 0.948 0.143
0.426 0.971 0.956 0.000 0.000 0.998 0.122 0.082 0.000 0.000 0.000 0.000 0.000 0.000 0.000 0.000 0.000 0.000 0.961 0.073 0.083 0.000 0.000 0.000 0.000 0.000 0.000 0.883 0.014 0.863 0.985 0.000 0.983 0.856
0.392 0.465 0.914 0.001 0.000 0.044 0.000 0.000 0.000 0.000 0.000 0.000 0.000 0.000 0.000 0.000 0.000 0.000 0.000 0.000 0.000 0.000 0.000 0.000 0.000 0.000 0.000 0.006 0.001 0.373 0.948 0.983 0.000 0.991
0.810 0.850 0.974 0.848 0.000 0.023 0.000 0.000 0.000 0.000 0.000 0.003 0.000 0.000 0.000 0.000 0.000 0.000 0.000 0.000 0.000 0.000 0.000 0.000 0.000 0.000 0.000 0.000 0.000 0.000 0.143 0.856 0.991 0.000
