0.000 0.992 0.928 0.002 0.000 0.001 0.000 0.027 0.000 0.000 0.000 0.000 0.000 0.000 0.000 0.000 0.000 0.000 0.004 0.000 0.000 0.000 0.000 0.000 0.000 0.000 0.000 0.000 0.000 0.000 0.704 0.302 0.296 0.651
0.992 0.000 0.991 0.935 0.004 0.999 0.983 0.937 0.000 0.000 0.000 0.000 0.000 0.000 0.000 0.000 0.002 0.001 0.954 0.202 0.000 0.000 0.000 0.000 0.000 0.000 0.000 0.000 0.000 0.000 0.961 0.987 0.426 0.705
0.928 0.991 0.000 0.977 0.968 1.000 0.000 0.000 0.000 0.000 0.000 0.000 0.095 0.122 0.003 0.000 0.000 0.000 0.004 0.000 0.318 0.000 0.000 0.000 0.000 0.000 0.000 0.000 0.000 0.000 0.317 0.965 0.997 1.000
0.002 0.935 0.977 0.000 1.000 0.967 0.000 0.000 0.000 0.000 0.098 0.146 0.248 0.263 0.249 0.053 0.000 0.000 0.000 0.000 0.877 0.004 0.548 0.008 0.000 0.000 0.000 0.000 0.000 0.000 0.000 0.000 0.004 0.896
0.000 0.004 0.968 1.000 0.000 0.981 0.860 0.000 0.000 0.000 0.000 0.000 0.103 0.030 0.000 0.000 0.000 0.000 0.000 0.829 0.994 0.987 0.955 0.190 0.000 0.000 0.000 0.000 0.000 0.000 0.000 0.000 0.000 0.001
0.001 0.999 1.000 0.967 0.981 0.000 1.000 0.794 0.000 0.000 0.000 0.000 0.010 0.000 0.000 0.000 0.000 0.006 0.969 1.000 0.999 0.936 0.174 0.551 0.000 0.974 0.936 0.987 0.000 0.059 0.005 1.000 0.089 0.087
0.000 0.983 0.000 0.000 0.860 1.000 0.000 0.994 0.995 0.000 0.000 0.000 0.000 0.000 0.000 0.000 0.000 0.911 0.986 0.999 0.946 0.892 0.000 0.000 0.009 0.000 0.000 0.000 0.000 0.000 0.000 0.245 0.000 0.000
0.027 0.937 0.000 0.000 0.000 0.794 0.994 0.000 1.000 0.952 0.000 0.000 0.000 0.000 0.000 0.000 0.983 0.986 0.983 0.947 0.000 0.000 0.000 0.000 0.000 0.000 0.000 0.000 0.000 0.000 0.569 0.036 0.000 0.000
0.000 0.000 0.000 0.000 0.000 0.000 0.995 1.000 0.000 0.994 0.984 0.000 0.000 0.000 0.000 0.966 0.999 0.999 0.963 0.985 0.000 0.510 0.000 0.000 0.076 0.000 0.182 0.000 0.000 0.000 0.000 0.000 0.000 0.000
0.000 0.000 0.000 0.000 0.000 0.000 0.000 0.952 0.994 0.000 0.999 1.000 0.093 0.232 0.987 0.984 0.995 0.979 0.000 0.000 0.000 0.000 0.000 0.000 0.000 0.000 0.000 0.000 0.032 0.000 0.000 0.000 0.000 0.000
0.000 0.000 0.000 0.098 0.000 0.000 0.000 0.000 0.984 0.999 0.000 0.999 0.992 0.964 0.987 0.998 0.997 0.993 0.000 0.000 0.000 0.000 0.000 0.000 0.000 0.000 0.000 0.000 0.497 0.000 0.000 0.000 0.000 0.000
0.000 0.000 0.000 0.146 0.000 0.000 0.000 0.000 0.000 1.000 0.999 0.000 0.997 0.996 0.981 0.137 0.000 0.850 0.000 0.000 0.000 0.000 0.096 0.000 0.000 0.000 0.000 0.000 0.053 0.000 0.000 0.000 0.000 0.000
0.000 0.000 0.095 0.248 0.103 0.010 0.000 0.000 0.000 0.093 0.992 0.997 0.000 0.995 0.989 0.044 0.000 0.000 0.000 0.000 0.028 0.004 0.208 0.008 0.010 0.000 0.000 0.000 0.021 0.000 0.000 0.000 0.000 0.060
0.000 0.000 0.122 0.263 0.030 0.000 0.000 0.000 0.000 0.232 0.964 0.996 0.995 0.000 0.999 1.000 0.016 0.043 0.000 0.000 0.001 0.002 0.143 0.003 0.014 0.000 0.000 0.000 0.443 0.000 0.000 0.000 0.000 0.100
0.000 0.000 0.003 0.249 0.000 0.000 0.000 0.000 0.000 0.987 0.987 0.981 0.989 0.999 0.000 0.992 0.995 0.000 0.000 0.000 0.000 0.000 0.034 0.002 0.001 0.000 0.000 0.000 0.007 0.000 0.000 0.000 0.000 0.048
0.000 0.000 0.000 0.053 0.000 0.000 0.000 0.000 0.966 0.984 0.998 0.137 0.044 1.000 0.992 0.000 1.000 0.989 0.000 0.000 0.000 0.000 0.038 0.000 0.003 0.000 0.000 0.000 0.744 0.000 0.000 0.000 0.000 0.040
0.000 0.002 0.000 0.000 0.000 0.000 0.000 0.983 0.999 0.995 0.997 0.000 0.000 0.016 0.995 1.000 0.000 1.000 0.956 0.000 0.000 0.000 0.000 0.000 0.001 0.000 0.000 0.038 0.988 0.030 0.373 0.000 0.000 0.000
0.000 0.001 0.000 0.000 0.000 0.006 0.911 0.986 0.999 0.979 0.993 0.850 0.000 0.043 0.000 0.989 1.000 0.000 0.987 0.969 0.000 0.000 0.000 0.000 0.000 0.018 0.946 0.953 0.999 0.357 0.000 0.000 0.000 0.000
0.004 0.954 0.004 0.000 0.000 0.969 0.986 0.983 0.963 0.000 0.000 0.000 0.000 0.000 0.000 0.000 0.956 0.987 0.000 0.999 0.892 0.000 0.000 0.000 0.000 0.914 0.998 0.999 0.987 0.996 1.000 0.981 0.000 0.000
0.000 0.202 0.000 0.000 0.829 1.000 0.999 0.947 0.985 0.000 0.000 0.000 0.000 0.000 0.000 0.000 0.000 0.969 0.999 0.000 0.998 0.926 0.028 0.001 0.962 0.992 1.000 0.997 0.001 0.000 0.000 0.191 0.000 0.000
0.000 0.000 0.318 0.877 0.994 0.999 0.946 0.000 0.000 0.000 0.000 0.000 0.028 0.001 0.000 0.000 0.000 0.000 0.892 0.998 0.000 0.991 0.970 0.967 0.986 0.999 0.919 0.127 0.000 0.000 0.000 0.061 0.000 0.003
0.000 0.000 0.000 0.004 0.987 0.936 0.892 0.000 0.510 0.000 0.000 0.000 0.004 0.002 0.000 0.000 0.000 0.000 0.000 0.926 0.991 0.000 0.988 0.959 0.994 0.408 0.000 0.000 0.000 0.000 0.000 0.000 0.000 0.000
0.000 0.000 0.000 0.548 0.955 0.174 0.000 0.000 0.000 0.000 0.000 0.096 0.208 0.143 0.034 0.038 0.000 0.000 0.000 0.028 0.970 0.988 0.000 0.993 0.970 0.119 0.000 0.000 0.003 0.000 0.000 0.000 0.000 0.000
0.000 0.000 0.000 0.008 0.190 0.551 0.000 0.000 0.000 0.000 0.000 0.000 0.008 0.003 0.002 0.000 0.000 0.000 0.000 0.001 0.967 0.959 0.993 0.000 0.994 0.965 0.008 0.002 0.000 0.000 0.000 0.000 0.000 0.000
0.000 0.000 0.000 0.000 0.000 0.000 0.009 0.000 0.076 0.000 0.000 0.000 0.010 0.014 0.001 0.003 0.001 0.000 0.000 0.962 0.986 0.994 0.970 0.994 0.000 0.999 0.888 0.000 0.000 0.000 0.000 0.000 0.000 0.000
0.000 0.000 0.000 0.000 0.000 0.974 0.000 0.000 0.000 0.000 0.000 0.000 0.000 0.000 0.000 0.000 0.000 0.018 0.914 0.992 0.999 0.408 0.119 0.965 0.999 0.000 0.965 0.957 0.003 0.000 0.000 0.000 0.000 0.000
0.000 0.000 0.000 0.000 0.000 0.936 0.000 0.000 0.182 0.000 0.000 0.000 0.000 0.000 0.000 0.000 0.000 0.946 0.998 1.000 0.919 0.000 0.000 0.008 0.888 0.965 0.000 1.000 0.955 0.000 0.000 0.000 0.000 0.000
0.000 0.000 0.000 0.000 0.000 0.987 0.000 0.000 0.000 0.000 0.000 0.000 0.000 0.000 0.000 0.000 0.038 0.953 0.999 0.997 0.127 0.000 0.000 0.002 0.000 0.957 1.000 0.000 0.987 1.000 0.896 0.985 0.018 0.000
0.000 0.000 0.000 0.000 0.000 0.000 0.000 0.000 0.000 0.032 0.497 0.053 0.021 0.443 0.007 0.744 0.988 0.999 0.987 0.001 0.000 0.000 0.003 0.000 0.000 0.003 0.955 0.987 0.000 0.992 0.965 0.008 0.000 0.000
0.000 0.000 0.000 0.000 0.000 0.059 0.000 0.000 0.000 0.000 0.000 0.000 0.000 0.000 0.000 0.000 0.030 0.357 0.996 0.000 0.000 0.000 0.000 0.000 0.000 0.000 0.000 1.000 0.992 0.000 1.000 0.960 0.405 0.000
0.704 0.961 0.317 0.000 0.000 0.005 0.000 0.569 0.000 0.000 0.000 0.000 0.000 0.000 0.000 0.000 0.373 0.000 1.000 0.000 0.000 0.000 0.000 0.000 0.000 0.000 0.000 0.896 0.965 1.000 0.000 0.996 0.965 0.116
0.302 0.987 0.965 0.000 0.000 1.000 0.245 0.036 0.000 0.000 0.000 0.000 0.000 0.000 0.000 0.000 0.000 0.000 0.981 0.191 0.061 0.000 0.000 0.000 0.000 0.000 0.000 0.985 0.008 0.960 0.996 0.000 0.999 0.931
0.296 0.426 0.997 0.004 0.000 0.089 0.000 0.000 0.000 0.000 0.000 0.000 0.000 0.000 0.000 0.000 0.000 0.000 0.000 0.000 0.000 0.000 0.000 0.000 0.000 0.000 0.000 0.018 0.000 0.405 0.965 0.999 0.000 0.997
0.651 0.705 1.000 0.896 0.001 0.087 0.000 0.000 0.000 0.000 0.000 0.000 0.060 0.100 0.048 0.040 0.000 0.000 0.000 0.000 0.003 0.000 0.000 0.000 0.000 0.000 0.000 0.000 0.000 0.000 0.116 0.931 0.997 0.000
