0.000 0.982 0.908 0.005 0.000 0.000 0.000 0.034 0.000 0.000 0.000 0.000 0.000 0.000 0.000 0.000 0.000 0.000 0.002 0.000 0.000 0.000 0.000 0.000 0.000 0.000 0.000 0.000 0.000 0.000 0.748 0.227 0.226 0.572
0.982 0.000 0.996 0.951 0.004 0.987 0.969 0.977 0.000 0.000 0.000 0.000 0.000 0.000 0.000 0.000 0.000 0.000 0.981 0.204 0.000 0.000 0.000 0.000 0.000 0.000 0.000 0.000 0.000 0.000 0.969 0.993 0.356 0.596
0.908 0.996 0.000 0.989 0.955 0.998 0.000 0.000 0.000 0.000 0.000 0.000 0.000 0.000 0.000 0.000 0.000 0.000 0.004 0.000 0.322 0.000 0.000 0.000 0.000 0.000 0.000 0.000 0.000 0.000 0.379 0.999 0.958 0.972
0.005 0.951 0.989 0.000 0.991 0.990 0.000 0.000 0.000 0.000 0.000 0.000 0.000 0.001 0.003 0.000 0.000 0.000 0.000 0.000 0.875 0.004 0.809 0.009 0.000 0.000 0.000 0.000 0.000 0.000 0.000 0.000 0.004 0.823
0.000 0.004 0.955 0.991 0.000 0.990 0.966 0.000 0.000 0.000 0.000 0.000 0.000 0.000 0.000 0.000 0.000 0.000 0.000 0.946 0.974 1.000 0.987 0.306 0.000 0.000 0.000 0.000 0.000 0.000 0.000 0.000 0.000 0.002
0.000 0.987 0.998 0.990 0.990 0.000 0.998 0.958 0.000 0.000 0.000 0.000 0.000 0.000 0.000 0.000 0.000 0.012 0.988 0.999 0.999 0.982 0.228 0.457 0.000 0.994 0.984 0.998 0.000 0.057 0.003 0.997 0.114 0.090
0.000 0.969 0.000 0.000 0.966 0.998 0.000 0.994 0.999 0.000 0.000 0.000 0.000 0.000 0.000 0.000 0.000 0.957 0.996 0.998 0.964 0.973 0.000 0.000 0.009 0.000 0.000 0.000 0.000 0.000 0.000 0.249 0.000 0.000
0.034 0.977 0.000 0.000 0.000 0.958 0.994 0.000 0.999 0.937 0.000 0.000 0.000 0.000 0.000 0.000 0.970 0.991 0.995 0.967 0.000 0.000 0.000 0.000 0.000 0.000 0.000 0.000 0.000 0.000 0.533 0.061 0.000 0.000
0.000 0.000 0.000 0.000 0.000 0.000 0.999 0.999 0.000 0.988 0.922 0.000 0.000 0.000 0.000 0.912 0.985 0.999 0.983 0.998 0.000 0.659 0.000 0.000 0.077 0.000 0.277 0.000 0.001 0.000 0.000 0.000 0.000 0.000
0.000 0.000 0.000 0.000 0.000 0.000 0.000 0.937 0.988 0.000 0.997 0.930 0.108 0.208 0.956 0.963 0.990 0.978 0.000 0.000 0.000 0.000 0.000 0.000 0.000 0.000 0.000 0.000 0.029 0.000 0.000 0.000 0.000 0.000
0.000 0.000 0.000 0.000 0.000 0.000 0.000 0.000 0.922 0.997 0.000 0.971 0.887 0.920 0.976 0.993 0.971 0.958 0.000 0.000 0.000 0.000 0.000 0.000 0.000 0.000 0.000 0.000 0.376 0.000 0.000 0.000 0.000 0.000
0.000 0.000 0.000 0.000 0.000 0.000 0.000 0.000 0.000 0.930 0.971 0.000 0.987 0.963 0.937 0.127 0.000 0.756 0.000 0.000 0.000 0.000 0.002 0.002 0.000 0.000 0.000 0.000 0.061 0.000 0.000 0.000 0.004 0.000
0.000 0.000 0.000 0.000 0.000 0.000 0.000 0.000 0.000 0.108 0.887 0.987 0.000 0.966 0.927 0.051 0.000 0.000 0.000 0.000 0.000 0.001 0.036 0.042 0.001 0.000 0.000 0.000 0.014 0.000 0.000 0.000 0.012 0.005
0.000 0.000 0.000 0.001 0.000 0.000 0.000 0.000 0.000 0.208 0.920 0.963 0.966 0.000 0.979 0.966 0.004 0.016 0.000 0.000 0.000 0.000 0.027 0.024 0.000 0.000 0.000 0.000 0.312 0.000 0.000 0.000 0.000 0.000
0.000 0.000 0.000 0.003 0.000 0.000 0.000 0.000 0.000 0.956 0.976 0.937 0.927 0.979 0.000 0.976 0.929 0.000 0.000 0.000 0.000 0.000 0.013 0.002 0.000 0.000 0.000 0.000 0.004 0.000 0.000 0.000 0.000 0.000
0.000 0.000 0.000 0.000 0.000 0.000 0.000 0.000 0.912 0.963 0.993 0.127 0.051 0.966 0.976 0.000 0.995 0.951 0.000 0.000 0.000 0.000 0.002 0.000 0.000 0.000 0.000 0.000 0.458 0.000 0.000 0.000 0.000 0.000
0.000 0.000 0.000 0.000 0.000 0.000 0.000 0.970 0.985 0.990 0.971 0.000 0.000 0.004 0.929 0.995 0.000 0.998 0.946 0.000 0.000 0.000 0.000 0.000 0.000 0.000 0.000 0.048 0.959 0.024 0.231 0.000 0.000 0.000
0.000 0.000 0.000 0.000 0.000 0.012 0.957 0.991 0.999 0.978 0.958 0.756 0.000 0.016 0.000 0.951 0.998 0.000 0.997 0.993 0.001 0.000 0.000 0.000 0.000 0.039 0.981 0.988 0.988 0.417 0.000 0.000 0.000 0.000
0.002 0.981 0.004 0.000 0.000 0.988 0.996 0.995 0.983 0.000 0.000 0.000 0.000 0.000 0.000 0.000 0.946 0.997 0.000 0.999 0.957 0.000 0.000 0.000 0.000 0.952 0.994 0.998 0.986 0.950 0.996 0.992 0.000 0.000
0.000 0.204 0.000 0.000 0.946 0.999 0.998 0.967 0.998 0.000 0.000 0.000 0.000 0.000 0.000 0.000 0.000 0.993 0.999 0.000 0.994 0.993 0.068 0.000 0.988 0.993 1.000 0.998 0.000 0.000 0.000 0.183 0.000 0.000
0.000 0.000 0.322 0.875 0.974 0.999 0.964 0.000 0.000 0.000 0.000 0.000 0.000 0.000 0.000 0.000 0.000 0.001 0.957 0.994 0.000 0.988 0.972 0.994 0.971 1.000 0.990 0.085 0.000 0.000 0.000 0.074 0.000 0.008
0.000 0.000 0.000 0.004 1.000 0.982 0.973 0.000 0.659 0.000 0.000 0.000 0.001 0.000 0.000 0.000 0.000 0.000 0.000 0.993 0.988 0.000 1.000 0.987 0.979 0.208 0.000 0.000 0.000 0.000 0.000 0.000 0.000 0.000
0.000 0.000 0.000 0.809 0.987 0.228 0.000 0.000 0.000 0.000 0.000 0.002 0.036 0.027 0.013 0.002 0.000 0.000 0.000 0.068 0.972 1.000 0.000 0.994 1.000 0.039 0.000 0.000 0.000 0.000 0.000 0.000 0.000 0.000
0.000 0.000 0.000 0.009 0.306 0.457 0.000 0.000 0.000 0.000 0.000 0.002 0.042 0.024 0.002 0.000 0.000 0.000 0.000 0.000 0.994 0.987 0.994 0.000 1.000 0.997 0.000 0.000 0.000 0.000 0.000 0.000 0.000 0.000
0.000 0.000 0.000 0.000 0.000 0.000 0.009 0.000 0.077 0.000 0.000 0.000 0.001 0.000 0.000 0.000 0.000 0.000 0.000 0.988 0.971 0.979 1.000 1.000 0.000 0.999 0.952 0.000 0.000 0.000 0.000 0.000 0.000 0.000
0.000 0.000 0.000 0.000 0.000 0.994 0.000 0.000 0.000 0.000 0.000 0.000 0.000 0.000 0.000 0.000 0.000 0.039 0.952 0.993 1.000 0.208 0.039 0.997 0.999 0.000 0.997 0.982 0.000 0.000 0.000 0.000 0.000 0.002
0.000 0.000 0.000 0.000 0.000 0.984 0.000 0.000 0.277 0.000 0.000 0.000 0.000 0.000 0.000 0.000 0.000 0.981 0.994 1.000 0.990 0.000 0.000 0.000 0.952 0.997 0.000 0.997 0.910 0.000 0.000 0.000 0.000 0.000
0.000 0.000 0.000 0.000 0.000 0.998 0.000 0.000 0.000 0.000 0.000 0.000 0.000 0.000 0.000 0.000 0.048 0.988 0.998 0.998 0.085 0.000 0.000 0.000 0.000 0.982 0.997 0.000 0.979 0.988 0.836 0.981 0.037 0.000
0.000 0.000 0.000 0.000 0.000 0.000 0.000 0.000 0.001 0.029 0.376 0.061 0.014 0.312 0.004 0.458 0.959 0.988 0.986 0.000 0.000 0.000 0.000 0.000 0.000 0.000 0.910 0.979 0.000 0.998 0.946 0.009 0.003 0.000
0.000 0.000 0.000 0.000 0.000 0.057 0.000 0.000 0.000 0.000 0.000 0.000 0.000 0.000 0.000 0.000 0.024 0.417 0.950 0.000 0.000 0.000 0.000 0.000 0.000 0.000 0.000 0.988 0.998 0.000 0.997 0.974 0.358 0.000
0.748 0.969 0.379 0.000 0.000 0.003 0.000 0.533 0.000 0.000 0.000 0.000 0.000 0.000 0.000 0.000 0.231 0.000 0.996 0.000 0.000 0.000 0.000 0.000 0.000 0.000 0.000 0.836 0.946 0.997 0.000 0.989 0.956 0.220
0.227 0.993 0.999 0.000 0.000 0.997 0.249 0.061 0.000 0.000 0.000 0.000 0.000 0.000 0.000 0.000 0.000 0.000 0.992 0.183 0.074 0.000 0.000 0.000 0.000 0.000 0.000 0.981 0.009 0.974 0.989 0.000 0.977 0.893
0.226 0.356 0.958 0.004 0.000 0.114 0.000 0.000 0.000 0.000 0.000 0.004 0.012 0.000 0.000 0.000 0.000 0.000 0.000 0.000 0.000 0.000 0.000 0.000 0.000 0.000 0.000 0.037 0.003 0.358 0.956 0.977 0.000 0.998
0.572 0.596 0.972 0.823 0.002 0.090 0.000 0.000 0.000 0.000 0.000 0.000 0.005 0.000 0.000 0.000 0.000 0.000 0.000 0.000 0.008 0.000 0.000 0.000 0.000 0.002 0.000 0.000 0.000 0.000 0.220 0.893 0.998 0.000
