0.000 0.980 0.866 0.005 0.000 0.000 0.000 0.073 0.000 0.000 0.000 0.000 0.000 0.000 0.000 0.000 0.000 0.000 0.006 0.000 0.000 0.000 0.000 0.000 0.000 0.000 0.000 0.000 0.000 0.000 0.827 0.256 0.258 0.566
0.980 0.000 0.992 0.907 0.003 0.976 0.916 0.976 0.000 0.000 0.000 0.000 0.000 0.000 0.000 0.000 0.003 0.000 0.983 0.150 0.000 0.002 0.000 0.000 0.000 0.000 0.000 0.000 0.000 0.000 0.977 0.976 0.425 0.589
0.866 0.992 0.000 0.989 0.842 0.979 0.000 0.000 0.000 0.000 0.000 0.000 0.000 0.000 0.000 0.000 0.000 0.000 0.011 0.000 0.249 0.000 0.006 0.000 0.000 0.000 0.000 0.000 0.000 0.000 0.410 0.969 0.947 0.944
0.005 0.907 0.989 0.000 0.950 0.959 0.000 0.000 0.000 0.000 0.000 0.000 0.000 0.000 0.000 0.000 0.000 0.000 0.000 0.000 0.784 0.005 0.617 0.005 0.000 0.000 0.000 0.000 0.000 0.000 0.000 0.000 0.002 0.804
0.000 0.003 0.842 0.950 0.000 0.985 0.945 0.000 0.000 0.000 0.000 0.000 0.000 0.000 0.000 0.000 0.000 0.000 0.000 0.932 0.962 0.990 0.987 0.091 0.000 0.000 0.000 0.000 0.000 0.000 0.000 0.000 0.000 0.000
0.000 0.976 0.979 0.959 0.985 0.000 0.994 0.939 0.000 0.000 0.000 0.000 0.000 0.000 0.000 0.000 0.000 0.003 0.996 0.993 0.999 0.938 0.114 0.591 0.000 0.972 0.956 0.994 0.000 0.074 0.008 0.989 0.074 0.061
0.000 0.916 0.000 0.000 0.945 0.994 0.000 0.996 1.000 0.000 0.000 0.000 0.000 0.000 0.000 0.000 0.000 0.970 0.968 0.997 0.962 0.993 0.000 0.000 0.000 0.000 0.000 0.000 0.000 0.000 0.000 0.131 0.000 0.000
0.073 0.976 0.000 0.000 0.000 0.939 0.996 0.000 0.999 0.983 0.000 0.000 0.000 0.000 0.000 0.000 0.999 0.984 0.984 0.944 0.000 0.000 0.000 0.000 0.000 0.000 0.000 0.000 0.000 0.000 0.780 0.095 0.000 0.000
0.000 0.000 0.000 0.000 0.000 0.000 1.000 0.999 0.000 0.976 0.947 0.000 0.000 0.000 0.000 0.841 0.978 0.997 0.960 1.000 0.000 0.940 0.000 0.000 0.011 0.000 0.603 0.000 0.002 0.000 0.000 0.000 0.000 0.000
0.000 0.000 0.000 0.000 0.000 0.000 0.000 0.983 0.976 0.000 0.998 0.993 0.220 0.982 0.708 0.968 0.987 0.942 0.000 0.000 0.000 0.000 0.000 0.000 0.000 0.000 0.000 0.000 0.016 0.000 0.000 0.000 0.000 0.000
0.000 0.000 0.000 0.000 0.000 0.000 0.000 0.000 0.947 0.998 0.000 0.997 0.998 0.955 0.872 0.995 0.991 0.975 0.000 0.000 0.000 0.000 0.000 0.000 0.000 0.000 0.000 0.000 0.966 0.000 0.000 0.000 0.000 0.000
0.000 0.000 0.000 0.000 0.000 0.000 0.000 0.000 0.000 0.993 0.997 0.000 0.993 0.967 0.212 0.073 0.000 0.780 0.000 0.000 0.000 0.000 0.000 0.000 0.000 0.000 0.000 0.000 0.279 0.000 0.000 0.000 0.000 0.000
0.000 0.000 0.000 0.000 0.000 0.000 0.000 0.000 0.000 0.220 0.998 0.993 0.000 0.997 0.976 0.921 0.000 0.000 0.000 0.000 0.000 0.000 0.000 0.000 0.000 0.000 0.000 0.000 0.279 0.000 0.000 0.000 0.000 0.001
0.000 0.000 0.000 0.000 0.000 0.000 0.000 0.000 0.000 0.982 0.955 0.967 0.997 0.000 0.994 0.959 0.183 0.000 0.000 0.000 0.000 0.000 0.000 0.000 0.000 0.000 0.000 0.000 0.000 0.000 0.000 0.000 0.000 0.000
0.000 0.000 0.000 0.000 0.000 0.000 0.000 0.000 0.000 0.708 0.872 0.212 0.976 0.994 0.000 0.979 0.955 0.000 0.000 0.000 0.000 0.000 0.000 0.000 0.000 0.000 0.000 0.000 0.004 0.000 0.000 0.000 0.000 0.000
0.000 0.000 0.000 0.000 0.000 0.000 0.000 0.000 0.841 0.968 0.995 0.073 0.921 0.959 0.979 0.000 1.000 0.934 0.000 0.000 0.000 0.000 0.000 0.000 0.000 0.000 0.000 0.000 0.988 0.054 0.000 0.000 0.000 0.000
0.000 0.003 0.000 0.000 0.000 0.000 0.000 0.999 0.978 0.987 0.991 0.000 0.000 0.183 0.955 1.000 0.000 0.980 0.986 0.000 0.000 0.000 0.000 0.000 0.000 0.000 0.000 0.085 0.988 0.018 0.614 0.000 0.000 0.000
0.000 0.000 0.000 0.000 0.000 0.003 0.970 0.984 0.997 0.942 0.975 0.780 0.000 0.000 0.000 0.934 0.980 0.000 1.000 0.999 0.000 0.000 0.000 0.000 0.000 0.005 0.991 0.970 1.000 0.330 0.000 0.000 0.000 0.000
0.006 0.983 0.011 0.000 0.000 0.996 0.968 0.984 0.960 0.000 0.000 0.000 0.000 0.000 0.000 0.000 0.986 1.000 0.000 0.994 0.941 0.000 0.000 0.000 0.000 0.937 0.989 0.999 0.999 0.964 0.984 0.968 0.000 0.000
0.000 0.150 0.000 0.000 0.932 0.993 0.997 0.944 1.000 0.000 0.000 0.000 0.000 0.000 0.000 0.000 0.000 0.999 0.994 0.000 0.998 0.995 0.007 0.000 0.990 0.970 0.999 0.948 0.000 0.000 0.000 0.084 0.000 0.000
0.000 0.000 0.249 0.784 0.962 0.999 0.962 0.000 0.000 0.000 0.000 0.000 0.000 0.000 0.000 0.000 0.000 0.000 0.941 0.998 0.000 0.968 0.981 0.995 0.982 1.000 0.991 0.103 0.000 0.000 0.000 0.095 0.000 0.006
0.000 0.002 0.000 0.005 0.990 0.938 0.993 0.000 0.940 0.000 0.000 0.000 0.000 0.000 0.000 0.000 0.000 0.000 0.000 0.995 0.968 0.000 0.974 0.893 0.994 0.277 0.000 0.000 0.000 0.000 0.000 0.000 0.000 0.000
0.000 0.000 0.006 0.617 0.987 0.114 0.000 0.000 0.000 0.000 0.000 0.000 0.000 0.000 0.000 0.000 0.000 0.000 0.000 0.007 0.981 0.974 0.000 0.980 0.978 0.105 0.000 0.000 0.000 0.000 0.000 0.000 0.000 0.000
0.000 0.000 0.000 0.005 0.091 0.591 0.000 0.000 0.000 0.000 0.000 0.000 0.000 0.000 0.000 0.000 0.000 0.000 0.000 0.000 0.995 0.893 0.980 0.000 0.976 0.996 0.009 0.000 0.000 0.000 0.000 0.000 0.000 0.000
0.000 0.000 0.000 0.000 0.000 0.000 0.000 0.000 0.011 0.000 0.000 0.000 0.000 0.000 0.000 0.000 0.000 0.000 0.000 0.990 0.982 0.994 0.978 0.976 0.000 0.976 0.970 0.000 0.000 0.000 0.000 0.000 0.000 0.000
0.000 0.000 0.000 0.000 0.000 0.972 0.000 0.000 0.000 0.000 0.000 0.000 0.000 0.000 0.000 0.000 0.000 0.005 0.937 0.970 1.000 0.277 0.105 0.996 0.976 0.000 1.000 0.963 0.000 0.000 0.000 0.002 0.000 0.001
0.000 0.000 0.000 0.000 0.000 0.956 0.000 0.000 0.603 0.000 0.000 0.000 0.000 0.000 0.000 0.000 0.000 0.991 0.989 0.999 0.991 0.000 0.000 0.009 0.970 1.000 0.000 0.990 0.961 0.000 0.000 0.000 0.000 0.000
0.000 0.000 0.000 0.000 0.000 0.994 0.000 0.000 0.000 0.000 0.000 0.000 0.000 0.000 0.000 0.000 0.085 0.970 0.999 0.948 0.103 0.000 0.000 0.000 0.000 0.963 0.990 0.000 1.000 0.988 0.848 0.990 0.011 0.001
0.000 0.000 0.000 0.000 0.000 0.000 0.000 0.000 0.002 0.016 0.966 0.279 0.279 0.000 0.004 0.988 0.988 1.000 0.999 0.000 0.000 0.000 0.000 0.000 0.000 0.000 0.961 1.000 0.000 0.987 0.942 0.009 0.000 0.000
0.000 0.000 0.000 0.000 0.000 0.074 0.000 0.000 0.000 0.000 0.000 0.000 0.000 0.000 0.000 0.054 0.018 0.330 0.964 0.000 0.000 0.000 0.000 0.000 0.000 0.000 0.000 0.988 0.987 0.000 0.997 0.999 0.301 0.000
0.827 0.977 0.410 0.000 0.000 0.008 0.000 0.780 0.000 0.000 0.000 0.000 0.000 0.000 0.000 0.000 0.614 0.000 0.984 0.000 0.000 0.000 0.000 0.000 0.000 0.000 0.000 0.848 0.942 0.997 0.000 0.998 0.958 0.105
0.256 0.976 0.969 0.000 0.000 0.989 0.131 0.095 0.000 0.000 0.000 0.000 0.000 0.000 0.000 0.000 0.000 0.000 0.968 0.084 0.095 0.000 0.000 0.000 0.000 0.002 0.000 0.990 0.009 0.999 0.998 0.000 0.979 0.811
0.258 0.425 0.947 0.002 0.000 0.074 0.000 0.000 0.000 0.000 0.000 0.000 0.000 0.000 0.000 0.000 0.000 0.000 0.000 0.000 0.000 0.000 0.000 0.000 0.000 0.000 0.000 0.011 0.000 0.301 0.958 0.979 0.000 0.988
0.566 0.589 0.944 0.804 0.000 0.061 0.000 0.000 0.000 0.000 0.000 0.000 0.001 0.000 0.000 0.000 0.000 0.000 0.000 0.000 0.006 0.000 0.000 0.000 0.000 0.001 0.000 0.001 0.000 0.000 0.105 0.811 0.988 0.000
