0.000 0.994 0.975 0.004 0.000 0.000 0.000 0.022 0.000 0.000 0.000 0.001 0.088 0.001 0.000 0.000 0.000 0.000 0.000 0.000 0.000 0.000 0.000 0.000 0.000 0.000 0.000 0.000 0.000 0.000 0.859 0.283 0.298 0.673
0.994 0.000 1.000 0.933 0.006 0.977 0.951 0.993 0.000 0.000 0.000 0.000 0.012 0.000 0.000 0.000 0.002 0.000 0.996 0.133 0.000 0.000 0.000 0.000 0.000 0.000 0.000 0.000 0.000 0.000 0.963 0.999 0.453 0.712
0.975 1.000 0.000 0.988 0.964 0.978 0.000 0.000 0.000 0.000 0.000 0.000 0.012 0.000 0.000 0.000 0.000 0.000 0.003 0.000 0.330 0.000 0.000 0.000 0.000 0.000 0.000 0.000 0.000 0.000 0.361 0.976 0.986 0.979
0.004 0.933 0.988 0.000 0.990 0.962 0.000 0.000 0.000 0.000 0.000 0.000 0.017 0.001 0.000 0.000 0.000 0.000 0.000 0.000 0.856 0.022 0.682 0.034 0.000 0.000 0.000 0.000 0.000 0.000 0.000 0.000 0.005 0.906
0.000 0.006 0.964 0.990 0.000 0.992 0.975 0.000 0.000 0.000 0.000 0.000 0.000 0.000 0.000 0.000 0.000 0.000 0.000 0.907 0.981 0.977 0.976 0.210 0.000 0.000 0.000 0.000 0.000 0.000 0.000 0.000 0.000 0.000
0.000 0.977 0.978 0.962 0.992 0.000 1.000 0.966 0.000 0.000 0.000 0.000 0.000 0.000 0.000 0.000 0.000 0.001 1.000 0.999 1.000 0.935 0.146 0.626 0.000 0.990 0.986 0.999 0.000 0.047 0.000 0.986 0.069 0.024
0.000 0.951 0.000 0.000 0.975 1.000 0.000 0.995 0.994 0.000 0.000 0.000 0.000 0.000 0.000 0.000 0.000 0.955 1.000 0.989 0.970 0.911 0.000 0.000 0.012 0.000 0.000 0.000 0.000 0.000 0.000 0.308 0.000 0.000
0.022 0.993 0.000 0.000 0.000 0.966 0.995 0.000 0.999 0.940 0.000 0.000 0.000 0.000 0.000 0.000 0.996 0.991 1.000 0.976 0.000 0.000 0.000 0.000 0.000 0.000 0.000 0.000 0.000 0.000 0.705 0.062 0.000 0.000
0.000 0.000 0.000 0.000 0.000 0.000 0.994 0.999 0.000 1.000 0.954 0.000 0.000 0.000 0.000 0.913 0.948 1.000 0.993 1.000 0.000 0.448 0.000 0.000 0.049 0.000 0.222 0.000 0.000 0.000 0.000 0.000 0.000 0.000
0.000 0.000 0.000 0.000 0.000 0.000 0.000 0.940 1.000 0.000 1.000 0.971 0.030 0.167 0.967 0.998 0.967 0.999 0.000 0.000 0.000 0.000 0.000 0.000 0.000 0.000 0.000 0.000 0.146 0.000 0.000 0.000 0.000 0.000
0.000 0.000 0.000 0.000 0.000 0.000 0.000 0.000 0.954 1.000 0.000 0.992 0.988 0.971 0.940 0.980 0.877 0.995 0.000 0.000 0.000 0.000 0.000 0.000 0.000 0.000 0.000 0.000 0.991 0.000 0.000 0.000 0.000 0.000
0.001 0.000 0.000 0.000 0.000 0.000 0.000 0.000 0.000 0.971 0.992 0.000 0.995 0.946 0.930 0.187 0.000 0.604 0.000 0.000 0.000 0.000 0.000 0.000 0.000 0.000 0.000 0.000 0.000 0.000 0.000 0.000 0.000 0.011
0.088 0.012 0.012 0.017 0.000 0.000 0.000 0.000 0.000 0.030 0.988 0.995 0.000 0.993 0.958 0.264 0.000 0.000 0.000 0.000 0.000 0.000 0.000 0.000 0.013 0.000 0.000 0.000 0.017 0.000 0.001 0.000 0.020 0.109
0.001 0.000 0.000 0.001 0.000 0.000 0.000 0.000 0.000 0.167 0.971 0.946 0.993 0.000 0.994 0.994 0.000 0.000 0.000 0.000 0.000 0.000 0.001 0.000 0.006 0.000 0.000 0.000 0.650 0.000 0.000 0.000 0.000 0.006
0.000 0.000 0.000 0.000 0.000 0.000 0.000 0.000 0.000 0.967 0.940 0.930 0.958 0.994 0.000 0.986 0.932 0.000 0.000 0.000 0.000 0.000 0.000 0.000 0.001 0.000 0.000 0.000 0.000 0.000 0.000 0.000 0.000 0.000
0.000 0.000 0.000 0.000 0.000 0.000 0.000 0.000 0.913 0.998 0.980 0.187 0.264 0.994 0.986 0.000 0.989 0.943 0.000 0.000 0.000 0.000 0.000 0.000 0.000 0.000 0.000 0.000 0.996 0.005 0.000 0.000 0.000 0.000
0.000 0.002 0.000 0.000 0.000 0.000 0.000 0.996 0.948 0.967 0.877 0.000 0.000 0.000 0.932 0.989 0.000 0.962 0.999 0.000 0.000 0.000 0.000 0.000 0.000 0.000 0.000 0.226 0.998 0.032 0.325 0.000 0.000 0.000
0.000 0.000 0.000 0.000 0.000 0.001 0.955 0.991 1.000 0.999 0.995 0.604 0.000 0.000 0.000 0.943 0.962 0.000 1.000 1.000 0.000 0.000 0.000 0.000 0.000 0.000 1.000 0.999 0.999 0.470 0.000 0.000 0.000 0.000
0.000 0.996 0.003 0.000 0.000 1.000 1.000 1.000 0.993 0.000 0.000 0.000 0.000 0.000 0.000 0.000 0.999 1.000 0.000 1.000 0.989 0.000 0.000 0.000 0.000 0.995 0.996 1.000 0.998 0.997 0.996 0.998 0.000 0.000
0.000 0.133 0.000 0.000 0.907 0.999 0.989 0.976 1.000 0.000 0.000 0.000 0.000 0.000 0.000 0.000 0.000 1.000 1.000 0.000 1.000 0.965 0.004 0.001 0.894 1.000 1.000 0.999 0.000 0.000 0.000 0.178 0.000 0.000
0.000 0.000 0.330 0.856 0.981 1.000 0.970 0.000 0.000 0.000 0.000 0.000 0.000 0.000 0.000 0.000 0.000 0.000 0.989 1.000 0.000 0.998 0.973 1.000 0.988 1.000 0.985 0.112 0.000 0.000 0.000 0.059 0.000 0.000
0.000 0.000 0.000 0.022 0.977 0.935 0.911 0.000 0.448 0.000 0.000 0.000 0.000 0.000 0.000 0.000 0.000 0.000 0.000 0.965 0.998 0.000 1.000 0.995 0.992 0.291 0.001 0.000 0.000 0.000 0.000 0.000 0.000 0.000
0.000 0.000 0.000 0.682 0.976 0.146 0.000 0.000 0.000 0.000 0.000 0.000 0.000 0.001 0.000 0.000 0.000 0.000 0.000 0.004 0.973 1.000 0.000 0.993 0.959 0.103 0.000 0.000 0.000 0.000 0.000 0.000 0.000 0.000
0.000 0.000 0.000 0.034 0.210 0.626 0.000 0.000 0.000 0.000 0.000 0.000 0.000 0.000 0.000 0.000 0.000 0.000 0.000 0.001 1.000 0.995 0.993 0.000 0.999 0.989 0.014 0.001 0.000 0.000 0.000 0.000 0.000 0.000
0.000 0.000 0.000 0.000 0.000 0.000 0.012 0.000 0.049 0.000 0.000 0.000 0.013 0.006 0.001 0.000 0.000 0.000 0.000 0.894 0.988 0.992 0.959 0.999 0.000 0.992 0.982 0.000 0.000 0.000 0.000 0.000 0.000 0.000
0.000 0.000 0.000 0.000 0.000 0.990 0.000 0.000 0.000 0.000 0.000 0.000 0.000 0.000 0.000 0.000 0.000 0.000 0.995 1.000 1.000 0.291 0.103 0.989 0.992 0.000 1.000 0.999 0.000 0.000 0.000 0.001 0.000 0.000
0.000 0.000 0.000 0.000 0.000 0.986 0.000 0.000 0.222 0.000 0.000 0.000 0.000 0.000 0.000 0.000 0.000 1.000 0.996 1.000 0.985 0.001 0.000 0.014 0.982 1.000 0.000 0.997 0.972 0.000 0.000 0.000 0.000 0.000
0.000 0.000 0.000 0.000 0.000 0.999 0.000 0.000 0.000 0.000 0.000 0.000 0.000 0.000 0.000 0.000 0.226 0.999 1.000 0.999 0.112 0.000 0.000 0.001 0.000 0.999 0.997 0.000 0.994 0.962 0.792 0.963 0.016 0.000
0.000 0.000 0.000 0.000 0.000 0.000 0.000 0.000 0.000 0.146 0.991 0.000 0.017 0.650 0.000 0.996 0.998 0.999 0.998 0.000 0.000 0.000 0.000 0.000 0.000 0.000 0.972 0.994 0.000 0.998 0.954 0.009 0.000 0.000
0.000 0.000 0.000 0.000 0.000 0.047 0.000 0.000 0.000 0.000 0.000 0.000 0.000 0.000 0.000 0.005 0.032 0.470 0.997 0.000 0.000 0.000 0.000 0.000 0.000 0.000 0.000 0.962 0.998 0.000 1.000 0.985 0.294 0.000
0.859 0.963 0.361 0.000 0.000 0.000 0.000 0.705 0.000 0.000 0.000 0.000 0.001 0.000 0.000 0.000 0.325 0.000 0.996 0.000 0.000 0.000 0.000 0.000 0.000 0.000 0.000 0.792 0.954 1.000 0.000 0.982 0.972 0.147
0.283 0.999 0.976 0.000 0.000 0.986 0.308 0.062 0.000 0.000 0.000 0.000 0.000 0.000 0.000 0.000 0.000 0.000 0.998 0.178 0.059 0.000 0.000 0.000 0.000 0.001 0.000 0.963 0.009 0.985 0.982 0.000 0.976 0.871
0.298 0.453 0.986 0.005 0.000 0.069 0.000 0.000 0.000 0.000 0.000 0.000 0.020 0.000 0.000 0.000 0.000 0.000 0.000 0.000 0.000 0.000 0.000 0.000 0.000 0.000 0.000 0.016 0.000 0.294 0.972 0.976 0.000 0.996
0.673 0.712 0.979 0.906 0.000 0.024 0.000 0.000 0.000 0.000 0.000 0.011 0.109 0.006 0.000 0.000 0.000 0.000 0.000 0.000 0.000 0.000 0.000 0.000 0.000 0.000 0.000 0.000 0.000 0.000 0.147 0.871 0.996 0.000
