0.000 0.990 0.872 0.021 0.000 0.001 0.015 0.000 0.028 0.000 0.000 0.000 0.000 0.001 0.000 0.007 0.000 0.001 0.000 0.000 0.000 0.000 0.001 0.000 0.005 0.000 0.000 0.007 0.000 0.039 0.109 0.060 0.234
0.990 0.000 0.983 0.934 0.009 0.918 0.979 0.461 0.564 0.040 0.000 0.000 0.000 0.005 0.041 0.632 0.093 0.157 0.003 0.000 0.230 0.000 0.000 0.000 0.000 0.000 0.000 0.002 0.035 0.140 0.387 0.055 0.245
0.872 0.983 0.000 1.000 0.986 1.000 0.661 0.001 0.000 0.000 0.000 0.000 0.000 0.000 0.000 0.015 0.000 0.030 0.000 0.009 0.207 0.173 0.000 0.000 0.000 0.000 0.000 0.000 0.000 0.035 0.896 0.469 0.752
0.021 0.934 1.000 0.000 0.992 0.997 0.000 0.000 0.000 0.000 0.000 0.001 0.004 0.000 0.000 0.000 0.000 0.000 0.000 0.069 0.252 0.482 0.000 0.000 0.000 0.000 0.000 0.000 0.000 0.000 0.092 0.234 0.530
0.000 0.009 0.986 0.992 0.000 1.000 0.961 0.028 0.000 0.000 0.000 0.000 0.000 0.000 0.000 0.000 0.000 0.000 0.876 0.974 0.996 0.952 0.011 0.000 0.000 0.000 0.000 0.000 0.000 0.000 0.000 0.026 0.071
0.001 0.918 1.000 0.997 1.000 0.000 1.000 0.938 0.000 0.000 0.000 0.000 0.000 0.000 0.000 0.000 0.002 0.469 0.986 1.000 0.999 0.580 0.031 0.000 0.006 0.031 0.979 0.333 0.928 0.872 0.967 0.713 0.355
0.015 0.979 0.661 0.000 0.961 1.000 0.000 0.998 0.941 0.001 0.000 0.000 0.000 0.000 0.001 0.981 0.993 0.976 0.993 0.934 0.990 0.000 0.000 0.000 0.000 0.000 0.291 0.020 0.121 0.147 0.733 0.021 0.129
0.000 0.461 0.001 0.000 0.028 0.938 0.998 0.000 0.987 0.924 0.015 0.000 0.000 0.000 0.715 0.967 0.995 0.896 0.984 0.016 0.985 0.000 0.000 0.250 0.004 0.130 0.000 0.000 0.000 0.000 0.000 0.001 0.000
0.028 0.564 0.000 0.000 0.000 0.000 0.941 0.987 0.000 0.997 0.914 0.296 0.123 0.497 0.942 0.980 0.967 0.000 0.000 0.000 0.147 0.000 0.000 0.000 0.000 0.000 0.000 0.001 0.000 0.002 0.000 0.003 0.002
0.000 0.040 0.000 0.000 0.000 0.000 0.001 0.924 0.997 0.000 0.981 0.848 0.278 0.376 0.961 0.959 0.927 0.000 0.000 0.000 0.000 0.000 0.000 0.000 0.000 0.000 0.000 0.000 0.000 0.000 0.000 0.000 0.000
0.000 0.000 0.000 0.000 0.000 0.000 0.000 0.015 0.914 0.981 0.000 0.988 0.894 0.294 0.706 0.118 0.557 0.000 0.000 0.000 0.000 0.000 0.000 0.001 0.000 0.000 0.000 0.021 0.004 0.000 0.000 0.006 0.000
0.000 0.000 0.000 0.001 0.000 0.000 0.000 0.000 0.296 0.848 0.988 0.000 0.976 0.971 0.723 0.003 0.000 0.000 0.000 0.000 0.000 0.006 0.007 0.005 0.000 0.000 0.000 0.019 0.003 0.000 0.000 0.005 0.000
0.000 0.000 0.000 0.004 0.000 0.000 0.000 0.000 0.123 0.278 0.894 0.976 0.000 0.986 0.972 0.000 0.019 0.000 0.000 0.000 0.017 0.095 0.134 0.111 0.057 0.000 0.000 0.008 0.028 0.005 0.000 0.013 0.000
0.001 0.005 0.000 0.000 0.000 0.000 0.000 0.000 0.497 0.376 0.294 0.971 0.986 0.000 0.985 0.802 0.000 0.000 0.000 0.000 0.000 0.026 0.054 0.009 0.000 0.000 0.000 0.003 0.006 0.001 0.000 0.009 0.000
0.000 0.041 0.000 0.000 0.000 0.000 0.001 0.715 0.942 0.961 0.706 0.723 0.972 0.985 0.000 0.986 0.814 0.003 0.000 0.000 0.000 0.000 0.001 0.002 0.000 0.000 0.000 0.000 0.000 0.000 0.000 0.000 0.000
0.007 0.632 0.015 0.000 0.000 0.000 0.981 0.967 0.980 0.959 0.118 0.003 0.000 0.802 0.986 0.000 0.989 0.943 0.018 0.000 0.000 0.000 0.000 0.000 0.000 0.000 0.000 0.003 0.000 0.026 0.006 0.000 0.025
0.000 0.093 0.000 0.000 0.000 0.002 0.993 0.995 0.967 0.927 0.557 0.000 0.019 0.000 0.814 0.989 0.000 0.995 0.994 0.001 0.002 0.000 0.000 0.000 0.081 0.954 0.282 0.211 0.000 0.014 0.000 0.000 0.000
0.001 0.157 0.030 0.000 0.000 0.469 0.976 0.896 0.000 0.000 0.000 0.000 0.000 0.000 0.003 0.943 0.995 0.000 0.987 0.935 0.000 0.000 0.000 0.000 0.854 0.999 0.977 0.877 0.483 0.369 0.483 0.006 0.075
0.000 0.003 0.000 0.000 0.876 0.986 0.993 0.984 0.000 0.000 0.000 0.000 0.000 0.000 0.000 0.018 0.994 0.987 0.000 0.994 0.992 0.006 0.004 0.985 0.984 0.983 0.950 0.039 0.015 0.000 0.111 0.000 0.000
0.000 0.000 0.009 0.069 0.974 1.000 0.934 0.016 0.000 0.000 0.000 0.000 0.000 0.000 0.000 0.000 0.001 0.935 0.994 0.000 0.998 1.000 1.000 1.000 1.000 0.964 0.973 0.000 0.229 0.000 0.126 0.160 0.010
0.000 0.230 0.207 0.252 0.996 0.999 0.990 0.985 0.147 0.000 0.000 0.000 0.017 0.000 0.000 0.000 0.002 0.000 0.992 0.998 0.000 0.993 0.974 0.996 0.844 0.000 0.000 0.000 0.000 0.000 0.000 0.003 0.001
0.000 0.000 0.173 0.482 0.952 0.580 0.000 0.000 0.000 0.000 0.000 0.006 0.095 0.026 0.000 0.000 0.000 0.000 0.006 1.000 0.993 0.000 0.995 0.990 0.042 0.000 0.000 0.000 0.003 0.000 0.000 0.064 0.052
0.001 0.000 0.000 0.000 0.011 0.031 0.000 0.000 0.000 0.000 0.000 0.007 0.134 0.054 0.001 0.000 0.000 0.000 0.004 1.000 0.974 0.995 0.000 0.993 0.999 0.079 0.876 0.000 0.057 0.000 0.000 0.026 0.000
0.000 0.000 0.000 0.000 0.000 0.000 0.000 0.250 0.000 0.000 0.001 0.005 0.111 0.009 0.002 0.000 0.000 0.000 0.985 1.000 0.996 0.990 0.993 0.000 0.994 0.940 0.005 0.000 0.000 0.002 0.000 0.000 0.000
0.005 0.000 0.000 0.000 0.000 0.006 0.000 0.004 0.000 0.000 0.000 0.000 0.057 0.000 0.000 0.000 0.081 0.854 0.984 1.000 0.844 0.042 0.999 0.994 0.000 0.999 0.992 0.103 0.005 0.000 0.000 0.000 0.000
0.000 0.000 0.000 0.000 0.000 0.031 0.000 0.130 0.000 0.000 0.000 0.000 0.000 0.000 0.000 0.000 0.954 0.999 0.983 0.964 0.000 0.000 0.079 0.940 0.999 0.000 1.000 0.976 0.000 0.028 0.000 0.000 0.000
0.000 0.000 0.000 0.000 0.000 0.979 0.291 0.000 0.000 0.000 0.000 0.000 0.000 0.000 0.000 0.000 0.282 0.977 0.950 0.973 0.000 0.000 0.876 0.005 0.992 1.000 0.000 0.989 0.982 0.265 0.184 0.045 0.000
0.007 0.002 0.000 0.000 0.000 0.333 0.020 0.000 0.001 0.000 0.021 0.019 0.008 0.003 0.000 0.003 0.211 0.877 0.039 0.000 0.000 0.000 0.000 0.000 0.103 0.976 0.989 0.000 1.000 0.945 0.066 0.007 0.000
0.000 0.035 0.000 0.000 0.000 0.928 0.121 0.000 0.000 0.000 0.004 0.003 0.028 0.006 0.000 0.000 0.000 0.483 0.015 0.229 0.000 0.003 0.057 0.000 0.005 0.000 0.982 1.000 0.000 0.996 0.937 0.437 0.000
0.039 0.140 0.035 0.000 0.000 0.872 0.147 0.000 0.002 0.000 0.000 0.000 0.005 0.001 0.000 0.026 0.014 0.369 0.000 0.000 0.000 0.000 0.000 0.002 0.000 0.028 0.265 0.945 0.996 0.000 0.991 0.969 0.319
0.109 0.387 0.896 0.092 0.000 0.967 0.733 0.000 0.000 0.000 0.000 0.000 0.000 0.000 0.000 0.006 0.000 0.483 0.111 0.126 0.000 0.000 0.000 0.000 0.000 0.000 0.184 0.066 0.937 0.991 0.000 0.998 0.973
0.060 0.055 0.469 0.234 0.026 0.713 0.021 0.001 0.003 0.000 0.006 0.005 0.013 0.009 0.000 0.000 0.000 0.006 0.000 0.160 0.003 0.064 0.026 0.000 0.000 0.000 0.045 0.007 0.437 0.969 0.998 0.000 0.999
0.234 0.245 0.752 0.530 0.071 0.355 0.129 0.000 0.002 0.000 0.000 0.000 0.000 0.000 0.000 0.025 0.000 0.075 0.000 0.010 0.001 0.052 0.000 0.000 0.000 0.000 0.000 0.000 0.000 0.319 0.973 0.999 0.000
