0.000 0.965 0.829 0.003 0.000 0.000 0.000 0.033 0.000 0.000 0.000 0.005 0.000 0.000 0.000 0.000 0.000 0.000 0.002 0.000 0.000 0.000 0.000 0.000 0.000 0.000 0.000 0.000 0.000 0.000 0.651 0.408 0.432 0.775
0.965 0.000 0.997 0.888 0.003 0.958 0.885 0.969 0.000 0.000 0.000 0.000 0.000 0.000 0.000 0.000 0.002 0.000 0.950 0.146 0.000 0.000 0.000 0.000 0.000 0.000 0.000 0.000 0.000 0.000 0.948 0.986 0.512 0.801
0.829 0.997 0.000 0.989 0.874 0.973 0.000 0.000 0.000 0.000 0.000 0.000 0.000 0.000 0.000 0.000 0.000 0.000 0.003 0.000 0.245 0.000 0.002 0.000 0.000 0.000 0.000 0.000 0.000 0.000 0.236 0.973 0.946 0.951
0.003 0.888 0.989 0.000 0.956 0.951 0.000 0.000 0.000 0.000 0.000 0.006 0.001 0.000 0.000 0.000 0.000 0.000 0.000 0.000 0.780 0.009 0.316 0.012 0.000 0.000 0.000 0.000 0.000 0.000 0.000 0.000 0.003 0.841
0.000 0.003 0.874 0.956 0.000 0.986 0.940 0.000 0.000 0.000 0.000 0.000 0.000 0.000 0.000 0.000 0.000 0.000 0.000 0.903 0.970 0.947 0.902 0.149 0.000 0.000 0.000 0.000 0.000 0.000 0.000 0.000 0.000 0.000
0.000 0.958 0.973 0.951 0.986 0.000 0.991 0.890 0.000 0.000 0.000 0.000 0.000 0.000 0.000 0.000 0.000 0.005 0.965 0.996 1.000 0.847 0.105 0.681 0.000 0.994 0.981 0.987 0.000 0.016 0.001 0.978 0.042 0.022
0.000 0.885 0.000 0.000 0.940 0.991 0.000 0.969 0.993 0.000 0.000 0.000 0.000 0.000 0.000 0.000 0.000 0.896 0.984 0.983 0.955 0.899 0.000 0.000 0.000 0.000 0.000 0.000 0.000 0.000 0.000 0.144 0.000 0.000
0.033 0.969 0.000 0.000 0.000 0.890 0.969 0.000 0.986 0.945 0.000 0.000 0.000 0.000 0.000 0.000 0.964 0.965 1.000 0.906 0.000 0.000 0.000 0.000 0.000 0.000 0.000 0.000 0.000 0.000 0.646 0.065 0.000 0.000
0.000 0.000 0.000 0.000 0.000 0.000 0.993 0.986 0.000 0.991 0.924 0.000 0.000 0.000 0.000 0.860 0.937 1.000 0.992 1.000 0.000 0.723 0.000 0.000 0.019 0.000 0.451 0.000 0.000 0.000 0.000 0.000 0.000 0.000
0.000 0.000 0.000 0.000 0.000 0.000 0.000 0.945 0.991 0.000 1.000 0.999 0.903 0.842 0.920 0.977 0.984 0.985 0.000 0.000 0.000 0.000 0.000 0.000 0.000 0.000 0.000 0.000 0.135 0.000 0.000 0.000 0.000 0.000
0.000 0.000 0.000 0.000 0.000 0.000 0.000 0.000 0.924 1.000 0.000 0.992 0.944 0.000 0.900 0.972 0.720 0.987 0.000 0.000 0.000 0.000 0.000 0.000 0.000 0.000 0.000 0.000 0.749 0.000 0.000 0.000 0.000 0.000
0.005 0.000 0.000 0.006 0.000 0.000 0.000 0.000 0.000 0.999 0.992 0.000 0.995 0.960 0.987 0.933 0.017 0.256 0.000 0.000 0.000 0.000 0.002 0.000 0.000 0.000 0.000 0.000 0.037 0.000 0.000 0.000 0.001 0.026
0.000 0.000 0.000 0.001 0.000 0.000 0.000 0.000 0.000 0.903 0.944 0.995 0.000 0.991 0.979 0.000 0.004 0.000 0.000 0.000 0.000 0.000 0.000 0.000 0.000 0.000 0.000 0.000 0.000 0.000 0.000 0.000 0.000 0.004
0.000 0.000 0.000 0.000 0.000 0.000 0.000 0.000 0.000 0.842 0.000 0.960 0.991 0.000 0.994 0.942 0.028 0.000 0.000 0.000 0.000 0.000 0.000 0.000 0.000 0.000 0.000 0.000 0.000 0.000 0.000 0.000 0.000 0.000
0.000 0.000 0.000 0.000 0.000 0.000 0.000 0.000 0.000 0.920 0.900 0.987 0.979 0.994 0.000 0.992 0.968 0.001 0.000 0.000 0.000 0.000 0.000 0.000 0.000 0.000 0.000 0.000 0.000 0.000 0.000 0.000 0.000 0.000
0.000 0.000 0.000 0.000 0.000 0.000 0.000 0.000 0.860 0.977 0.972 0.933 0.000 0.942 0.992 0.000 0.995 0.960 0.006 0.000 0.000 0.000 0.000 0.000 0.000 0.000 0.007 0.000 0.957 0.026 0.001 0.000 0.000 0.000
0.000 0.002 0.000 0.000 0.000 0.000 0.000 0.964 0.937 0.984 0.720 0.017 0.004 0.028 0.968 0.995 0.000 0.985 0.985 0.000 0.000 0.000 0.000 0.000 0.000 0.000 0.000 0.057 0.993 0.031 0.401 0.000 0.000 0.000
0.000 0.000 0.000 0.000 0.000 0.005 0.896 0.965 1.000 0.985 0.987 0.256 0.000 0.000 0.001 0.960 0.985 0.000 1.000 0.960 0.000 0.000 0.000 0.000 0.000 0.006 0.979 0.998 0.994 0.444 0.001 0.000 0.000 0.000
0.002 0.950 0.003 0.000 0.000 0.965 0.984 1.000 0.992 0.000 0.000 0.000 0.000 0.000 0.000 0.006 0.985 1.000 0.000 0.991 0.926 0.000 0.000 0.000 0.000 0.931 0.999 1.000 0.985 0.961 0.974 0.965 0.000 0.000
0.000 0.146 0.000 0.000 0.903 0.996 0.983 0.906 1.000 0.000 0.000 0.000 0.000 0.000 0.000 0.000 0.000 0.960 0.991 0.000 0.997 0.988 0.009 0.001 0.983 0.997 0.998 0.974 0.000 0.000 0.000 0.133 0.000 0.000
0.000 0.000 0.245 0.780 0.970 1.000 0.955 0.000 0.000 0.000 0.000 0.000 0.000 0.000 0.000 0.000 0.000 0.000 0.926 0.997 0.000 0.996 0.992 0.991 0.999 0.999 0.981 0.058 0.000 0.000 0.000 0.032 0.000 0.000
0.000 0.000 0.000 0.009 0.947 0.847 0.899 0.000 0.723 0.000 0.000 0.000 0.000 0.000 0.000 0.000 0.000 0.000 0.000 0.988 0.996 0.000 0.995 0.978 0.997 0.637 0.000 0.000 0.000 0.000 0.000 0.000 0.000 0.000
0.000 0.000 0.002 0.316 0.902 0.105 0.000 0.000 0.000 0.000 0.000 0.002 0.000 0.000 0.000 0.000 0.000 0.000 0.000 0.009 0.992 0.995 0.000 0.988 0.986 0.093 0.000 0.000 0.000 0.000 0.000 0.000 0.000 0.000
0.000 0.000 0.000 0.012 0.149 0.681 0.000 0.000 0.000 0.000 0.000 0.000 0.000 0.000 0.000 0.000 0.000 0.000 0.000 0.001 0.991 0.978 0.988 0.000 0.998 0.987 0.007 0.000 0.000 0.000 0.000 0.000 0.000 0.000
0.000 0.000 0.000 0.000 0.000 0.000 0.000 0.000 0.019 0.000 0.000 0.000 0.000 0.000 0.000 0.000 0.000 0.000 0.000 0.983 0.999 0.997 0.986 0.998 0.000 0.999 0.958 0.000 0.000 0.000 0.000 0.000 0.000 0.000
0.000 0.000 0.000 0.000 0.000 0.994 0.000 0.000 0.000 0.000 0.000 0.000 0.000 0.000 0.000 0.000 0.000 0.006 0.931 0.997 0.999 0.637 0.093 0.987 0.999 0.000 0.994 0.966 0.000 0.000 0.000 0.001 0.000 0.000
0.000 0.000 0.000 0.000 0.000 0.981 0.000 0.000 0.451 0.000 0.000 0.000 0.000 0.000 0.000 0.007 0.000 0.979 0.999 0.998 0.981 0.000 0.000 0.007 0.958 0.994 0.000 1.000 0.907 0.000 0.000 0.000 0.000 0.000
0.000 0.000 0.000 0.000 0.000 0.987 0.000 0.000 0.000 0.000 0.000 0.000 0.000 0.000 0.000 0.000 0.057 0.998 1.000 0.974 0.058 0.000 0.000 0.000 0.000 0.966 1.000 0.000 0.975 0.936 0.782 0.958 0.010 0.000
0.000 0.000 0.000 0.000 0.000 0.000 0.000 0.000 0.000 0.135 0.749 0.037 0.000 0.000 0.000 0.957 0.993 0.994 0.985 0.000 0.000 0.000 0.000 0.000 0.000 0.000 0.907 0.975 0.000 0.990 0.891 0.008 0.000 0.000
0.000 0.000 0.000 0.000 0.000 0.016 0.000 0.000 0.000 0.000 0.000 0.000 0.000 0.000 0.000 0.026 0.031 0.444 0.961 0.000 0.000 0.000 0.000 0.000 0.000 0.000 0.000 0.936 0.990 0.000 0.993 0.961 0.361 0.000
0.651 0.948 0.236 0.000 0.000 0.001 0.000 0.646 0.000 0.000 0.000 0.000 0.000 0.000 0.000 0.001 0.401 0.001 0.974 0.000 0.000 0.000 0.000 0.000 0.000 0.000 0.000 0.782 0.891 0.993 0.000 0.983 0.947 0.083
0.408 0.986 0.973 0.000 0.000 0.978 0.144 0.065 0.000 0.000 0.000 0.000 0.000 0.000 0.000 0.000 0.000 0.000 0.965 0.133 0.032 0.000 0.000 0.000 0.000 0.001 0.000 0.958 0.008 0.961 0.983 0.000 0.980 0.773
0.432 0.512 0.946 0.003 0.000 0.042 0.000 0.000 0.000 0.000 0.000 0.001 0.000 0.000 0.000 0.000 0.000 0.000 0.000 0.000 0.000 0.000 0.000 0.000 0.000 0.000 0.000 0.010 0.000 0.361 0.947 0.980 0.000 0.979
0.775 0.801 0.951 0.841 0.000 0.022 0.000 0.000 0.000 0.000 0.000 0.026 0.004 0.000 0.000 0.000 0.000 0.000 0.000 0.000 0.000 0.000 0.000 0.000 0.000 0.000 0.000 0.000 0.000 0.000 0.083 0.773 0.979 0.000
