0.000 0.996 0.854 0.003 0.000 0.000 0.000 0.037 0.000 0.000 0.000 0.000 0.000 0.000 0.000 0.000 0.000 0.000 0.000 0.000 0.000 0.000 0.000 0.000 0.000 0.000 0.000 0.000 0.000 0.000 0.727 0.341 0.395 0.685
0.996 0.000 0.976 0.830 0.003 0.986 0.937 0.971 0.000 0.000 0.000 0.000 0.000 0.000 0.000 0.000 0.000 0.000 0.959 0.114 0.000 0.000 0.000 0.000 0.000 0.000 0.000 0.000 0.000 0.000 0.987 0.957 0.545 0.753
0.854 0.976 0.000 0.968 0.859 0.961 0.000 0.000 0.000 0.000 0.000 0.000 0.000 0.000 0.000 0.000 0.000 0.000 0.003 0.000 0.333 0.000 0.000 0.000 0.000 0.000 0.000 0.000 0.000 0.000 0.227 0.919 0.981 0.989
0.003 0.830 0.968 0.000 0.974 0.926 0.000 0.000 0.000 0.000 0.000 0.000 0.000 0.000 0.000 0.002 0.000 0.000 0.000 0.000 0.747 0.003 0.587 0.012 0.000 0.000 0.000 0.000 0.000 0.000 0.000 0.000 0.001 0.873
0.000 0.003 0.859 0.974 0.000 0.943 0.789 0.000 0.000 0.000 0.000 0.000 0.000 0.000 0.000 0.000 0.000 0.000 0.000 0.757 0.924 0.978 0.949 0.250 0.000 0.000 0.000 0.000 0.000 0.000 0.000 0.000 0.000 0.000
0.000 0.986 0.961 0.926 0.943 0.000 0.997 0.891 0.000 0.000 0.000 0.000 0.000 0.000 0.000 0.000 0.000 0.007 0.981 0.999 0.995 0.852 0.132 0.554 0.000 0.987 0.985 0.982 0.000 0.026 0.000 0.991 0.061 0.044
0.000 0.937 0.000 0.000 0.789 0.997 0.000 0.987 0.997 0.000 0.000 0.000 0.000 0.000 0.000 0.000 0.000 0.879 0.950 0.986 0.835 0.857 0.000 0.000 0.005 0.000 0.000 0.000 0.000 0.000 0.000 0.143 0.000 0.000
0.037 0.971 0.000 0.000 0.000 0.891 0.987 0.000 1.000 0.989 0.000 0.000 0.000 0.000 0.000 0.000 0.987 0.981 0.997 0.920 0.000 0.000 0.000 0.000 0.000 0.000 0.000 0.000 0.000 0.000 0.647 0.100 0.000 0.000
0.000 0.000 0.000 0.000 0.000 0.000 0.997 1.000 0.000 0.990 0.977 0.000 0.000 0.000 0.000 0.970 0.997 0.998 0.987 0.994 0.000 0.502 0.000 0.000 0.034 0.000 0.414 0.000 0.000 0.000 0.000 0.000 0.000 0.000
0.000 0.000 0.000 0.000 0.000 0.000 0.000 0.989 0.990 0.000 0.999 0.981 0.025 0.059 0.992 0.996 1.000 0.983 0.000 0.000 0.000 0.000 0.000 0.000 0.000 0.000 0.000 0.000 0.077 0.000 0.000 0.000 0.000 0.000
0.000 0.000 0.000 0.000 0.000 0.000 0.000 0.000 0.977 0.999 0.000 0.995 0.910 0.994 0.976 1.000 0.997 0.999 0.000 0.000 0.000 0.000 0.000 0.000 0.000 0.000 0.002 0.000 0.959 0.000 0.000 0.000 0.000 0.000
0.000 0.000 0.000 0.000 0.000 0.000 0.000 0.000 0.000 0.981 0.995 0.000 0.987 0.995 0.962 0.183 0.000 0.731 0.000 0.000 0.000 0.000 0.000 0.000 0.000 0.000 0.000 0.000 0.000 0.000 0.000 0.000 0.000 0.000
0.000 0.000 0.000 0.000 0.000 0.000 0.000 0.000 0.000 0.025 0.910 0.987 0.000 0.982 0.932 0.026 0.000 0.000 0.000 0.000 0.000 0.000 0.001 0.000 0.000 0.000 0.000 0.000 0.000 0.000 0.000 0.000 0.000 0.000
0.000 0.000 0.000 0.000 0.000 0.000 0.000 0.000 0.000 0.059 0.994 0.995 0.982 0.000 0.993 0.993 0.000 0.001 0.000 0.000 0.000 0.000 0.000 0.000 0.000 0.000 0.000 0.000 0.625 0.000 0.000 0.000 0.000 0.000
0.000 0.000 0.000 0.000 0.000 0.000 0.000 0.000 0.000 0.992 0.976 0.962 0.932 0.993 0.000 0.982 0.984 0.000 0.000 0.000 0.000 0.000 0.000 0.000 0.000 0.000 0.000 0.000 0.001 0.000 0.000 0.000 0.000 0.000
0.000 0.000 0.000 0.002 0.000 0.000 0.000 0.000 0.970 0.996 1.000 0.183 0.026 0.993 0.982 0.000 1.000 0.980 0.000 0.000 0.000 0.000 0.000 0.000 0.000 0.000 0.000 0.000 0.909 0.006 0.000 0.000 0.000 0.000
0.000 0.000 0.000 0.000 0.000 0.000 0.000 0.987 0.997 1.000 0.997 0.000 0.000 0.000 0.984 1.000 0.000 0.998 0.995 0.000 0.000 0.000 0.000 0.000 0.000 0.000 0.000 0.059 0.939 0.006 0.238 0.000 0.000 0.000
0.000 0.000 0.000 0.000 0.000 0.007 0.879 0.981 0.998 0.983 0.999 0.731 0.000 0.001 0.000 0.980 0.998 0.000 1.000 0.979 0.000 0.000 0.000 0.000 0.000 0.005 0.914 0.937 0.998 0.327 0.000 0.000 0.000 0.000
0.000 0.959 0.003 0.000 0.000 0.981 0.950 0.997 0.987 0.000 0.000 0.000 0.000 0.000 0.000 0.000 0.995 1.000 0.000 0.985 0.843 0.000 0.000 0.000 0.000 0.832 0.967 0.978 0.981 0.946 0.988 0.986 0.000 0.000
0.000 0.114 0.000 0.000 0.757 0.999 0.986 0.920 0.994 0.000 0.000 0.000 0.000 0.000 0.000 0.000 0.000 0.979 0.985 0.000 0.996 0.953 0.035 0.001 0.969 0.944 0.981 0.917 0.000 0.000 0.000 0.117 0.000 0.000
0.000 0.000 0.333 0.747 0.924 0.995 0.835 0.000 0.000 0.000 0.000 0.000 0.000 0.000 0.000 0.000 0.000 0.000 0.843 0.996 0.000 0.975 0.934 0.986 0.993 0.990 0.920 0.068 0.000 0.000 0.000 0.061 0.000 0.001
0.000 0.000 0.000 0.003 0.978 0.852 0.857 0.000 0.502 0.000 0.000 0.000 0.000 0.000 0.000 0.000 0.000 0.000 0.000 0.953 0.975 0.000 0.984 0.889 0.967 0.271 0.000 0.000 0.000 0.000 0.000 0.000 0.000 0.000
0.000 0.000 0.000 0.587 0.949 0.132 0.000 0.000 0.000 0.000 0.000 0.000 0.001 0.000 0.000 0.000 0.000 0.000 0.000 0.035 0.934 0.984 0.000 0.973 0.967 0.102 0.000 0.000 0.000 0.000 0.000 0.000 0.000 0.000
0.000 0.000 0.000 0.012 0.250 0.554 0.000 0.000 0.000 0.000 0.000 0.000 0.000 0.000 0.000 0.000 0.000 0.000 0.000 0.001 0.986 0.889 0.973 0.000 0.996 0.969 0.003 0.000 0.000 0.000 0.000 0.000 0.000 0.000
0.000 0.000 0.000 0.000 0.000 0.000 0.005 0.000 0.034 0.000 0.000 0.000 0.000 0.000 0.000 0.000 0.000 0.000 0.000 0.969 0.993 0.967 0.967 0.996 0.000 0.992 0.908 0.000 0.000 0.000 0.000 0.000 0.000 0.000
0.000 0.000 0.000 0.000 0.000 0.987 0.000 0.000 0.000 0.000 0.000 0.000 0.000 0.000 0.000 0.000 0.000 0.005 0.832 0.944 0.990 0.271 0.102 0.969 0.992 0.000 0.998 0.948 0.000 0.000 0.000 0.000 0.000 0.000
0.000 0.000 0.000 0.000 0.000 0.985 0.000 0.000 0.414 0.000 0.002 0.000 0.000 0.000 0.000 0.000 0.000 0.914 0.967 0.981 0.920 0.000 0.000 0.003 0.908 0.998 0.000 0.998 0.959 0.000 0.000 0.000 0.000 0.000
0.000 0.000 0.000 0.000 0.000 0.982 0.000 0.000 0.000 0.000 0.000 0.000 0.000 0.000 0.000 0.000 0.059 0.937 0.978 0.917 0.068 0.000 0.000 0.000 0.000 0.948 0.998 0.000 0.999 0.998 0.830 0.968 0.008 0.000
0.000 0.000 0.000 0.000 0.000 0.000 0.000 0.000 0.000 0.077 0.959 0.000 0.000 0.625 0.001 0.909 0.939 0.998 0.981 0.000 0.000 0.000 0.000 0.000 0.000 0.000 0.959 0.999 0.000 0.996 0.953 0.014 0.000 0.000
0.000 0.000 0.000 0.000 0.000 0.026 0.000 0.000 0.000 0.000 0.000 0.000 0.000 0.000 0.000 0.006 0.006 0.327 0.946 0.000 0.000 0.000 0.000 0.000 0.000 0.000 0.000 0.998 0.996 0.000 0.984 0.983 0.336 0.000
0.727 0.987 0.227 0.000 0.000 0.000 0.000 0.647 0.000 0.000 0.000 0.000 0.000 0.000 0.000 0.000 0.238 0.000 0.988 0.000 0.000 0.000 0.000 0.000 0.000 0.000 0.000 0.830 0.953 0.984 0.000 0.994 0.908 0.091
0.341 0.957 0.919 0.000 0.000 0.991 0.143 0.100 0.000 0.000 0.000 0.000 0.000 0.000 0.000 0.000 0.000 0.000 0.986 0.117 0.061 0.000 0.000 0.000 0.000 0.000 0.000 0.968 0.014 0.983 0.994 0.000 0.979 0.787
0.395 0.545 0.981 0.001 0.000 0.061 0.000 0.000 0.000 0.000 0.000 0.000 0.000 0.000 0.000 0.000 0.000 0.000 0.000 0.000 0.000 0.000 0.000 0.000 0.000 0.000 0.000 0.008 0.000 0.336 0.908 0.979 0.000 0.966
0.685 0.753 0.989 0.873 0.000 0.044 0.000 0.000 0.000 0.000 0.000 0.000 0.000 0.000 0.000 0.000 0.000 0.000 0.000 0.000 0.001 0.000 0.000 0.000 0.000 0.000 0.000 0.000 0.000 0.000 0.091 0.787 0.966 0.000
