0.000 1.000 0.901 0.019 0.000 0.002 0.082 0.000 0.000 0.000 0.000 0.003 0.001 0.000 0.000 0.000 0.000 0.002 0.000 0.000 0.000 0.000 0.000 0.000 0.000 0.000 0.000 0.000 0.000 0.127 0.054 0.026 0.553
1.000 0.000 0.980 0.918 0.003 0.991 0.715 0.002 0.000 0.000 0.000 0.000 0.000 0.000 0.000 0.023 0.002 0.651 0.016 0.002 0.000 0.000 0.000 0.000 0.000 0.000 0.000 0.000 0.000 0.572 0.709 0.125 0.642
0.901 0.980 0.000 0.998 0.987 0.988 0.596 0.000 0.000 0.000 0.000 0.000 0.000 0.000 0.000 0.000 0.000 0.012 0.136 0.179 0.312 0.125 0.003 0.000 0.000 0.000 0.000 0.000 0.000 0.004 0.261 0.031 0.511
0.019 0.918 0.998 0.000 0.992 0.964 0.474 0.068 0.000 0.000 0.000 0.000 0.000 0.000 0.000 0.000 0.000 0.000 0.082 0.035 0.241 0.041 0.000 0.001 0.000 0.000 0.000 0.000 0.000 0.000 0.000 0.000 0.016
0.000 0.003 0.987 0.992 0.000 0.990 0.926 0.975 0.000 0.000 0.000 0.000 0.000 0.000 0.000 0.000 0.000 0.000 0.948 0.015 0.331 0.000 0.000 0.000 0.000 0.000 0.000 0.000 0.000 0.000 0.000 0.000 0.001
0.002 0.991 0.988 0.964 0.990 0.000 1.000 0.993 0.000 0.000 0.000 0.000 0.000 0.000 0.000 0.001 0.853 0.981 1.000 0.963 0.768 0.427 0.032 0.000 0.015 0.001 0.428 0.000 0.111 0.433 0.917 0.135 0.487
0.082 0.715 0.596 0.474 0.926 1.000 0.000 1.000 0.996 0.000 0.000 0.000 0.000 0.000 0.000 0.994 0.995 0.998 0.989 0.000 0.000 0.000 0.000 0.000 0.000 0.000 0.000 0.000 0.000 0.380 0.156 0.000 0.018
0.000 0.002 0.000 0.068 0.975 0.993 1.000 0.000 0.997 0.988 0.004 0.000 0.000 0.001 0.954 0.961 1.000 0.988 1.000 0.005 0.520 0.000 0.000 0.006 0.000 0.671 0.051 0.002 0.000 0.000 0.000 0.000 0.000
0.000 0.000 0.000 0.000 0.000 0.000 0.996 0.997 0.000 1.000 0.926 0.080 0.154 0.947 0.980 0.983 0.996 0.000 0.000 0.000 0.000 0.000 0.000 0.000 0.000 0.000 0.000 0.004 0.000 0.000 0.000 0.000 0.000
0.000 0.000 0.000 0.000 0.000 0.000 0.000 0.988 1.000 0.000 0.973 0.827 0.926 0.960 0.975 0.962 0.995 0.000 0.000 0.000 0.000 0.000 0.000 0.000 0.000 0.000 0.000 0.104 0.000 0.000 0.000 0.000 0.000
0.000 0.000 0.000 0.000 0.000 0.000 0.000 0.004 0.926 0.973 0.000 0.956 0.948 0.894 0.104 0.000 0.748 0.000 0.000 0.000 0.000 0.000 0.000 0.000 0.000 0.000 0.000 0.003 0.000 0.000 0.000 0.000 0.000
0.003 0.000 0.000 0.000 0.000 0.000 0.000 0.000 0.080 0.827 0.956 0.000 0.988 0.920 0.027 0.000 0.000 0.000 0.000 0.000 0.000 0.008 0.000 0.000 0.000 0.000 0.000 0.000 0.000 0.000 0.000 0.000 0.000
0.001 0.000 0.000 0.000 0.000 0.000 0.000 0.000 0.154 0.926 0.948 0.988 0.000 0.985 0.975 0.001 0.108 0.000 0.000 0.000 0.000 0.001 0.000 0.000 0.000 0.000 0.000 0.061 0.000 0.000 0.000 0.000 0.000
0.000 0.000 0.000 0.000 0.000 0.000 0.000 0.001 0.947 0.960 0.894 0.920 0.985 0.000 0.984 0.930 0.000 0.000 0.000 0.000 0.000 0.000 0.000 0.000 0.000 0.000 0.000 0.001 0.000 0.000 0.000 0.000 0.000
0.000 0.000 0.000 0.000 0.000 0.000 0.000 0.954 0.980 0.975 0.104 0.027 0.975 0.984 0.000 1.000 0.994 0.000 0.000 0.000 0.000 0.000 0.000 0.000 0.000 0.000 0.000 0.409 0.000 0.000 0.000 0.000 0.000
0.000 0.023 0.000 0.000 0.000 0.001 0.994 0.961 0.983 0.962 0.000 0.000 0.001 0.930 1.000 0.000 0.999 1.000 0.000 0.000 0.000 0.000 0.000 0.000 0.000 0.000 0.030 0.954 0.019 0.364 0.002 0.000 0.000
0.000 0.002 0.000 0.000 0.000 0.853 0.995 1.000 0.996 0.995 0.748 0.000 0.108 0.000 0.994 0.999 0.000 1.000 0.952 0.000 0.000 0.000 0.000 0.000 0.004 1.000 1.000 1.000 0.293 0.001 0.000 0.000 0.000
0.002 0.651 0.012 0.000 0.000 0.981 0.998 0.988 0.000 0.000 0.000 0.000 0.000 0.000 0.000 1.000 1.000 0.000 0.936 0.815 0.000 0.000 0.000 0.000 0.870 1.000 1.000 1.000 1.000 0.998 0.949 0.000 0.047
0.000 0.016 0.136 0.082 0.948 1.000 0.989 1.000 0.000 0.000 0.000 0.000 0.000 0.000 0.000 0.000 0.952 0.936 0.000 1.000 0.998 0.002 0.006 1.000 0.998 0.986 0.889 0.000 0.000 0.007 0.268 0.000 0.084
0.000 0.002 0.179 0.035 0.015 0.963 0.000 0.005 0.000 0.000 0.000 0.000 0.000 0.000 0.000 0.000 0.000 0.815 1.000 0.000 0.998 0.997 1.000 0.992 1.000 0.875 0.529 0.000 0.012 0.005 0.337 0.129 0.206
0.000 0.000 0.312 0.241 0.331 0.768 0.000 0.520 0.000 0.000 0.000 0.000 0.000 0.000 0.000 0.000 0.000 0.000 0.998 0.998 0.000 1.000 0.998 1.000 0.704 0.000 0.000 0.000 0.000 0.000 0.068 0.001 0.091
0.000 0.000 0.125 0.041 0.000 0.427 0.000 0.000 0.000 0.000 0.000 0.008 0.001 0.000 0.000 0.000 0.000 0.000 0.002 0.997 1.000 0.000 1.000 0.999 0.113 0.000 0.000 0.000 0.000 0.000 0.047 0.058 0.145
0.000 0.000 0.003 0.000 0.000 0.032 0.000 0.000 0.000 0.000 0.000 0.000 0.000 0.000 0.000 0.000 0.000 0.000 0.006 1.000 0.998 1.000 0.000 0.999 0.996 0.035 0.144 0.000 0.000 0.000 0.019 0.005 0.023
0.000 0.000 0.000 0.001 0.000 0.000 0.000 0.006 0.000 0.000 0.000 0.000 0.000 0.000 0.000 0.000 0.000 0.000 1.000 0.992 1.000 0.999 0.999 0.000 0.990 0.855 0.000 0.000 0.000 0.000 0.000 0.002 0.000
0.000 0.000 0.000 0.000 0.000 0.015 0.000 0.000 0.000 0.000 0.000 0.000 0.000 0.000 0.000 0.000 0.004 0.870 0.998 1.000 0.704 0.113 0.996 0.990 0.000 0.994 0.915 0.026 0.000 0.000 0.015 0.000 0.000
0.000 0.000 0.000 0.000 0.000 0.001 0.000 0.671 0.000 0.000 0.000 0.000 0.000 0.000 0.000 0.000 1.000 1.000 0.986 0.875 0.000 0.000 0.035 0.855 0.994 0.000 0.997 0.991 0.000 0.000 0.002 0.000 0.000
0.000 0.000 0.000 0.000 0.000 0.428 0.000 0.051 0.000 0.000 0.000 0.000 0.000 0.000 0.000 0.030 1.000 1.000 0.889 0.529 0.000 0.000 0.144 0.000 0.915 0.997 0.000 1.000 0.996 0.573 0.685 0.023 0.000
0.000 0.000 0.000 0.000 0.000 0.000 0.000 0.002 0.004 0.104 0.003 0.000 0.061 0.001 0.409 0.954 1.000 1.000 0.000 0.000 0.000 0.000 0.000 0.000 0.026 0.991 1.000 0.000 1.000 0.990 0.007 0.000 0.000
0.000 0.000 0.000 0.000 0.000 0.111 0.000 0.000 0.000 0.000 0.000 0.000 0.000 0.000 0.000 0.019 0.293 1.000 0.000 0.012 0.000 0.000 0.000 0.000 0.000 0.000 0.996 1.000 0.000 1.000 0.987 0.362 0.000
0.127 0.572 0.004 0.000 0.000 0.433 0.380 0.000 0.000 0.000 0.000 0.000 0.000 0.000 0.000 0.364 0.001 0.998 0.007 0.005 0.000 0.000 0.000 0.000 0.000 0.000 0.573 0.990 1.000 0.000 0.996 0.997 0.419
0.054 0.709 0.261 0.000 0.000 0.917 0.156 0.000 0.000 0.000 0.000 0.000 0.000 0.000 0.000 0.002 0.000 0.949 0.268 0.337 0.068 0.047 0.019 0.000 0.015 0.002 0.685 0.007 0.987 0.996 0.000 1.000 1.000
0.026 0.125 0.031 0.000 0.000 0.135 0.000 0.000 0.000 0.000 0.000 0.000 0.000 0.000 0.000 0.000 0.000 0.000 0.000 0.129 0.001 0.058 0.005 0.002 0.000 0.000 0.023 0.000 0.362 0.997 1.000 0.000 0.994
0.553 0.642 0.511 0.016 0.001 0.487 0.018 0.000 0.000 0.000 0.000 0.000 0.000 0.000 0.000 0.000 0.000 0.047 0.084 0.206 0.091 0.145 0.023 0.000 0.000 0.000 0.000 0.000 0.000 0.419 1.000 0.994 0.000
