0.000 0.997 0.932 0.003 0.000 0.000 0.000 0.043 0.000 0.000 0.000 0.009 0.002 0.000 0.000 0.000 0.000 0.000 0.001 0.000 0.000 0.000 0.000 0.000 0.000 0.000 0.000 0.000 0.000 0.000 0.787 0.419 0.415 0.686
0.997 0.000 0.999 0.923 0.004 0.990 0.947 0.928 0.001 0.000 0.000 0.000 0.000 0.000 0.000 0.000 0.003 0.001 0.958 0.157 0.000 0.000 0.000 0.000 0.000 0.000 0.000 0.000 0.000 0.000 0.983 0.982 0.556 0.706
0.932 0.999 0.000 0.991 0.953 0.998 0.000 0.000 0.000 0.000 0.000 0.000 0.001 0.000 0.000 0.000 0.000 0.000 0.003 0.000 0.357 0.000 0.000 0.000 0.000 0.000 0.000 0.000 0.000 0.000 0.312 0.986 0.987 0.988
0.003 0.923 0.991 0.000 0.997 0.983 0.000 0.000 0.000 0.000 0.000 0.000 0.009 0.016 0.004 0.000 0.000 0.000 0.000 0.000 0.855 0.002 0.566 0.017 0.000 0.000 0.000 0.000 0.000 0.000 0.000 0.000 0.002 0.912
0.000 0.004 0.953 0.997 0.000 0.988 0.892 0.000 0.000 0.000 0.000 0.000 0.000 0.000 0.000 0.000 0.000 0.000 0.000 0.852 0.993 0.971 0.972 0.240 0.000 0.000 0.000 0.000 0.000 0.000 0.000 0.000 0.000 0.000
0.000 0.990 0.998 0.983 0.988 0.000 0.985 0.865 0.000 0.000 0.000 0.000 0.000 0.000 0.000 0.000 0.000 0.003 0.990 0.981 0.997 0.951 0.194 0.507 0.000 0.966 0.900 0.983 0.000 0.048 0.002 1.000 0.053 0.069
0.000 0.947 0.000 0.000 0.892 0.985 0.000 0.990 0.994 0.000 0.000 0.000 0.000 0.000 0.000 0.000 0.000 0.941 0.992 1.000 0.962 0.952 0.000 0.000 0.010 0.000 0.000 0.000 0.000 0.000 0.000 0.189 0.000 0.000
0.043 0.928 0.000 0.000 0.000 0.865 0.990 0.000 0.990 0.968 0.000 0.000 0.000 0.000 0.000 0.000 0.995 0.973 0.984 0.954 0.000 0.000 0.000 0.000 0.000 0.000 0.000 0.000 0.000 0.000 0.681 0.110 0.000 0.000
0.000 0.001 0.000 0.000 0.000 0.000 0.994 0.990 0.000 0.998 0.943 0.000 0.000 0.000 0.000 0.946 0.999 1.000 0.969 0.994 0.001 0.625 0.000 0.000 0.068 0.000 0.336 0.000 0.000 0.000 0.000 0.000 0.001 0.000
0.000 0.000 0.000 0.000 0.000 0.000 0.000 0.968 0.998 0.000 0.992 0.963 0.064 0.177 0.978 0.983 0.988 0.985 0.000 0.000 0.000 0.000 0.000 0.000 0.000 0.000 0.000 0.000 0.007 0.000 0.000 0.000 0.007 0.001
0.000 0.000 0.000 0.000 0.000 0.000 0.000 0.000 0.943 0.992 0.000 0.996 0.897 0.961 0.985 0.996 0.952 0.991 0.000 0.000 0.000 0.000 0.000 0.000 0.000 0.000 0.000 0.000 0.095 0.000 0.000 0.000 0.002 0.003
0.009 0.000 0.000 0.000 0.000 0.000 0.000 0.000 0.000 0.963 0.996 0.000 0.987 0.996 0.971 0.135 0.000 0.766 0.000 0.000 0.000 0.000 0.011 0.000 0.000 0.000 0.000 0.000 0.004 0.000 0.000 0.000 0.091 0.056
0.002 0.000 0.001 0.009 0.000 0.000 0.000 0.000 0.000 0.064 0.897 0.987 0.000 0.973 0.934 0.034 0.000 0.000 0.000 0.000 0.000 0.002 0.067 0.015 0.009 0.000 0.000 0.000 0.000 0.000 0.000 0.000 0.043 0.014
0.000 0.000 0.000 0.016 0.000 0.000 0.000 0.000 0.000 0.177 0.961 0.996 0.973 0.000 0.992 0.987 0.003 0.097 0.000 0.000 0.000 0.000 0.065 0.008 0.003 0.000 0.000 0.000 0.082 0.000 0.000 0.000 0.004 0.009
0.000 0.000 0.000 0.004 0.000 0.000 0.000 0.000 0.000 0.978 0.985 0.971 0.934 0.992 0.000 0.985 0.950 0.000 0.000 0.000 0.000 0.000 0.023 0.000 0.001 0.000 0.000 0.000 0.000 0.000 0.000 0.000 0.002 0.007
0.000 0.000 0.000 0.000 0.000 0.000 0.000 0.000 0.946 0.983 0.996 0.135 0.034 0.987 0.985 0.000 0.988 0.993 0.000 0.000 0.000 0.000 0.001 0.000 0.000 0.000 0.000 0.000 0.175 0.000 0.000 0.000 0.000 0.000
0.000 0.003 0.000 0.000 0.000 0.000 0.000 0.995 0.999 0.988 0.952 0.000 0.000 0.003 0.950 0.988 0.000 0.998 0.982 0.000 0.000 0.000 0.000 0.000 0.000 0.000 0.000 0.040 0.946 0.015 0.376 0.000 0.000 0.000
0.000 0.001 0.000 0.000 0.000 0.003 0.941 0.973 1.000 0.985 0.991 0.766 0.000 0.097 0.000 0.993 0.998 0.000 0.996 0.997 0.000 0.000 0.000 0.000 0.000 0.005 0.988 0.974 0.989 0.389 0.000 0.000 0.001 0.000
0.001 0.958 0.003 0.000 0.000 0.990 0.992 0.984 0.969 0.000 0.000 0.000 0.000 0.000 0.000 0.000 0.982 0.996 0.000 1.000 0.935 0.000 0.000 0.000 0.000 0.919 0.963 0.995 0.969 0.980 0.985 0.976 0.000 0.000
0.000 0.157 0.000 0.000 0.852 0.981 1.000 0.954 0.994 0.000 0.000 0.000 0.000 0.000 0.000 0.000 0.000 0.997 1.000 0.000 0.998 0.975 0.043 0.000 0.977 0.979 0.987 0.967 0.000 0.000 0.000 0.161 0.000 0.000
0.000 0.000 0.357 0.855 0.993 0.997 0.962 0.000 0.001 0.000 0.000 0.000 0.000 0.000 0.000 0.000 0.000 0.000 0.935 0.998 0.000 0.995 0.977 0.970 0.981 0.980 0.899 0.073 0.000 0.000 0.000 0.057 0.000 0.003
0.000 0.000 0.000 0.002 0.971 0.951 0.952 0.000 0.625 0.000 0.000 0.000 0.002 0.000 0.000 0.000 0.000 0.000 0.000 0.975 0.995 0.000 0.967 0.864 0.985 0.293 0.000 0.000 0.000 0.000 0.000 0.000 0.000 0.000
0.000 0.000 0.000 0.566 0.972 0.194 0.000 0.000 0.000 0.000 0.000 0.011 0.067 0.065 0.023 0.001 0.000 0.000 0.000 0.043 0.977 0.967 0.000 0.998 0.956 0.140 0.000 0.000 0.000 0.000 0.000 0.000 0.000 0.000
0.000 0.000 0.000 0.017 0.240 0.507 0.000 0.000 0.000 0.000 0.000 0.000 0.015 0.008 0.000 0.000 0.000 0.000 0.000 0.000 0.970 0.864 0.998 0.000 0.963 0.984 0.006 0.000 0.000 0.000 0.000 0.000 0.000 0.001
0.000 0.000 0.000 0.000 0.000 0.000 0.010 0.000 0.068 0.000 0.000 0.000 0.009 0.003 0.001 0.000 0.000 0.000 0.000 0.977 0.981 0.985 0.956 0.963 0.000 0.999 0.939 0.000 0.000 0.000 0.000 0.000 0.000 0.000
0.000 0.000 0.000 0.000 0.000 0.966 0.000 0.000 0.000 0.000 0.000 0.000 0.000 0.000 0.000 0.000 0.000 0.005 0.919 0.979 0.980 0.293 0.140 0.984 0.999 0.000 0.991 0.961 0.000 0.000 0.000 0.001 0.000 0.000
0.000 0.000 0.000 0.000 0.000 0.900 0.000 0.000 0.336 0.000 0.000 0.000 0.000 0.000 0.000 0.000 0.000 0.988 0.963 0.987 0.899 0.000 0.000 0.006 0.939 0.991 0.000 1.000 0.988 0.000 0.000 0.000 0.000 0.000
0.000 0.000 0.000 0.000 0.000 0.983 0.000 0.000 0.000 0.000 0.000 0.000 0.000 0.000 0.000 0.000 0.040 0.974 0.995 0.967 0.073 0.000 0.000 0.000 0.000 0.961 1.000 0.000 1.000 1.000 0.886 0.960 0.027 0.000
0.000 0.000 0.000 0.000 0.000 0.000 0.000 0.000 0.000 0.007 0.095 0.004 0.000 0.082 0.000 0.175 0.946 0.989 0.969 0.000 0.000 0.000 0.000 0.000 0.000 0.000 0.988 1.000 0.000 0.986 0.883 0.011 0.002 0.000
0.000 0.000 0.000 0.000 0.000 0.048 0.000 0.000 0.000 0.000 0.000 0.000 0.000 0.000 0.000 0.000 0.015 0.389 0.980 0.000 0.000 0.000 0.000 0.000 0.000 0.000 0.000 1.000 0.986 0.000 0.996 0.983 0.387 0.000
0.787 0.983 0.312 0.000 0.000 0.002 0.000 0.681 0.000 0.000 0.000 0.000 0.000 0.000 0.000 0.000 0.376 0.000 0.985 0.000 0.000 0.000 0.000 0.000 0.000 0.000 0.000 0.886 0.883 0.996 0.000 0.999 0.942 0.092
0.419 0.982 0.986 0.000 0.000 1.000 0.189 0.110 0.000 0.000 0.000 0.000 0.000 0.000 0.000 0.000 0.000 0.000 0.976 0.161 0.057 0.000 0.000 0.000 0.000 0.001 0.000 0.960 0.011 0.983 0.999 0.000 0.991 0.931
0.415 0.556 0.987 0.002 0.000 0.053 0.000 0.000 0.001 0.007 0.002 0.091 0.043 0.004 0.002 0.000 0.000 0.001 0.000 0.000 0.000 0.000 0.000 0.000 0.000 0.000 0.000 0.027 0.002 0.387 0.942 0.991 0.000 0.997
0.686 0.706 0.988 0.912 0.000 0.069 0.000 0.000 0.000 0.001 0.003 0.056 0.014 0.009 0.007 0.000 0.000 0.000 0.000 0.000 0.003 0.000 0.000 0.001 0.000 0.000 0.000 0.000 0.000 0.000 0.092 0.931 0.997 0.000
