0.000 0.990 0.969 0.004 0.000 0.000 0.003 0.000 0.000 0.000 0.000 0.000 0.000 0.000 0.000 0.000 0.000 0.000 0.000 0.000 0.000 0.000 0.000 0.000 0.000 0.000 0.000 0.000 0.000 0.023 0.145 0.277 0.826
0.990 0.000 1.000 0.967 0.017 0.983 0.980 0.001 0.005 0.000 0.000 0.000 0.000 0.000 0.000 0.004 0.000 0.120 0.034 0.002 0.003 0.001 0.000 0.000 0.000 0.000 0.000 0.000 0.000 0.267 0.949 0.491 0.939
0.969 1.000 0.000 0.997 0.956 0.997 0.056 0.000 0.000 0.000 0.000 0.000 0.000 0.000 0.000 0.000 0.000 0.000 0.000 0.022 0.480 0.567 0.000 0.000 0.000 0.000 0.000 0.000 0.000 0.012 0.456 0.174 0.619
0.004 0.967 0.997 0.000 1.000 1.000 0.000 0.003 0.000 0.000 0.000 0.000 0.000 0.000 0.000 0.000 0.000 0.000 0.000 0.006 0.929 0.394 0.000 0.057 0.000 0.000 0.000 0.000 0.000 0.000 0.000 0.000 0.015
0.000 0.017 0.956 1.000 0.000 0.999 0.981 0.768 0.000 0.000 0.000 0.000 0.000 0.000 0.000 0.000 0.000 0.000 0.987 0.815 0.983 0.160 0.000 0.394 0.000 0.000 0.000 0.000 0.000 0.000 0.000 0.000 0.000
0.000 0.983 0.997 1.000 0.999 0.000 0.994 0.845 0.002 0.000 0.000 0.000 0.000 0.000 0.000 0.000 0.000 0.454 0.996 0.998 0.999 0.990 0.265 0.002 0.000 0.000 0.841 0.001 0.321 0.305 0.995 0.293 0.350
0.003 0.980 0.056 0.000 0.981 0.994 0.000 0.989 0.918 0.013 0.000 0.000 0.000 0.000 0.000 0.530 0.949 0.985 0.996 0.951 0.812 0.000 0.000 0.000 0.000 0.000 0.056 0.000 0.009 0.598 0.835 0.003 0.290
0.000 0.001 0.000 0.003 0.768 0.845 0.989 0.000 0.994 0.912 0.019 0.028 0.014 0.000 0.385 0.562 0.981 0.875 0.980 0.002 0.157 0.000 0.000 0.499 0.003 0.178 0.000 0.000 0.000 0.000 0.000 0.000 0.000
0.000 0.005 0.000 0.000 0.000 0.002 0.918 0.994 0.000 0.995 0.941 0.509 0.233 0.247 0.521 0.672 0.957 0.003 0.002 0.000 0.000 0.000 0.000 0.000 0.000 0.000 0.000 0.000 0.000 0.000 0.000 0.000 0.000
0.000 0.000 0.000 0.000 0.000 0.000 0.013 0.912 0.995 0.000 0.993 0.962 0.349 0.303 0.757 0.786 0.973 0.000 0.000 0.000 0.000 0.000 0.000 0.000 0.000 0.000 0.000 0.000 0.000 0.000 0.000 0.000 0.000
0.000 0.000 0.000 0.000 0.000 0.000 0.000 0.019 0.941 0.993 0.000 0.992 0.960 0.336 0.628 0.087 0.548 0.000 0.000 0.000 0.000 0.000 0.000 0.000 0.000 0.000 0.000 0.000 0.000 0.000 0.000 0.000 0.000
0.000 0.000 0.000 0.000 0.000 0.000 0.000 0.028 0.509 0.962 0.992 0.000 0.993 0.958 0.543 0.054 0.168 0.000 0.000 0.000 0.000 0.000 0.000 0.000 0.000 0.000 0.000 0.000 0.000 0.000 0.000 0.000 0.001
0.000 0.000 0.000 0.000 0.000 0.000 0.000 0.014 0.233 0.349 0.960 0.993 0.000 0.988 0.989 0.089 0.253 0.000 0.001 0.000 0.000 0.000 0.000 0.000 0.000 0.033 0.000 0.000 0.000 0.000 0.000 0.004 0.005
0.000 0.000 0.000 0.000 0.000 0.000 0.000 0.000 0.247 0.303 0.336 0.958 0.988 0.000 0.996 0.958 0.042 0.000 0.000 0.000 0.000 0.000 0.000 0.000 0.000 0.000 0.000 0.001 0.000 0.000 0.000 0.000 0.000
0.000 0.000 0.000 0.000 0.000 0.000 0.000 0.385 0.521 0.757 0.628 0.543 0.989 0.996 0.000 0.997 0.932 0.001 0.000 0.000 0.000 0.000 0.000 0.000 0.000 0.000 0.000 0.076 0.000 0.000 0.000 0.000 0.000
0.000 0.004 0.000 0.000 0.000 0.000 0.530 0.562 0.672 0.786 0.087 0.054 0.089 0.958 0.997 0.000 0.996 0.893 0.000 0.000 0.000 0.000 0.000 0.000 0.000 0.000 0.021 0.106 0.001 0.152 0.004 0.000 0.023
0.000 0.000 0.000 0.000 0.000 0.000 0.949 0.981 0.957 0.973 0.548 0.168 0.253 0.042 0.932 0.996 0.000 0.982 0.943 0.003 0.000 0.000 0.000 0.000 0.046 0.966 0.836 0.227 0.011 0.000 0.000 0.000 0.000
0.000 0.120 0.000 0.000 0.000 0.454 0.985 0.875 0.003 0.000 0.000 0.000 0.000 0.000 0.001 0.893 0.982 0.000 0.959 0.850 0.000 0.000 0.000 0.000 0.752 0.961 0.996 0.954 0.977 0.987 0.785 0.001 0.063
0.000 0.034 0.000 0.000 0.987 0.996 0.996 0.980 0.002 0.000 0.000 0.000 0.001 0.000 0.000 0.000 0.943 0.959 0.000 1.000 0.996 0.015 0.001 0.990 0.992 0.981 0.991 0.000 0.015 0.070 0.521 0.000 0.000
0.000 0.002 0.022 0.006 0.815 0.998 0.951 0.002 0.000 0.000 0.000 0.000 0.000 0.000 0.000 0.000 0.003 0.850 1.000 0.000 0.996 0.997 0.982 0.987 0.984 0.882 0.981 0.000 0.040 0.005 0.170 0.018 0.020
0.000 0.003 0.480 0.929 0.983 0.999 0.812 0.157 0.000 0.000 0.000 0.000 0.000 0.000 0.000 0.000 0.000 0.000 0.996 0.996 0.000 0.999 0.959 0.995 0.647 0.000 0.001 0.000 0.000 0.000 0.015 0.000 0.007
0.000 0.001 0.567 0.394 0.160 0.990 0.000 0.000 0.000 0.000 0.000 0.000 0.000 0.000 0.000 0.000 0.000 0.000 0.015 0.997 0.999 0.000 0.998 0.999 0.147 0.000 0.000 0.000 0.000 0.000 0.004 0.001 0.082
0.000 0.000 0.000 0.000 0.000 0.265 0.000 0.000 0.000 0.000 0.000 0.000 0.000 0.000 0.000 0.000 0.000 0.000 0.001 0.982 0.959 0.998 0.000 0.999 0.994 0.131 0.455 0.000 0.000 0.000 0.000 0.000 0.000
0.000 0.000 0.000 0.057 0.394 0.002 0.000 0.499 0.000 0.000 0.000 0.000 0.000 0.000 0.000 0.000 0.000 0.000 0.990 0.987 0.995 0.999 0.999 0.000 1.000 0.905 0.000 0.000 0.000 0.000 0.000 0.000 0.000
0.000 0.000 0.000 0.000 0.000 0.000 0.000 0.003 0.000 0.000 0.000 0.000 0.000 0.000 0.000 0.000 0.046 0.752 0.992 0.984 0.647 0.147 0.994 1.000 0.000 0.976 0.987 0.050 0.000 0.000 0.000 0.000 0.000
0.000 0.000 0.000 0.000 0.000 0.000 0.000 0.178 0.000 0.000 0.000 0.000 0.033 0.000 0.000 0.000 0.966 0.961 0.981 0.882 0.000 0.000 0.131 0.905 0.976 0.000 0.996 0.985 0.000 0.000 0.000 0.000 0.000
0.000 0.000 0.000 0.000 0.000 0.841 0.056 0.000 0.000 0.000 0.000 0.000 0.000 0.000 0.000 0.021 0.836 0.996 0.991 0.981 0.001 0.000 0.455 0.000 0.987 0.996 0.000 0.995 0.971 0.507 0.689 0.013 0.000
0.000 0.000 0.000 0.000 0.000 0.001 0.000 0.000 0.000 0.000 0.000 0.000 0.000 0.001 0.076 0.106 0.227 0.954 0.000 0.000 0.000 0.000 0.000 0.000 0.050 0.985 0.995 0.000 0.990 0.923 0.000 0.005 0.000
0.000 0.000 0.000 0.000 0.000 0.321 0.009 0.000 0.000 0.000 0.000 0.000 0.000 0.000 0.000 0.001 0.011 0.977 0.015 0.040 0.000 0.000 0.000 0.000 0.000 0.000 0.971 0.990 0.000 0.997 0.929 0.431 0.000
0.023 0.267 0.012 0.000 0.000 0.305 0.598 0.000 0.000 0.000 0.000 0.000 0.000 0.000 0.000 0.152 0.000 0.987 0.070 0.005 0.000 0.000 0.000 0.000 0.000 0.000 0.507 0.923 0.997 0.000 0.987 0.937 0.344
0.145 0.949 0.456 0.000 0.000 0.995 0.835 0.000 0.000 0.000 0.000 0.000 0.000 0.000 0.000 0.004 0.000 0.785 0.521 0.170 0.015 0.004 0.000 0.000 0.000 0.000 0.689 0.000 0.929 0.987 0.000 0.998 0.975
0.277 0.491 0.174 0.000 0.000 0.293 0.003 0.000 0.000 0.000 0.000 0.000 0.004 0.000 0.000 0.000 0.000 0.001 0.000 0.018 0.000 0.001 0.000 0.000 0.000 0.000 0.013 0.005 0.431 0.937 0.998 0.000 0.993
0.826 0.939 0.619 0.015 0.000 0.350 0.290 0.000 0.000 0.000 0.000 0.001 0.005 0.000 0.000 0.023 0.000 0.063 0.000 0.020 0.007 0.082 0.000 0.000 0.000 0.000 0.000 0.000 0.000 0.344 0.975 0.993 0.000
