0.000 0.984 0.880 0.006 0.000 0.001 0.001 0.000 0.000 0.000 0.000 0.000 0.000 0.000 0.000 0.000 0.000 0.000 0.000 0.000 0.038 0.005 0.000 0.000 0.000 0.000 0.000 0.000 0.000 0.180 0.183 0.231 0.505
0.984 0.000 0.987 0.951 0.013 0.958 0.625 0.000 0.001 0.000 0.000 0.000 0.000 0.000 0.000 0.104 0.000 0.358 0.000 0.001 0.053 0.001 0.000 0.000 0.000 0.000 0.000 0.000 0.000 0.376 0.370 0.282 0.729
0.880 0.987 0.000 0.998 0.963 0.974 0.034 0.059 0.000 0.000 0.000 0.000 0.000 0.000 0.000 0.000 0.000 0.103 0.340 0.611 0.305 0.193 0.008 0.000 0.000 0.000 0.004 0.000 0.000 0.013 0.457 0.368 0.748
0.006 0.951 0.998 0.000 0.994 0.979 0.000 0.217 0.000 0.000 0.000 0.000 0.000 0.000 0.000 0.000 0.000 0.000 0.379 0.760 0.397 0.755 0.079 0.011 0.000 0.000 0.000 0.000 0.000 0.000 0.000 0.000 0.259
0.000 0.013 0.963 0.994 0.000 0.997 0.981 0.583 0.000 0.000 0.000 0.000 0.000 0.000 0.000 0.000 0.149 0.283 0.919 0.787 0.801 0.541 0.313 0.000 0.000 0.001 0.000 0.000 0.000 0.000 0.000 0.000 0.000
0.001 0.958 0.974 0.979 0.997 0.000 0.998 0.978 0.000 0.000 0.000 0.000 0.000 0.000 0.000 0.004 0.597 1.000 0.994 0.851 0.628 0.150 0.297 0.000 0.440 0.459 0.703 0.000 0.041 0.303 0.952 0.173 0.529
0.001 0.625 0.034 0.000 0.981 0.998 0.000 0.991 1.000 0.002 0.000 0.000 0.000 0.000 0.013 0.997 0.970 0.997 0.810 0.464 0.177 0.000 0.000 0.000 0.000 0.000 0.008 0.000 0.000 0.178 0.320 0.000 0.167
0.000 0.000 0.059 0.217 0.583 0.978 0.991 0.000 1.000 0.987 0.180 0.005 0.000 0.000 0.940 0.956 1.000 0.975 1.000 0.281 0.662 0.002 0.000 0.101 0.000 0.268 0.021 0.000 0.000 0.000 0.000 0.000 0.000
0.000 0.001 0.000 0.000 0.000 0.000 1.000 1.000 0.000 0.997 0.982 0.122 0.249 0.972 0.983 0.971 0.999 0.000 0.000 0.000 0.027 0.000 0.000 0.000 0.000 0.000 0.000 0.000 0.000 0.000 0.000 0.000 0.000
0.000 0.000 0.000 0.000 0.000 0.000 0.002 0.987 0.997 0.000 0.999 0.960 0.969 0.948 0.976 0.950 1.000 0.000 0.000 0.000 0.000 0.000 0.000 0.000 0.000 0.000 0.000 0.059 0.000 0.000 0.000 0.000 0.000
0.000 0.000 0.000 0.000 0.000 0.000 0.000 0.180 0.982 0.999 0.000 0.970 0.973 0.914 0.127 0.000 0.860 0.000 0.000 0.000 0.000 0.000 0.000 0.000 0.000 0.000 0.000 0.003 0.000 0.000 0.000 0.007 0.002
0.000 0.000 0.000 0.000 0.000 0.000 0.000 0.005 0.122 0.960 0.970 0.000 0.994 0.972 0.028 0.000 0.000 0.000 0.000 0.000 0.000 0.000 0.000 0.001 0.000 0.000 0.000 0.000 0.000 0.000 0.000 0.016 0.020
0.000 0.000 0.000 0.000 0.000 0.000 0.000 0.000 0.249 0.969 0.973 0.994 0.000 0.996 0.997 0.012 0.095 0.000 0.000 0.000 0.000 0.000 0.000 0.000 0.000 0.000 0.000 0.028 0.000 0.000 0.000 0.003 0.001
0.000 0.000 0.000 0.000 0.000 0.000 0.000 0.000 0.972 0.948 0.914 0.972 0.996 0.000 0.989 0.963 0.000 0.000 0.000 0.000 0.000 0.000 0.000 0.000 0.000 0.000 0.000 0.000 0.000 0.000 0.000 0.000 0.000
0.000 0.000 0.000 0.000 0.000 0.000 0.013 0.940 0.983 0.976 0.127 0.028 0.997 0.989 0.000 0.999 0.973 0.000 0.000 0.000 0.000 0.000 0.000 0.000 0.000 0.000 0.000 0.161 0.000 0.001 0.000 0.000 0.000
0.000 0.104 0.000 0.000 0.000 0.004 0.997 0.956 0.971 0.950 0.000 0.000 0.012 0.963 0.999 0.000 0.997 0.999 0.011 0.000 0.000 0.000 0.000 0.000 0.000 0.000 0.009 0.277 0.005 0.167 0.003 0.000 0.024
0.000 0.000 0.000 0.000 0.149 0.597 0.970 1.000 0.999 1.000 0.860 0.000 0.095 0.000 0.973 0.997 0.000 1.000 0.991 0.000 0.000 0.000 0.000 0.000 0.001 0.968 0.593 0.457 0.062 0.002 0.000 0.000 0.000
0.000 0.358 0.103 0.000 0.283 1.000 0.997 0.975 0.000 0.000 0.000 0.000 0.000 0.000 0.000 0.999 1.000 0.000 0.998 0.966 0.000 0.000 0.001 0.000 0.890 0.977 0.980 0.838 0.813 0.900 0.962 0.010 0.265
0.000 0.000 0.340 0.379 0.919 0.994 0.810 1.000 0.000 0.000 0.000 0.000 0.000 0.000 0.000 0.011 0.991 0.998 0.000 0.990 0.997 0.027 0.018 0.993 0.977 0.999 0.962 0.001 0.000 0.000 0.182 0.001 0.084
0.000 0.001 0.611 0.760 0.787 0.851 0.464 0.281 0.000 0.000 0.000 0.000 0.000 0.000 0.000 0.000 0.000 0.966 0.990 0.000 0.994 0.999 0.999 0.994 0.997 0.982 0.533 0.000 0.009 0.000 0.243 0.063 0.118
0.038 0.053 0.305 0.397 0.801 0.628 0.177 0.662 0.027 0.000 0.000 0.000 0.000 0.000 0.000 0.000 0.000 0.000 0.997 0.994 0.000 0.985 0.956 0.992 0.590 0.000 0.000 0.000 0.000 0.000 0.069 0.007 0.090
0.005 0.001 0.193 0.755 0.541 0.150 0.000 0.002 0.000 0.000 0.000 0.000 0.000 0.000 0.000 0.000 0.000 0.000 0.027 0.999 0.985 0.000 0.996 0.962 0.094 0.000 0.000 0.000 0.000 0.000 0.044 0.077 0.091
0.000 0.000 0.008 0.079 0.313 0.297 0.000 0.000 0.000 0.000 0.000 0.000 0.000 0.000 0.000 0.000 0.000 0.001 0.018 0.999 0.956 0.996 0.000 0.985 1.000 0.100 0.158 0.000 0.000 0.000 0.002 0.000 0.015
0.000 0.000 0.000 0.011 0.000 0.000 0.000 0.101 0.000 0.000 0.000 0.001 0.000 0.000 0.000 0.000 0.000 0.000 0.993 0.994 0.992 0.962 0.985 0.000 1.000 0.977 0.000 0.000 0.000 0.000 0.000 0.000 0.000
0.000 0.000 0.000 0.000 0.000 0.440 0.000 0.000 0.000 0.000 0.000 0.000 0.000 0.000 0.000 0.000 0.001 0.890 0.977 0.997 0.590 0.094 1.000 1.000 0.000 1.000 0.991 0.114 0.000 0.000 0.015 0.000 0.003
0.000 0.000 0.000 0.000 0.001 0.459 0.000 0.268 0.000 0.000 0.000 0.000 0.000 0.000 0.000 0.000 0.968 0.977 0.999 0.982 0.000 0.000 0.100 0.977 1.000 0.000 0.989 0.975 0.005 0.000 0.004 0.000 0.000
0.000 0.000 0.004 0.000 0.000 0.703 0.008 0.021 0.000 0.000 0.000 0.000 0.000 0.000 0.000 0.009 0.593 0.980 0.962 0.533 0.000 0.000 0.158 0.000 0.991 0.989 0.000 1.000 0.953 0.720 0.855 0.025 0.002
0.000 0.000 0.000 0.000 0.000 0.000 0.000 0.000 0.000 0.059 0.003 0.000 0.028 0.000 0.161 0.277 0.457 0.838 0.001 0.000 0.000 0.000 0.000 0.000 0.114 0.975 1.000 0.000 0.982 0.883 0.026 0.007 0.000
0.000 0.000 0.000 0.000 0.000 0.041 0.000 0.000 0.000 0.000 0.000 0.000 0.000 0.000 0.000 0.005 0.062 0.813 0.000 0.009 0.000 0.000 0.000 0.000 0.000 0.005 0.953 0.982 0.000 0.992 0.975 0.284 0.000
0.180 0.376 0.013 0.000 0.000 0.303 0.178 0.000 0.000 0.000 0.000 0.000 0.000 0.000 0.001 0.167 0.002 0.900 0.000 0.000 0.000 0.000 0.000 0.000 0.000 0.000 0.720 0.883 0.992 0.000 0.995 0.951 0.386
0.183 0.370 0.457 0.000 0.000 0.952 0.320 0.000 0.000 0.000 0.000 0.000 0.000 0.000 0.000 0.003 0.000 0.962 0.182 0.243 0.069 0.044 0.002 0.000 0.015 0.004 0.855 0.026 0.975 0.995 0.000 0.975 0.932
0.231 0.282 0.368 0.000 0.000 0.173 0.000 0.000 0.000 0.000 0.007 0.016 0.003 0.000 0.000 0.000 0.000 0.010 0.001 0.063 0.007 0.077 0.000 0.000 0.000 0.000 0.025 0.007 0.284 0.951 0.975 0.000 0.986
0.505 0.729 0.748 0.259 0.000 0.529 0.167 0.000 0.000 0.000 0.002 0.020 0.001 0.000 0.000 0.024 0.000 0.265 0.084 0.118 0.090 0.091 0.015 0.000 0.003 0.000 0.002 0.000 0.000 0.386 0.932 0.986 0.000
