0.000 0.993 0.975 0.003 0.000 0.000 0.001 0.049 0.000 0.000 0.000 0.000 0.000 0.000 0.000 0.000 0.000 0.000 0.003 0.000 0.000 0.000 0.000 0.000 0.000 0.000 0.000 0.000 0.000 0.000 0.626 0.471 0.468 0.841
0.993 0.000 0.999 0.868 0.001 0.996 0.945 0.994 0.000 0.000 0.000 0.000 0.000 0.000 0.000 0.000 0.001 0.000 0.991 0.136 0.000 0.001 0.000 0.000 0.000 0.000 0.000 0.000 0.000 0.000 0.970 0.999 0.586 0.878
0.975 0.999 0.000 0.973 0.877 0.997 0.000 0.000 0.000 0.000 0.000 0.000 0.002 0.000 0.000 0.000 0.000 0.000 0.006 0.000 0.267 0.000 0.036 0.000 0.000 0.000 0.000 0.000 0.000 0.000 0.209 0.966 0.980 0.998
0.003 0.868 0.973 0.000 0.977 0.941 0.000 0.000 0.000 0.000 0.000 0.005 0.037 0.005 0.041 0.006 0.000 0.000 0.000 0.000 0.753 0.006 0.445 0.006 0.000 0.000 0.000 0.000 0.000 0.000 0.000 0.000 0.002 0.860
0.000 0.001 0.877 0.977 0.000 0.964 0.834 0.000 0.000 0.000 0.000 0.000 0.004 0.000 0.000 0.000 0.000 0.000 0.000 0.877 0.996 0.994 0.892 0.105 0.000 0.000 0.000 0.000 0.000 0.000 0.000 0.000 0.000 0.000
0.000 0.996 0.997 0.941 0.964 0.000 1.000 0.961 0.000 0.000 0.000 0.000 0.000 0.000 0.000 0.000 0.000 0.003 0.993 1.000 0.992 0.955 0.117 0.414 0.000 0.886 0.906 0.989 0.000 0.116 0.021 0.999 0.044 0.026
0.001 0.945 0.000 0.000 0.834 1.000 0.000 0.999 1.000 0.000 0.000 0.000 0.000 0.000 0.000 0.000 0.000 0.962 0.977 1.000 0.914 0.957 0.000 0.000 0.000 0.000 0.000 0.000 0.000 0.000 0.000 0.148 0.000 0.000
0.049 0.994 0.000 0.000 0.000 0.961 0.999 0.000 1.000 1.000 0.000 0.000 0.000 0.000 0.000 0.000 1.000 1.000 1.000 0.996 0.000 0.000 0.000 0.000 0.000 0.000 0.000 0.000 0.000 0.000 0.593 0.131 0.000 0.000
0.000 0.000 0.000 0.000 0.000 0.000 1.000 1.000 0.000 1.000 1.000 0.000 0.000 0.000 0.000 0.990 0.995 1.000 0.992 1.000 0.000 0.899 0.000 0.000 0.010 0.000 0.695 0.000 0.000 0.000 0.000 0.000 0.000 0.000
0.000 0.000 0.000 0.000 0.000 0.000 0.000 1.000 1.000 0.000 1.000 0.999 0.611 0.998 0.897 0.998 0.998 1.000 0.000 0.000 0.000 0.000 0.000 0.000 0.000 0.000 0.000 0.000 0.002 0.000 0.000 0.000 0.000 0.000
0.000 0.000 0.000 0.000 0.000 0.000 0.000 0.000 1.000 1.000 0.000 0.999 1.000 0.999 0.994 1.000 0.999 1.000 0.000 0.000 0.000 0.000 0.003 0.000 0.000 0.000 0.002 0.000 0.155 0.000 0.000 0.000 0.000 0.000
0.000 0.000 0.000 0.005 0.000 0.000 0.000 0.000 0.000 0.999 0.999 0.000 0.990 0.988 0.824 0.489 0.000 0.238 0.000 0.000 0.000 0.000 0.004 0.000 0.000 0.000 0.000 0.000 0.000 0.000 0.000 0.000 0.000 0.000
0.000 0.000 0.002 0.037 0.004 0.000 0.000 0.000 0.000 0.611 1.000 0.990 0.000 1.000 1.000 0.315 0.011 0.000 0.000 0.000 0.001 0.002 0.047 0.009 0.041 0.000 0.000 0.000 0.000 0.000 0.000 0.000 0.000 0.002
0.000 0.000 0.000 0.005 0.000 0.000 0.000 0.000 0.000 0.998 0.999 0.988 1.000 0.000 0.998 0.999 0.750 0.000 0.000 0.000 0.000 0.000 0.014 0.000 0.010 0.000 0.000 0.000 0.000 0.000 0.000 0.000 0.000 0.001
0.000 0.000 0.000 0.041 0.000 0.000 0.000 0.000 0.000 0.897 0.994 0.824 1.000 0.998 0.000 1.000 0.992 0.000 0.000 0.000 0.000 0.000 0.063 0.022 0.032 0.000 0.000 0.000 0.030 0.000 0.000 0.000 0.000 0.011
0.000 0.000 0.000 0.006 0.000 0.000 0.000 0.000 0.990 0.998 1.000 0.489 0.315 0.999 1.000 0.000 1.000 1.000 0.027 0.000 0.000 0.000 0.015 0.002 0.000 0.000 0.360 0.191 0.830 0.000 0.000 0.000 0.000 0.000
0.000 0.001 0.000 0.000 0.000 0.000 0.000 1.000 0.995 0.998 0.999 0.000 0.011 0.750 0.992 1.000 0.000 1.000 1.000 0.000 0.000 0.000 0.000 0.000 0.000 0.000 0.000 0.054 0.994 0.011 0.305 0.000 0.000 0.000
0.000 0.000 0.000 0.000 0.000 0.003 0.962 1.000 1.000 1.000 1.000 0.238 0.000 0.000 0.000 1.000 1.000 0.000 1.000 0.986 0.000 0.000 0.000 0.000 0.000 0.004 0.979 0.998 1.000 0.266 0.000 0.000 0.000 0.000
0.003 0.991 0.006 0.000 0.000 0.993 0.977 1.000 0.992 0.000 0.000 0.000 0.000 0.000 0.000 0.027 1.000 1.000 0.000 0.985 0.871 0.000 0.000 0.000 0.000 0.857 0.970 1.000 1.000 0.997 0.992 0.996 0.000 0.001
0.000 0.136 0.000 0.000 0.877 1.000 1.000 0.996 1.000 0.000 0.000 0.000 0.000 0.000 0.000 0.000 0.000 0.986 0.985 0.000 1.000 0.992 0.006 0.001 0.969 0.990 0.999 0.963 0.000 0.000 0.000 0.110 0.000 0.000
0.000 0.000 0.267 0.753 0.996 0.992 0.914 0.000 0.000 0.000 0.000 0.000 0.001 0.000 0.000 0.000 0.000 0.000 0.871 1.000 0.000 0.999 0.947 0.946 0.942 0.998 0.979 0.148 0.000 0.000 0.000 0.077 0.000 0.002
0.000 0.001 0.000 0.006 0.994 0.955 0.957 0.000 0.899 0.000 0.000 0.000 0.002 0.000 0.000 0.000 0.000 0.000 0.000 0.992 0.999 0.000 0.992 0.964 0.978 0.332 0.000 0.000 0.000 0.000 0.000 0.000 0.000 0.000
0.000 0.000 0.036 0.445 0.892 0.117 0.000 0.000 0.000 0.000 0.003 0.004 0.047 0.014 0.063 0.015 0.000 0.000 0.000 0.006 0.947 0.992 0.000 0.996 0.980 0.075 0.000 0.000 0.000 0.000 0.000 0.000 0.000 0.000
0.000 0.000 0.000 0.006 0.105 0.414 0.000 0.000 0.000 0.000 0.000 0.000 0.009 0.000 0.022 0.002 0.000 0.000 0.000 0.001 0.946 0.964 0.996 0.000 0.996 0.955 0.004 0.002 0.000 0.000 0.000 0.000 0.000 0.000
0.000 0.000 0.000 0.000 0.000 0.000 0.000 0.000 0.010 0.000 0.000 0.000 0.041 0.010 0.032 0.000 0.000 0.000 0.000 0.969 0.942 0.978 0.980 0.996 0.000 0.994 0.852 0.000 0.000 0.000 0.000 0.000 0.000 0.000
0.000 0.000 0.000 0.000 0.000 0.886 0.000 0.000 0.000 0.000 0.000 0.000 0.000 0.000 0.000 0.000 0.000 0.004 0.857 0.990 0.998 0.332 0.075 0.955 0.994 0.000 0.996 0.911 0.000 0.000 0.000 0.001 0.000 0.000
0.000 0.000 0.000 0.000 0.000 0.906 0.000 0.000 0.695 0.000 0.002 0.000 0.000 0.000 0.000 0.360 0.000 0.979 0.970 0.999 0.979 0.000 0.000 0.004 0.852 0.996 0.000 0.993 0.939 0.000 0.000 0.000 0.000 0.000
0.000 0.000 0.000 0.000 0.000 0.989 0.000 0.000 0.000 0.000 0.000 0.000 0.000 0.000 0.000 0.191 0.054 0.998 1.000 0.963 0.148 0.000 0.000 0.002 0.000 0.911 0.993 0.000 1.000 1.000 0.909 0.983 0.004 0.000
0.000 0.000 0.000 0.000 0.000 0.000 0.000 0.000 0.000 0.002 0.155 0.000 0.000 0.000 0.030 0.830 0.994 1.000 1.000 0.000 0.000 0.000 0.000 0.000 0.000 0.000 0.939 1.000 0.000 1.000 0.987 0.033 0.000 0.000
0.000 0.000 0.000 0.000 0.000 0.116 0.000 0.000 0.000 0.000 0.000 0.000 0.000 0.000 0.000 0.000 0.011 0.266 0.997 0.000 0.000 0.000 0.000 0.000 0.000 0.000 0.000 1.000 1.000 0.000 1.000 0.995 0.408 0.000
0.626 0.970 0.209 0.000 0.000 0.021 0.000 0.593 0.000 0.000 0.000 0.000 0.000 0.000 0.000 0.000 0.305 0.000 0.992 0.000 0.000 0.000 0.000 0.000 0.000 0.000 0.000 0.909 0.987 1.000 0.000 0.997 0.960 0.175
0.471 0.999 0.966 0.000 0.000 0.999 0.148 0.131 0.000 0.000 0.000 0.000 0.000 0.000 0.000 0.000 0.000 0.000 0.996 0.110 0.077 0.000 0.000 0.000 0.000 0.001 0.000 0.983 0.033 0.995 0.997 0.000 0.982 0.931
0.468 0.586 0.980 0.002 0.000 0.044 0.000 0.000 0.000 0.000 0.000 0.000 0.000 0.000 0.000 0.000 0.000 0.000 0.000 0.000 0.000 0.000 0.000 0.000 0.000 0.000 0.000 0.004 0.000 0.408 0.960 0.982 0.000 0.998
0.841 0.878 0.998 0.860 0.000 0.026 0.000 0.000 0.000 0.000 0.000 0.000 0.002 0.001 0.011 0.000 0.000 0.000 0.001 0.000 0.002 0.000 0.000 0.000 0.000 0.000 0.000 0.000 0.000 0.000 0.175 0.931 0.998 0.000
