0.000 0.995 0.934 0.008 0.000 0.000 0.000 0.034 0.000 0.000 0.000 0.060 0.061 0.000 0.000 0.001 0.000 0.000 0.000 0.000 0.000 0.000 0.000 0.000 0.000 0.000 0.000 0.000 0.000 0.000 0.576 0.510 0.558 0.890
0.995 0.000 0.994 0.923 0.003 0.954 0.869 0.940 0.000 0.000 0.000 0.000 0.000 0.000 0.000 0.000 0.002 0.000 0.928 0.102 0.000 0.000 0.000 0.000 0.000 0.000 0.000 0.000 0.000 0.001 0.964 0.962 0.680 0.909
0.934 0.994 0.000 0.981 0.934 0.999 0.000 0.000 0.000 0.000 0.000 0.002 0.000 0.000 0.000 0.000 0.000 0.000 0.005 0.000 0.380 0.000 0.022 0.000 0.000 0.000 0.000 0.000 0.000 0.000 0.214 0.986 0.960 0.978
0.008 0.923 0.981 0.000 0.993 0.954 0.000 0.000 0.000 0.000 0.000 0.001 0.000 0.000 0.000 0.000 0.000 0.000 0.000 0.000 0.845 0.034 0.432 0.015 0.000 0.000 0.000 0.000 0.000 0.000 0.000 0.000 0.002 0.890
0.000 0.003 0.934 0.993 0.000 0.982 0.935 0.000 0.000 0.000 0.000 0.000 0.000 0.000 0.000 0.000 0.000 0.000 0.000 0.877 0.939 0.928 0.937 0.168 0.000 0.000 0.000 0.000 0.000 0.000 0.000 0.000 0.000 0.000
0.000 0.954 0.999 0.954 0.982 0.000 0.994 0.931 0.000 0.000 0.000 0.000 0.000 0.000 0.000 0.000 0.000 0.004 0.962 0.989 0.998 0.805 0.125 0.693 0.000 0.957 0.924 0.975 0.000 0.052 0.072 0.983 0.024 0.009
0.000 0.869 0.000 0.000 0.935 0.994 0.000 1.000 0.978 0.000 0.000 0.000 0.000 0.000 0.000 0.000 0.000 0.893 0.944 0.989 0.907 0.902 0.016 0.000 0.000 0.000 0.000 0.000 0.000 0.000 0.008 0.080 0.000 0.000
0.034 0.940 0.000 0.000 0.000 0.931 1.000 0.000 0.984 0.917 0.000 0.000 0.000 0.000 0.000 0.000 0.989 0.973 0.996 0.949 0.000 0.000 0.000 0.000 0.000 0.000 0.000 0.000 0.000 0.000 0.708 0.117 0.028 0.000
0.000 0.000 0.000 0.000 0.000 0.000 0.978 0.984 0.000 1.000 0.925 0.027 0.000 0.000 0.000 0.895 0.967 0.999 0.910 0.960 0.000 0.024 0.000 0.000 0.000 0.000 0.241 0.000 0.000 0.000 0.000 0.000 0.000 0.000
0.000 0.000 0.000 0.000 0.000 0.000 0.000 0.917 1.000 0.000 0.992 0.948 0.002 0.202 0.959 0.980 0.976 0.999 0.000 0.000 0.000 0.000 0.000 0.000 0.000 0.000 0.000 0.000 0.116 0.000 0.000 0.000 0.000 0.000
0.000 0.000 0.000 0.000 0.000 0.000 0.000 0.000 0.925 0.992 0.000 0.984 0.932 0.936 0.975 0.978 0.908 0.990 0.000 0.000 0.000 0.000 0.000 0.000 0.000 0.000 0.000 0.000 0.954 0.000 0.000 0.000 0.000 0.000
0.060 0.000 0.002 0.001 0.000 0.000 0.000 0.000 0.027 0.948 0.984 0.000 0.993 0.935 0.850 0.550 0.000 0.410 0.000 0.000 0.000 0.000 0.000 0.000 0.000 0.000 0.000 0.000 0.010 0.000 0.000 0.000 0.027 0.060
0.061 0.000 0.000 0.000 0.000 0.000 0.000 0.000 0.000 0.002 0.932 0.993 0.000 0.979 0.859 0.564 0.000 0.000 0.000 0.000 0.000 0.000 0.000 0.000 0.000 0.000 0.000 0.000 0.001 0.000 0.003 0.000 0.008 0.009
0.000 0.000 0.000 0.000 0.000 0.000 0.000 0.000 0.000 0.202 0.936 0.935 0.979 0.000 0.987 0.958 0.000 0.000 0.000 0.000 0.000 0.000 0.000 0.000 0.000 0.000 0.000 0.000 0.006 0.000 0.000 0.000 0.000 0.000
0.000 0.000 0.000 0.000 0.000 0.000 0.000 0.000 0.000 0.959 0.975 0.850 0.859 0.987 0.000 0.996 0.969 0.000 0.000 0.000 0.000 0.000 0.000 0.000 0.000 0.000 0.000 0.000 0.001 0.000 0.000 0.000 0.000 0.000
0.001 0.000 0.000 0.000 0.000 0.000 0.000 0.000 0.895 0.980 0.978 0.550 0.564 0.958 0.996 0.000 0.997 0.946 0.001 0.000 0.000 0.000 0.000 0.000 0.000 0.000 0.000 0.000 0.988 0.026 0.000 0.000 0.000 0.000
0.000 0.002 0.000 0.000 0.000 0.000 0.000 0.989 0.967 0.976 0.908 0.000 0.000 0.000 0.969 0.997 0.000 0.992 0.969 0.000 0.000 0.000 0.000 0.000 0.000 0.000 0.000 0.127 0.984 0.021 0.360 0.000 0.000 0.000
0.000 0.000 0.000 0.000 0.000 0.004 0.893 0.973 0.999 0.999 0.990 0.410 0.000 0.000 0.000 0.946 0.992 0.000 0.990 0.959 0.000 0.000 0.000 0.000 0.000 0.001 0.947 0.955 0.988 0.407 0.000 0.000 0.000 0.000
0.000 0.928 0.005 0.000 0.000 0.962 0.944 0.996 0.910 0.000 0.000 0.000 0.000 0.000 0.000 0.001 0.969 0.990 0.000 0.972 0.849 0.000 0.000 0.000 0.000 0.819 0.946 0.987 0.974 0.952 1.000 0.966 0.034 0.000
0.000 0.102 0.000 0.000 0.877 0.989 0.989 0.949 0.960 0.000 0.000 0.000 0.000 0.000 0.000 0.000 0.000 0.959 0.972 0.000 0.992 0.991 0.005 0.001 0.971 0.945 0.979 0.917 0.000 0.000 0.001 0.093 0.000 0.000
0.000 0.000 0.380 0.845 0.939 0.998 0.907 0.000 0.000 0.000 0.000 0.000 0.000 0.000 0.000 0.000 0.000 0.000 0.849 0.992 0.000 0.980 0.976 0.982 0.968 0.980 0.900 0.066 0.000 0.000 0.000 0.039 0.000 0.000
0.000 0.000 0.000 0.034 0.928 0.805 0.902 0.000 0.024 0.000 0.000 0.000 0.000 0.000 0.000 0.000 0.000 0.000 0.000 0.991 0.980 0.000 0.995 0.906 0.972 0.437 0.000 0.000 0.000 0.000 0.000 0.000 0.000 0.000
0.000 0.000 0.022 0.432 0.937 0.125 0.016 0.000 0.000 0.000 0.000 0.000 0.000 0.000 0.000 0.000 0.000 0.000 0.000 0.005 0.976 0.995 0.000 0.985 0.973 0.082 0.000 0.000 0.000 0.000 0.000 0.000 0.000 0.000
0.000 0.000 0.000 0.015 0.168 0.693 0.000 0.000 0.000 0.000 0.000 0.000 0.000 0.000 0.000 0.000 0.000 0.000 0.000 0.001 0.982 0.906 0.985 0.000 0.991 0.991 0.006 0.000 0.000 0.000 0.000 0.000 0.000 0.000
0.000 0.000 0.000 0.000 0.000 0.000 0.000 0.000 0.000 0.000 0.000 0.000 0.000 0.000 0.000 0.000 0.000 0.000 0.000 0.971 0.968 0.972 0.973 0.991 0.000 0.982 0.942 0.000 0.000 0.000 0.000 0.000 0.000 0.000
0.000 0.000 0.000 0.000 0.000 0.957 0.000 0.000 0.000 0.000 0.000 0.000 0.000 0.000 0.000 0.000 0.000 0.001 0.819 0.945 0.980 0.437 0.082 0.991 0.982 0.000 0.992 0.947 0.000 0.000 0.000 0.005 0.000 0.000
0.000 0.000 0.000 0.000 0.000 0.924 0.000 0.000 0.241 0.000 0.000 0.000 0.000 0.000 0.000 0.000 0.000 0.947 0.946 0.979 0.900 0.000 0.000 0.006 0.942 0.992 0.000 0.996 0.946 0.000 0.000 0.000 0.000 0.000
0.000 0.000 0.000 0.000 0.000 0.975 0.000 0.000 0.000 0.000 0.000 0.000 0.000 0.000 0.000 0.000 0.127 0.955 0.987 0.917 0.066 0.000 0.000 0.000 0.000 0.947 0.996 0.000 0.985 0.985 0.835 0.930 0.008 0.000
0.000 0.000 0.000 0.000 0.000 0.000 0.000 0.000 0.000 0.116 0.954 0.010 0.001 0.006 0.001 0.988 0.984 0.988 0.974 0.000 0.000 0.000 0.000 0.000 0.000 0.000 0.946 0.985 0.000 0.998 0.934 0.009 0.000 0.000
0.000 0.001 0.000 0.000 0.000 0.052 0.000 0.000 0.000 0.000 0.000 0.000 0.000 0.000 0.000 0.026 0.021 0.407 0.952 0.000 0.000 0.000 0.000 0.000 0.000 0.000 0.000 0.985 0.998 0.000 0.988 0.958 0.356 0.000
0.576 0.964 0.214 0.000 0.000 0.072 0.008 0.708 0.000 0.000 0.000 0.000 0.003 0.000 0.000 0.000 0.360 0.000 1.000 0.001 0.000 0.000 0.000 0.000 0.000 0.000 0.000 0.835 0.934 0.988 0.000 0.989 0.977 0.101
0.510 0.962 0.986 0.000 0.000 0.983 0.080 0.117 0.000 0.000 0.000 0.000 0.000 0.000 0.000 0.000 0.000 0.000 0.966 0.093 0.039 0.000 0.000 0.000 0.000 0.005 0.000 0.930 0.009 0.958 0.989 0.000 0.994 0.908
0.558 0.680 0.960 0.002 0.000 0.024 0.000 0.028 0.000 0.000 0.000 0.027 0.008 0.000 0.000 0.000 0.000 0.000 0.034 0.000 0.000 0.000 0.000 0.000 0.000 0.000 0.000 0.008 0.000 0.356 0.977 0.994 0.000 0.989
0.890 0.909 0.978 0.890 0.000 0.009 0.000 0.000 0.000 0.000 0.000 0.060 0.009 0.000 0.000 0.000 0.000 0.000 0.000 0.000 0.000 0.000 0.000 0.000 0.000 0.000 0.000 0.000 0.000 0.000 0.101 0.908 0.989 0.000
