0.000 0.975 0.909 0.004 0.000 0.000 0.000 0.022 0.000 0.000 0.000 0.000 0.003 0.000 0.000 0.000 0.000 0.000 0.001 0.000 0.000 0.000 0.000 0.000 0.000 0.000 0.000 0.000 0.000 0.000 0.620 0.482 0.481 0.853
0.975 0.000 0.998 0.905 0.006 0.962 0.836 0.890 0.000 0.000 0.000 0.000 0.000 0.000 0.000 0.000 0.006 0.000 0.970 0.077 0.000 0.000 0.000 0.000 0.000 0.000 0.000 0.000 0.000 0.000 0.959 0.980 0.582 0.843
0.909 0.998 0.000 0.993 0.854 0.986 0.001 0.000 0.000 0.000 0.000 0.000 0.000 0.000 0.000 0.000 0.000 0.000 0.006 0.000 0.274 0.000 0.000 0.000 0.000 0.000 0.000 0.000 0.000 0.000 0.253 0.984 0.968 0.964
0.004 0.905 0.993 0.000 0.961 0.970 0.004 0.000 0.000 0.000 0.000 0.000 0.004 0.000 0.000 0.000 0.000 0.000 0.000 0.000 0.849 0.046 0.410 0.010 0.000 0.000 0.000 0.000 0.000 0.000 0.000 0.000 0.002 0.844
0.000 0.006 0.854 0.961 0.000 0.980 0.953 0.000 0.000 0.000 0.000 0.000 0.000 0.000 0.000 0.000 0.000 0.000 0.000 0.854 0.961 0.943 0.901 0.118 0.000 0.000 0.000 0.000 0.000 0.000 0.000 0.000 0.000 0.000
0.000 0.962 0.986 0.970 0.980 0.000 0.986 0.869 0.000 0.000 0.000 0.000 0.000 0.000 0.000 0.000 0.000 0.019 0.978 0.988 0.997 0.698 0.140 0.703 0.000 0.961 0.938 0.969 0.000 0.004 0.002 0.962 0.039 0.029
0.000 0.836 0.001 0.004 0.953 0.986 0.000 0.983 0.959 0.000 0.000 0.000 0.000 0.000 0.000 0.000 0.000 0.822 0.922 0.976 0.902 0.758 0.014 0.000 0.000 0.000 0.000 0.000 0.000 0.000 0.000 0.060 0.000 0.000
0.022 0.890 0.000 0.000 0.000 0.869 0.983 0.000 0.982 0.935 0.000 0.000 0.000 0.000 0.000 0.000 0.983 0.951 0.972 0.859 0.000 0.001 0.000 0.000 0.000 0.000 0.000 0.000 0.000 0.000 0.444 0.015 0.000 0.001
0.000 0.000 0.000 0.000 0.000 0.000 0.959 0.982 0.000 0.987 0.893 0.126 0.000 0.000 0.000 0.844 0.961 0.999 0.900 0.978 0.003 0.074 0.000 0.000 0.001 0.000 0.476 0.000 0.000 0.000 0.000 0.000 0.000 0.000
0.000 0.000 0.000 0.000 0.000 0.000 0.000 0.935 0.987 0.000 0.999 1.000 0.030 0.270 0.962 0.969 0.981 0.970 0.000 0.000 0.000 0.000 0.000 0.000 0.000 0.000 0.000 0.000 0.037 0.000 0.000 0.000 0.000 0.000
0.000 0.000 0.000 0.000 0.000 0.000 0.000 0.000 0.893 0.999 0.000 0.998 0.976 0.990 0.983 0.988 0.926 0.955 0.000 0.000 0.000 0.000 0.000 0.000 0.000 0.000 0.000 0.000 0.900 0.000 0.000 0.000 0.000 0.000
0.000 0.000 0.000 0.000 0.000 0.000 0.000 0.000 0.126 1.000 0.998 0.000 0.996 0.984 0.939 0.414 0.000 0.676 0.000 0.000 0.000 0.000 0.000 0.000 0.000 0.000 0.000 0.000 0.003 0.000 0.000 0.000 0.001 0.013
0.003 0.000 0.000 0.004 0.000 0.000 0.000 0.000 0.000 0.030 0.976 0.996 0.000 0.999 0.965 0.051 0.000 0.000 0.000 0.000 0.000 0.000 0.010 0.000 0.000 0.000 0.000 0.000 0.000 0.000 0.000 0.000 0.019 0.042
0.000 0.000 0.000 0.000 0.000 0.000 0.000 0.000 0.000 0.270 0.990 0.984 0.999 0.000 0.994 0.984 0.000 0.000 0.000 0.000 0.000 0.000 0.004 0.000 0.000 0.000 0.000 0.000 0.005 0.000 0.000 0.000 0.000 0.003
0.000 0.000 0.000 0.000 0.000 0.000 0.000 0.000 0.000 0.962 0.983 0.939 0.965 0.994 0.000 0.989 0.964 0.000 0.000 0.000 0.000 0.000 0.000 0.000 0.000 0.000 0.000 0.000 0.000 0.000 0.000 0.000 0.000 0.000
0.000 0.000 0.000 0.000 0.000 0.000 0.000 0.000 0.844 0.969 0.988 0.414 0.051 0.984 0.989 0.000 0.997 0.930 0.001 0.000 0.000 0.000 0.000 0.000 0.000 0.000 0.000 0.000 0.987 0.109 0.000 0.000 0.000 0.000
0.000 0.006 0.000 0.000 0.000 0.000 0.000 0.983 0.961 0.981 0.926 0.000 0.000 0.000 0.964 0.997 0.000 0.992 0.973 0.000 0.000 0.000 0.000 0.000 0.000 0.000 0.000 0.103 0.970 0.070 0.332 0.000 0.000 0.000
0.000 0.000 0.000 0.000 0.000 0.019 0.822 0.951 0.999 0.970 0.955 0.676 0.000 0.000 0.000 0.930 0.992 0.000 0.995 0.983 0.000 0.000 0.000 0.000 0.000 0.010 0.987 0.961 0.993 0.464 0.001 0.000 0.000 0.000
0.001 0.970 0.006 0.000 0.000 0.978 0.922 0.972 0.900 0.000 0.000 0.000 0.000 0.000 0.000 0.001 0.973 0.995 0.000 0.953 0.854 0.000 0.000 0.000 0.000 0.870 0.960 0.996 0.984 0.949 0.982 0.935 0.000 0.003
0.000 0.077 0.000 0.000 0.854 0.988 0.976 0.859 0.978 0.000 0.000 0.000 0.000 0.000 0.000 0.000 0.000 0.983 0.953 0.000 0.997 0.990 0.005 0.012 0.960 0.967 0.982 0.854 0.000 0.000 0.000 0.063 0.000 0.000
0.000 0.000 0.274 0.849 0.961 0.997 0.902 0.000 0.003 0.000 0.000 0.000 0.000 0.000 0.000 0.000 0.000 0.000 0.854 0.997 0.000 0.986 0.992 0.983 0.970 0.986 0.904 0.015 0.000 0.000 0.000 0.026 0.000 0.001
0.000 0.000 0.000 0.046 0.943 0.698 0.758 0.001 0.074 0.000 0.000 0.000 0.000 0.000 0.000 0.000 0.000 0.000 0.000 0.990 0.986 0.000 0.986 0.895 0.971 0.439 0.000 0.000 0.000 0.000 0.000 0.000 0.000 0.000
0.000 0.000 0.000 0.410 0.901 0.140 0.014 0.000 0.000 0.000 0.000 0.000 0.010 0.004 0.000 0.000 0.000 0.000 0.000 0.005 0.992 0.986 0.000 0.991 0.969 0.054 0.000 0.000 0.000 0.000 0.000 0.000 0.000 0.000
0.000 0.000 0.000 0.010 0.118 0.703 0.000 0.000 0.000 0.000 0.000 0.000 0.000 0.000 0.000 0.000 0.000 0.000 0.000 0.012 0.983 0.895 0.991 0.000 0.981 0.979 0.073 0.001 0.000 0.000 0.000 0.000 0.000 0.000
0.000 0.000 0.000 0.000 0.000 0.000 0.000 0.000 0.001 0.000 0.000 0.000 0.000 0.000 0.000 0.000 0.000 0.000 0.000 0.960 0.970 0.971 0.969 0.981 0.000 0.989 0.914 0.000 0.000 0.000 0.000 0.000 0.000 0.000
0.000 0.000 0.000 0.000 0.000 0.961 0.000 0.000 0.000 0.000 0.000 0.000 0.000 0.000 0.000 0.000 0.000 0.010 0.870 0.967 0.986 0.439 0.054 0.979 0.989 0.000 0.997 0.890 0.000 0.000 0.000 0.000 0.000 0.000
0.000 0.000 0.000 0.000 0.000 0.938 0.000 0.000 0.476 0.000 0.000 0.000 0.000 0.000 0.000 0.000 0.000 0.987 0.960 0.982 0.904 0.000 0.000 0.073 0.914 0.997 0.000 0.984 0.901 0.000 0.000 0.000 0.000 0.000
0.000 0.000 0.000 0.000 0.000 0.969 0.000 0.000 0.000 0.000 0.000 0.000 0.000 0.000 0.000 0.000 0.103 0.961 0.996 0.854 0.015 0.000 0.000 0.001 0.000 0.890 0.984 0.000 0.994 0.989 0.861 0.951 0.029 0.000
0.000 0.000 0.000 0.000 0.000 0.000 0.000 0.000 0.000 0.037 0.900 0.003 0.000 0.005 0.000 0.987 0.970 0.993 0.984 0.000 0.000 0.000 0.000 0.000 0.000 0.000 0.901 0.994 0.000 0.974 0.847 0.011 0.000 0.000
0.000 0.000 0.000 0.000 0.000 0.004 0.000 0.000 0.000 0.000 0.000 0.000 0.000 0.000 0.000 0.109 0.070 0.464 0.949 0.000 0.000 0.000 0.000 0.000 0.000 0.000 0.000 0.989 0.974 0.000 0.991 0.984 0.476 0.000
0.620 0.959 0.253 0.000 0.000 0.002 0.000 0.444 0.000 0.000 0.000 0.000 0.000 0.000 0.000 0.000 0.332 0.001 0.982 0.000 0.000 0.000 0.000 0.000 0.000 0.000 0.000 0.861 0.847 0.991 0.000 0.993 0.991 0.181
0.482 0.980 0.984 0.000 0.000 0.962 0.060 0.015 0.000 0.000 0.000 0.000 0.000 0.000 0.000 0.000 0.000 0.000 0.935 0.063 0.026 0.000 0.000 0.000 0.000 0.000 0.000 0.951 0.011 0.984 0.993 0.000 0.990 0.854
0.481 0.582 0.968 0.002 0.000 0.039 0.000 0.000 0.000 0.000 0.000 0.001 0.019 0.000 0.000 0.000 0.000 0.000 0.000 0.000 0.000 0.000 0.000 0.000 0.000 0.000 0.000 0.029 0.000 0.476 0.991 0.990 0.000 0.984
0.853 0.843 0.964 0.844 0.000 0.029 0.000 0.001 0.000 0.000 0.000 0.013 0.042 0.003 0.000 0.000 0.000 0.000 0.003 0.000 0.001 0.000 0.000 0.000 0.000 0.000 0.000 0.000 0.000 0.000 0.181 0.854 0.984 0.000
