0.000 0.988 0.887 0.003 0.000 0.000 0.000 0.073 0.000 0.000 0.000 0.003 0.006 0.000 0.000 0.000 0.000 0.000 0.002 0.000 0.000 0.000 0.000 0.000 0.000 0.000 0.000 0.000 0.000 0.000 0.848 0.310 0.321 0.603
0.988 0.000 0.987 0.933 0.002 0.990 0.911 0.923 0.001 0.000 0.000 0.000 0.000 0.000 0.000 0.000 0.021 0.006 0.995 0.206 0.000 0.001 0.000 0.000 0.000 0.000 0.000 0.000 0.000 0.000 0.950 0.979 0.478 0.674
0.887 0.987 0.000 0.991 0.932 1.000 0.000 0.000 0.000 0.000 0.000 0.000 0.000 0.000 0.000 0.000 0.000 0.000 0.004 0.000 0.151 0.000 0.010 0.000 0.000 0.000 0.000 0.000 0.000 0.000 0.383 1.000 0.952 0.990
0.003 0.933 0.991 0.000 0.986 0.966 0.000 0.000 0.000 0.000 0.000 0.004 0.015 0.009 0.000 0.000 0.000 0.000 0.000 0.000 0.687 0.067 0.363 0.000 0.000 0.000 0.000 0.000 0.000 0.000 0.000 0.000 0.004 0.895
0.000 0.002 0.932 0.986 0.000 0.995 0.920 0.000 0.000 0.000 0.000 0.000 0.000 0.000 0.000 0.000 0.000 0.000 0.000 0.956 0.994 0.983 0.952 0.008 0.000 0.000 0.000 0.000 0.000 0.000 0.000 0.000 0.000 0.000
0.000 0.990 1.000 0.966 0.995 0.000 0.982 0.772 0.000 0.000 0.000 0.000 0.000 0.000 0.000 0.000 0.000 0.000 0.979 0.984 0.999 0.915 0.108 0.428 0.000 0.800 0.776 0.981 0.000 0.134 0.014 0.997 0.090 0.063
0.000 0.911 0.000 0.000 0.920 0.982 0.000 0.984 0.996 0.000 0.000 0.000 0.000 0.000 0.000 0.000 0.000 0.865 0.975 0.998 0.915 0.841 0.000 0.000 0.000 0.000 0.001 0.000 0.000 0.000 0.000 0.130 0.000 0.000
0.073 0.923 0.000 0.000 0.000 0.772 0.984 0.000 0.999 0.925 0.000 0.000 0.000 0.000 0.000 0.001 0.992 0.993 0.985 0.854 0.000 0.000 0.000 0.000 0.000 0.000 0.000 0.000 0.000 0.000 0.539 0.078 0.000 0.000
0.000 0.001 0.000 0.000 0.000 0.000 0.996 0.999 0.000 0.979 0.784 0.001 0.000 0.000 0.000 0.777 0.953 0.989 0.886 0.979 0.000 0.603 0.000 0.000 0.025 0.001 0.853 0.000 0.006 0.000 0.000 0.000 0.000 0.000
0.000 0.000 0.000 0.000 0.000 0.000 0.000 0.925 0.979 0.000 0.989 0.892 0.120 0.172 0.919 0.948 0.947 0.904 0.000 0.000 0.000 0.000 0.000 0.000 0.000 0.000 0.001 0.000 0.050 0.000 0.000 0.000 0.000 0.000
0.000 0.000 0.000 0.000 0.000 0.000 0.000 0.000 0.784 0.989 0.000 0.977 0.892 0.895 0.940 0.966 0.802 0.721 0.000 0.000 0.000 0.000 0.000 0.000 0.000 0.000 0.024 0.000 0.343 0.000 0.000 0.000 0.000 0.000
0.003 0.000 0.000 0.004 0.000 0.000 0.000 0.000 0.001 0.892 0.977 0.000 0.979 0.960 0.900 0.154 0.000 0.005 0.000 0.000 0.000 0.000 0.002 0.000 0.000 0.000 0.002 0.000 0.078 0.000 0.000 0.000 0.000 0.006
0.006 0.000 0.000 0.015 0.000 0.000 0.000 0.000 0.000 0.120 0.892 0.979 0.000 0.985 0.937 0.034 0.000 0.000 0.000 0.000 0.000 0.000 0.012 0.000 0.003 0.000 0.000 0.000 0.017 0.000 0.000 0.000 0.000 0.015
0.000 0.000 0.000 0.009 0.000 0.000 0.000 0.000 0.000 0.172 0.895 0.960 0.985 0.000 0.969 0.963 0.002 0.006 0.000 0.000 0.000 0.000 0.008 0.000 0.001 0.000 0.000 0.000 0.177 0.000 0.000 0.000 0.000 0.010
0.000 0.000 0.000 0.000 0.000 0.000 0.000 0.000 0.000 0.919 0.940 0.900 0.937 0.969 0.000 0.973 0.789 0.000 0.000 0.000 0.000 0.000 0.003 0.000 0.000 0.000 0.000 0.000 0.007 0.000 0.000 0.000 0.000 0.000
0.000 0.000 0.000 0.000 0.000 0.000 0.000 0.001 0.777 0.948 0.966 0.154 0.034 0.963 0.973 0.000 0.965 0.826 0.000 0.000 0.000 0.000 0.000 0.000 0.000 0.000 0.000 0.000 0.706 0.000 0.000 0.000 0.000 0.000
0.000 0.021 0.000 0.000 0.000 0.000 0.000 0.992 0.953 0.947 0.802 0.000 0.000 0.002 0.789 0.965 0.000 0.989 0.927 0.000 0.000 0.000 0.000 0.000 0.000 0.000 0.000 0.186 0.915 0.036 0.460 0.000 0.000 0.000
0.000 0.006 0.000 0.000 0.000 0.000 0.865 0.993 0.989 0.904 0.721 0.005 0.000 0.006 0.000 0.826 0.989 0.000 0.967 0.847 0.000 0.000 0.000 0.000 0.000 0.000 0.946 0.841 0.948 0.205 0.000 0.000 0.000 0.000
0.002 0.995 0.004 0.000 0.000 0.979 0.975 0.985 0.886 0.000 0.000 0.000 0.000 0.000 0.000 0.000 0.927 0.967 0.000 0.988 0.908 0.000 0.000 0.000 0.000 0.861 0.963 0.995 0.931 0.966 0.992 0.985 0.000 0.000
0.000 0.206 0.000 0.000 0.956 0.984 0.998 0.854 0.979 0.000 0.000 0.000 0.000 0.000 0.000 0.000 0.000 0.847 0.988 0.000 0.997 0.996 0.001 0.032 0.990 0.986 0.998 0.908 0.000 0.000 0.000 0.105 0.000 0.000
0.000 0.000 0.151 0.687 0.994 0.999 0.915 0.000 0.000 0.000 0.000 0.000 0.000 0.000 0.000 0.000 0.000 0.000 0.908 0.997 0.000 0.995 0.997 0.993 0.976 0.960 0.900 0.310 0.000 0.000 0.000 0.068 0.000 0.000
0.000 0.001 0.000 0.067 0.983 0.915 0.841 0.000 0.603 0.000 0.000 0.000 0.000 0.000 0.000 0.000 0.000 0.000 0.000 0.996 0.995 0.000 0.993 0.970 0.994 0.455 0.000 0.000 0.000 0.000 0.000 0.000 0.000 0.000
0.000 0.000 0.010 0.363 0.952 0.108 0.000 0.000 0.000 0.000 0.000 0.002 0.012 0.008 0.003 0.000 0.000 0.000 0.000 0.001 0.997 0.993 0.000 0.997 0.981 0.054 0.000 0.000 0.000 0.000 0.000 0.000 0.000 0.000
0.000 0.000 0.000 0.000 0.008 0.428 0.000 0.000 0.000 0.000 0.000 0.000 0.000 0.000 0.000 0.000 0.000 0.000 0.000 0.032 0.993 0.970 0.997 0.000 0.992 0.999 0.032 0.023 0.000 0.000 0.000 0.000 0.000 0.000
0.000 0.000 0.000 0.000 0.000 0.000 0.000 0.000 0.025 0.000 0.000 0.000 0.003 0.001 0.000 0.000 0.000 0.000 0.000 0.990 0.976 0.994 0.981 0.992 0.000 0.991 0.964 0.000 0.000 0.000 0.000 0.000 0.000 0.000
0.000 0.000 0.000 0.000 0.000 0.800 0.000 0.000 0.001 0.000 0.000 0.000 0.000 0.000 0.000 0.000 0.000 0.000 0.861 0.986 0.960 0.455 0.054 0.999 0.991 0.000 0.997 0.933 0.035 0.000 0.000 0.000 0.000 0.000
0.000 0.000 0.000 0.000 0.000 0.776 0.001 0.000 0.853 0.001 0.024 0.002 0.000 0.000 0.000 0.000 0.000 0.946 0.963 0.998 0.900 0.000 0.000 0.032 0.964 0.997 0.000 0.993 0.964 0.000 0.000 0.000 0.000 0.000
0.000 0.000 0.000 0.000 0.000 0.981 0.000 0.000 0.000 0.000 0.000 0.000 0.000 0.000 0.000 0.000 0.186 0.841 0.995 0.908 0.310 0.000 0.000 0.023 0.000 0.933 0.993 0.000 0.985 0.990 0.760 0.964 0.009 0.000
0.000 0.000 0.000 0.000 0.000 0.000 0.000 0.000 0.006 0.050 0.343 0.078 0.017 0.177 0.007 0.706 0.915 0.948 0.931 0.000 0.000 0.000 0.000 0.000 0.000 0.035 0.964 0.985 0.000 0.978 0.838 0.013 0.000 0.000
0.000 0.000 0.000 0.000 0.000 0.134 0.000 0.000 0.000 0.000 0.000 0.000 0.000 0.000 0.000 0.000 0.036 0.205 0.966 0.000 0.000 0.000 0.000 0.000 0.000 0.000 0.000 0.990 0.978 0.000 0.994 0.976 0.469 0.000
0.848 0.950 0.383 0.000 0.000 0.014 0.000 0.539 0.000 0.000 0.000 0.000 0.000 0.000 0.000 0.000 0.460 0.000 0.992 0.000 0.000 0.000 0.000 0.000 0.000 0.000 0.000 0.760 0.838 0.994 0.000 0.993 0.999 0.197
0.310 0.979 1.000 0.000 0.000 0.997 0.130 0.078 0.000 0.000 0.000 0.000 0.000 0.000 0.000 0.000 0.000 0.000 0.985 0.105 0.068 0.000 0.000 0.000 0.000 0.000 0.000 0.964 0.013 0.976 0.993 0.000 0.999 0.977
0.321 0.478 0.952 0.004 0.000 0.090 0.000 0.000 0.000 0.000 0.000 0.000 0.000 0.000 0.000 0.000 0.000 0.000 0.000 0.000 0.000 0.000 0.000 0.000 0.000 0.000 0.000 0.009 0.000 0.469 0.999 0.999 0.000 0.999
0.603 0.674 0.990 0.895 0.000 0.063 0.000 0.000 0.000 0.000 0.000 0.006 0.015 0.010 0.000 0.000 0.000 0.000 0.000 0.000 0.000 0.000 0.000 0.000 0.000 0.000 0.000 0.000 0.000 0.000 0.197 0.977 0.999 0.000
