0.000 0.991 0.944 0.006 0.000 0.000 0.000 0.012 0.000 0.000 0.000 0.000 0.000 0.000 0.000 0.000 0.000 0.000 0.004 0.000 0.000 0.000 0.000 0.000 0.000 0.000 0.000 0.000 0.000 0.000 0.789 0.498 0.497 0.808
0.991 0.000 1.000 0.963 0.004 0.994 0.935 0.892 0.001 0.000 0.000 0.000 0.000 0.000 0.000 0.000 0.006 0.001 0.981 0.142 0.000 0.000 0.000 0.000 0.000 0.000 0.000 0.000 0.000 0.000 0.951 0.981 0.633 0.839
0.944 1.000 0.000 0.999 0.954 1.000 0.001 0.001 0.000 0.000 0.000 0.000 0.000 0.000 0.000 0.000 0.000 0.000 0.010 0.000 0.279 0.000 0.000 0.000 0.000 0.000 0.000 0.000 0.000 0.000 0.237 0.979 0.975 0.997
0.006 0.963 0.999 0.000 0.997 0.999 0.000 0.000 0.000 0.000 0.000 0.000 0.000 0.000 0.000 0.000 0.000 0.000 0.000 0.000 0.740 0.004 0.347 0.012 0.000 0.000 0.000 0.000 0.000 0.000 0.000 0.001 0.006 0.915
0.000 0.004 0.954 0.997 0.000 0.995 0.925 0.000 0.006 0.000 0.000 0.000 0.000 0.000 0.000 0.000 0.000 0.000 0.000 0.856 0.954 0.960 0.940 0.162 0.000 0.000 0.000 0.000 0.000 0.000 0.000 0.000 0.000 0.000
0.000 0.994 1.000 0.999 0.995 0.000 0.967 0.715 0.005 0.000 0.000 0.000 0.000 0.000 0.000 0.000 0.000 0.012 0.956 0.973 0.994 0.902 0.121 0.444 0.000 0.922 0.903 0.962 0.000 0.056 0.003 0.993 0.040 0.020
0.000 0.935 0.001 0.000 0.925 0.967 0.000 0.988 0.979 0.000 0.000 0.000 0.000 0.000 0.000 0.000 0.000 0.770 0.915 0.996 0.900 0.937 0.000 0.000 0.231 0.000 0.000 0.000 0.000 0.000 0.000 0.194 0.000 0.000
0.012 0.892 0.001 0.000 0.000 0.715 0.988 0.000 0.999 0.945 0.000 0.000 0.000 0.000 0.000 0.000 0.979 0.963 0.956 0.878 0.000 0.000 0.000 0.000 0.000 0.000 0.000 0.000 0.000 0.000 0.520 0.014 0.000 0.000
0.000 0.001 0.000 0.000 0.006 0.005 0.979 0.999 0.000 0.991 0.903 0.000 0.000 0.000 0.000 0.839 0.948 0.996 0.795 0.921 0.054 0.510 0.000 0.000 0.407 0.001 0.150 0.000 0.000 0.000 0.000 0.000 0.000 0.000
0.000 0.000 0.000 0.000 0.000 0.000 0.000 0.945 0.991 0.000 0.992 0.915 0.005 0.043 0.962 0.943 0.979 0.968 0.000 0.000 0.000 0.000 0.000 0.000 0.000 0.000 0.000 0.000 0.088 0.000 0.000 0.000 0.000 0.000
0.000 0.000 0.000 0.000 0.000 0.000 0.000 0.000 0.903 0.992 0.000 0.979 0.972 0.989 0.973 0.987 0.926 0.969 0.000 0.000 0.000 0.000 0.000 0.000 0.000 0.000 0.000 0.000 0.928 0.000 0.000 0.000 0.000 0.000
0.000 0.000 0.000 0.000 0.000 0.000 0.000 0.000 0.000 0.915 0.979 0.000 0.971 0.879 0.891 0.063 0.000 0.684 0.000 0.000 0.000 0.000 0.000 0.000 0.000 0.000 0.000 0.000 0.000 0.000 0.000 0.000 0.000 0.000
0.000 0.000 0.000 0.000 0.000 0.000 0.000 0.000 0.000 0.005 0.972 0.971 0.000 0.980 0.922 0.055 0.000 0.000 0.000 0.000 0.000 0.000 0.000 0.000 0.000 0.000 0.000 0.000 0.012 0.000 0.000 0.000 0.000 0.000
0.000 0.000 0.000 0.000 0.000 0.000 0.000 0.000 0.000 0.043 0.989 0.879 0.980 0.000 0.982 0.988 0.000 0.001 0.000 0.000 0.000 0.000 0.000 0.000 0.000 0.000 0.000 0.000 0.810 0.000 0.000 0.000 0.000 0.000
0.000 0.000 0.000 0.000 0.000 0.000 0.000 0.000 0.000 0.962 0.973 0.891 0.922 0.982 0.000 0.966 0.902 0.000 0.000 0.000 0.000 0.000 0.000 0.000 0.000 0.000 0.000 0.000 0.004 0.000 0.000 0.000 0.000 0.000
0.000 0.000 0.000 0.000 0.000 0.000 0.000 0.000 0.839 0.943 0.987 0.063 0.055 0.988 0.966 0.000 0.992 0.944 0.000 0.000 0.000 0.000 0.000 0.000 0.000 0.000 0.000 0.000 0.982 0.013 0.000 0.000 0.000 0.000
0.000 0.006 0.000 0.000 0.000 0.000 0.000 0.979 0.948 0.979 0.926 0.000 0.000 0.000 0.902 0.992 0.000 0.988 0.918 0.000 0.000 0.000 0.000 0.000 0.000 0.000 0.000 0.092 0.982 0.019 0.231 0.000 0.000 0.000
0.000 0.001 0.000 0.000 0.000 0.012 0.770 0.963 0.996 0.968 0.969 0.684 0.000 0.001 0.000 0.944 0.988 0.000 0.973 0.939 0.002 0.000 0.000 0.000 0.015 0.024 0.908 0.897 0.991 0.489 0.000 0.000 0.000 0.000
0.004 0.981 0.010 0.000 0.000 0.956 0.915 0.956 0.795 0.000 0.000 0.000 0.000 0.000 0.000 0.000 0.918 0.973 0.000 0.976 0.787 0.000 0.000 0.000 0.000 0.769 0.942 0.993 0.970 0.988 0.999 0.980 0.000 0.000
0.000 0.142 0.000 0.000 0.856 0.973 0.996 0.878 0.921 0.000 0.000 0.000 0.000 0.000 0.000 0.000 0.000 0.939 0.976 0.000 0.974 0.895 0.000 0.008 0.726 0.916 0.969 0.924 0.000 0.000 0.000 0.141 0.000 0.000
0.000 0.000 0.279 0.740 0.954 0.994 0.900 0.000 0.054 0.000 0.000 0.000 0.000 0.000 0.000 0.000 0.000 0.002 0.787 0.974 0.000 0.964 0.987 0.988 0.985 0.973 0.875 0.080 0.000 0.000 0.000 0.031 0.000 0.000
0.000 0.000 0.000 0.004 0.960 0.902 0.937 0.000 0.510 0.000 0.000 0.000 0.000 0.000 0.000 0.000 0.000 0.000 0.000 0.895 0.964 0.000 0.993 0.883 0.980 0.153 0.000 0.000 0.000 0.000 0.000 0.000 0.000 0.000
0.000 0.000 0.000 0.347 0.940 0.121 0.000 0.000 0.000 0.000 0.000 0.000 0.000 0.000 0.000 0.000 0.000 0.000 0.000 0.000 0.987 0.993 0.000 0.976 0.971 0.089 0.000 0.000 0.000 0.000 0.000 0.000 0.000 0.000
0.000 0.000 0.000 0.012 0.162 0.444 0.000 0.000 0.000 0.000 0.000 0.000 0.000 0.000 0.000 0.000 0.000 0.000 0.000 0.008 0.988 0.883 0.976 0.000 0.991 0.993 0.017 0.000 0.000 0.000 0.000 0.000 0.000 0.000
0.000 0.000 0.000 0.000 0.000 0.000 0.231 0.000 0.407 0.000 0.000 0.000 0.000 0.000 0.000 0.000 0.000 0.015 0.000 0.726 0.985 0.980 0.971 0.991 0.000 0.978 0.925 0.000 0.000 0.000 0.000 0.000 0.000 0.000
0.000 0.000 0.000 0.000 0.000 0.922 0.000 0.000 0.001 0.000 0.000 0.000 0.000 0.000 0.000 0.000 0.000 0.024 0.769 0.916 0.973 0.153 0.089 0.993 0.978 0.000 0.985 0.882 0.000 0.000 0.000 0.000 0.000 0.000
0.000 0.000 0.000 0.000 0.000 0.903 0.000 0.000 0.150 0.000 0.000 0.000 0.000 0.000 0.000 0.000 0.000 0.908 0.942 0.969 0.875 0.000 0.000 0.017 0.925 0.985 0.000 0.982 0.827 0.000 0.000 0.000 0.000 0.000
0.000 0.000 0.000 0.000 0.000 0.962 0.000 0.000 0.000 0.000 0.000 0.000 0.000 0.000 0.000 0.000 0.092 0.897 0.993 0.924 0.080 0.000 0.000 0.000 0.000 0.882 0.982 0.000 0.979 0.976 0.852 0.958 0.003 0.000
0.000 0.000 0.000 0.000 0.000 0.000 0.000 0.000 0.000 0.088 0.928 0.000 0.012 0.810 0.004 0.982 0.982 0.991 0.970 0.000 0.000 0.000 0.000 0.000 0.000 0.000 0.827 0.979 0.000 0.981 0.905 0.009 0.000 0.000
0.000 0.000 0.000 0.000 0.000 0.056 0.000 0.000 0.000 0.000 0.000 0.000 0.000 0.000 0.000 0.013 0.019 0.489 0.988 0.000 0.000 0.000 0.000 0.000 0.000 0.000 0.000 0.976 0.981 0.000 0.994 0.949 0.203 0.000
0.789 0.951 0.237 0.000 0.000 0.003 0.000 0.520 0.000 0.000 0.000 0.000 0.000 0.000 0.000 0.000 0.231 0.000 0.999 0.000 0.000 0.000 0.000 0.000 0.000 0.000 0.000 0.852 0.905 0.994 0.000 0.990 0.986 0.138
0.498 0.981 0.979 0.001 0.000 0.993 0.194 0.014 0.000 0.000 0.000 0.000 0.000 0.000 0.000 0.000 0.000 0.000 0.980 0.141 0.031 0.000 0.000 0.000 0.000 0.000 0.000 0.958 0.009 0.949 0.990 0.000 1.000 0.969
0.497 0.633 0.975 0.006 0.000 0.040 0.000 0.000 0.000 0.000 0.000 0.000 0.000 0.000 0.000 0.000 0.000 0.000 0.000 0.000 0.000 0.000 0.000 0.000 0.000 0.000 0.000 0.003 0.000 0.203 0.986 1.000 0.000 0.993
0.808 0.839 0.997 0.915 0.000 0.020 0.000 0.000 0.000 0.000 0.000 0.000 0.000 0.000 0.000 0.000 0.000 0.000 0.000 0.000 0.000 0.000 0.000 0.000 0.000 0.000 0.000 0.000 0.000 0.000 0.138 0.969 0.993 0.000
