0.000 0.966 0.872 0.004 0.000 0.000 0.000 0.023 0.000 0.000 0.000 0.006 0.007 0.001 0.000 0.000 0.000 0.000 0.001 0.000 0.000 0.000 0.000 0.000 0.000 0.000 0.000 0.000 0.000 0.000 0.589 0.466 0.521 0.809
0.966 0.000 0.988 0.872 0.005 0.987 0.927 0.959 0.000 0.000 0.000 0.000 0.000 0.000 0.000 0.000 0.011 0.000 0.963 0.119 0.000 0.000 0.000 0.000 0.000 0.000 0.000 0.000 0.000 0.000 0.941 0.990 0.606 0.804
0.872 0.988 0.000 0.995 0.939 0.990 0.000 0.000 0.000 0.000 0.000 0.000 0.000 0.000 0.000 0.000 0.000 0.000 0.005 0.000 0.319 0.000 0.013 0.000 0.000 0.000 0.000 0.000 0.000 0.000 0.188 0.966 0.933 0.980
0.004 0.872 0.995 0.000 0.978 0.978 0.000 0.000 0.000 0.000 0.000 0.000 0.000 0.000 0.000 0.000 0.000 0.000 0.000 0.000 0.861 0.002 0.489 0.007 0.000 0.000 0.000 0.000 0.000 0.000 0.000 0.000 0.002 0.861
0.000 0.005 0.939 0.978 0.000 0.993 0.895 0.000 0.000 0.000 0.000 0.000 0.000 0.000 0.000 0.000 0.000 0.000 0.000 0.865 0.982 0.956 0.948 0.098 0.000 0.000 0.000 0.000 0.000 0.000 0.000 0.000 0.000 0.001
0.000 0.987 0.990 0.978 0.993 0.000 0.980 0.901 0.000 0.000 0.000 0.000 0.000 0.000 0.000 0.000 0.000 0.003 0.968 0.981 1.000 0.870 0.184 0.654 0.000 0.976 0.946 0.978 0.000 0.049 0.005 0.979 0.033 0.023
0.000 0.927 0.000 0.000 0.895 0.980 0.000 0.999 1.000 0.000 0.000 0.000 0.000 0.000 0.000 0.000 0.000 0.966 0.988 0.999 0.933 0.903 0.000 0.000 0.000 0.000 0.000 0.000 0.000 0.000 0.000 0.173 0.000 0.000
0.023 0.959 0.000 0.000 0.000 0.901 0.999 0.000 0.996 0.995 0.000 0.000 0.000 0.000 0.000 0.000 0.982 0.989 1.000 0.979 0.000 0.000 0.000 0.000 0.000 0.000 0.000 0.000 0.000 0.000 0.605 0.114 0.000 0.000
0.000 0.000 0.000 0.000 0.000 0.000 1.000 0.996 0.000 1.000 0.976 0.000 0.000 0.000 0.001 0.947 0.974 1.000 1.000 0.987 0.000 0.712 0.000 0.000 0.016 0.000 0.375 0.000 0.003 0.000 0.000 0.000 0.000 0.000
0.000 0.000 0.000 0.000 0.000 0.000 0.000 0.995 1.000 0.000 0.994 0.988 0.077 0.133 0.986 0.977 0.995 0.999 0.000 0.000 0.000 0.000 0.000 0.000 0.000 0.000 0.000 0.000 0.097 0.000 0.000 0.000 0.000 0.000
0.000 0.000 0.000 0.000 0.000 0.000 0.000 0.000 0.976 0.994 0.000 0.997 0.931 0.979 0.987 0.987 0.983 1.000 0.000 0.000 0.000 0.000 0.000 0.000 0.000 0.000 0.000 0.000 0.555 0.000 0.000 0.000 0.000 0.000
0.006 0.000 0.000 0.000 0.000 0.000 0.000 0.000 0.000 0.988 0.997 0.000 0.996 0.990 0.975 0.103 0.000 0.803 0.000 0.000 0.000 0.000 0.000 0.000 0.000 0.000 0.000 0.000 0.122 0.000 0.000 0.000 0.034 0.048
0.007 0.000 0.000 0.000 0.000 0.000 0.000 0.000 0.000 0.077 0.931 0.996 0.000 0.984 0.932 0.069 0.000 0.000 0.000 0.000 0.000 0.000 0.000 0.000 0.000 0.000 0.000 0.000 0.051 0.000 0.000 0.000 0.041 0.018
0.001 0.000 0.000 0.000 0.000 0.000 0.000 0.000 0.000 0.133 0.979 0.990 0.984 0.000 0.994 0.997 0.005 0.052 0.000 0.000 0.000 0.000 0.000 0.000 0.000 0.000 0.000 0.000 0.452 0.000 0.000 0.000 0.014 0.000
0.000 0.000 0.000 0.000 0.000 0.000 0.000 0.000 0.001 0.986 0.987 0.975 0.932 0.994 0.000 0.997 0.999 0.000 0.000 0.000 0.000 0.000 0.000 0.000 0.000 0.000 0.000 0.000 0.017 0.000 0.000 0.000 0.000 0.000
0.000 0.000 0.000 0.000 0.000 0.000 0.000 0.000 0.947 0.977 0.987 0.103 0.069 0.997 0.997 0.000 1.000 0.997 0.000 0.000 0.000 0.000 0.000 0.000 0.000 0.000 0.000 0.000 0.707 0.000 0.000 0.000 0.000 0.000
0.000 0.011 0.000 0.000 0.000 0.000 0.000 0.982 0.974 0.995 0.983 0.000 0.000 0.005 0.999 1.000 0.000 0.999 1.000 0.000 0.000 0.000 0.000 0.000 0.000 0.000 0.000 0.077 0.978 0.022 0.411 0.000 0.000 0.000
0.000 0.000 0.000 0.000 0.000 0.003 0.966 0.989 1.000 0.999 1.000 0.803 0.000 0.052 0.000 0.997 0.999 0.000 1.000 0.991 0.000 0.000 0.000 0.000 0.000 0.005 0.985 0.995 0.997 0.341 0.000 0.000 0.000 0.000
0.001 0.963 0.005 0.000 0.000 0.968 0.988 1.000 1.000 0.000 0.000 0.000 0.000 0.000 0.000 0.000 1.000 1.000 0.000 0.994 0.892 0.000 0.000 0.000 0.000 0.876 0.984 0.990 0.986 0.964 0.980 0.956 0.000 0.000
0.000 0.119 0.000 0.000 0.865 0.981 0.999 0.979 0.987 0.000 0.000 0.000 0.000 0.000 0.000 0.000 0.000 0.991 0.994 0.000 0.990 0.989 0.009 0.003 0.952 0.959 0.988 0.956 0.000 0.000 0.000 0.153 0.000 0.000
0.000 0.000 0.319 0.861 0.982 1.000 0.933 0.000 0.000 0.000 0.000 0.000 0.000 0.000 0.000 0.000 0.000 0.000 0.892 0.990 0.000 0.998 0.989 0.964 0.987 0.985 0.936 0.088 0.000 0.000 0.000 0.041 0.000 0.003
0.000 0.000 0.000 0.002 0.956 0.870 0.903 0.000 0.712 0.000 0.000 0.000 0.000 0.000 0.000 0.000 0.000 0.000 0.000 0.989 0.998 0.000 0.980 0.898 0.972 0.508 0.000 0.000 0.000 0.000 0.000 0.000 0.001 0.000
0.000 0.000 0.013 0.489 0.948 0.184 0.000 0.000 0.000 0.000 0.000 0.000 0.000 0.000 0.000 0.000 0.000 0.000 0.000 0.009 0.989 0.980 0.000 0.995 0.970 0.080 0.000 0.000 0.000 0.000 0.000 0.000 0.000 0.000
0.000 0.000 0.000 0.007 0.098 0.654 0.000 0.000 0.000 0.000 0.000 0.000 0.000 0.000 0.000 0.000 0.000 0.000 0.000 0.003 0.964 0.898 0.995 0.000 0.984 0.987 0.014 0.004 0.000 0.000 0.000 0.000 0.000 0.000
0.000 0.000 0.000 0.000 0.000 0.000 0.000 0.000 0.016 0.000 0.000 0.000 0.000 0.000 0.000 0.000 0.000 0.000 0.000 0.952 0.987 0.972 0.970 0.984 0.000 0.997 0.928 0.000 0.000 0.000 0.000 0.000 0.001 0.000
0.000 0.000 0.000 0.000 0.000 0.976 0.000 0.000 0.000 0.000 0.000 0.000 0.000 0.000 0.000 0.000 0.000 0.005 0.876 0.959 0.985 0.508 0.080 0.987 0.997 0.000 0.993 0.952 0.000 0.000 0.000 0.001 0.000 0.000
0.000 0.000 0.000 0.000 0.000 0.946 0.000 0.000 0.375 0.000 0.000 0.000 0.000 0.000 0.000 0.000 0.000 0.985 0.984 0.988 0.936 0.000 0.000 0.014 0.928 0.993 0.000 1.000 0.963 0.000 0.000 0.000 0.000 0.000
0.000 0.000 0.000 0.000 0.000 0.978 0.000 0.000 0.000 0.000 0.000 0.000 0.000 0.000 0.000 0.000 0.077 0.995 0.990 0.956 0.088 0.000 0.000 0.004 0.000 0.952 1.000 0.000 1.000 0.972 0.776 0.959 0.004 0.000
0.000 0.000 0.000 0.000 0.000 0.000 0.000 0.000 0.003 0.097 0.555 0.122 0.051 0.452 0.017 0.707 0.978 0.997 0.986 0.000 0.000 0.000 0.000 0.000 0.000 0.000 0.963 1.000 0.000 0.985 0.908 0.008 0.000 0.000
0.000 0.000 0.000 0.000 0.000 0.049 0.000 0.000 0.000 0.000 0.000 0.000 0.000 0.000 0.000 0.000 0.022 0.341 0.964 0.000 0.000 0.000 0.000 0.000 0.000 0.000 0.000 0.972 0.985 0.000 0.988 0.964 0.318 0.000
0.589 0.941 0.188 0.000 0.000 0.005 0.000 0.605 0.000 0.000 0.000 0.000 0.000 0.000 0.000 0.000 0.411 0.000 0.980 0.000 0.000 0.000 0.000 0.000 0.000 0.000 0.000 0.776 0.908 0.988 0.000 0.994 0.957 0.088
0.466 0.990 0.966 0.000 0.000 0.979 0.173 0.114 0.000 0.000 0.000 0.000 0.000 0.000 0.000 0.000 0.000 0.000 0.956 0.153 0.041 0.000 0.000 0.000 0.000 0.001 0.000 0.959 0.008 0.964 0.994 0.000 0.986 0.835
0.521 0.606 0.933 0.002 0.000 0.033 0.000 0.000 0.000 0.000 0.000 0.034 0.041 0.014 0.000 0.000 0.000 0.000 0.000 0.000 0.000 0.001 0.000 0.000 0.001 0.000 0.000 0.004 0.000 0.318 0.957 0.986 0.000 0.968
0.809 0.804 0.980 0.861 0.001 0.023 0.000 0.000 0.000 0.000 0.000 0.048 0.018 0.000 0.000 0.000 0.000 0.000 0.000 0.000 0.003 0.000 0.000 0.000 0.000 0.000 0.000 0.000 0.000 0.000 0.088 0.835 0.968 0.000
