0.000 0.977 0.908 0.040 0.000 0.002 0.000 0.000 0.000 0.000 0.000 0.006 0.003 0.000 0.000 0.000 0.000 0.000 0.000 0.000 0.002 0.004 0.000 0.029 0.000 0.000 0.000 0.000 0.000 0.000 0.000 0.006 0.014
0.977 0.000 0.998 0.975 0.013 0.227 0.044 0.008 0.000 0.000 0.000 0.000 0.000 0.000 0.000 0.000 0.000 0.002 0.284 0.073 0.420 0.345 0.008 0.318 0.002 0.000 0.000 0.000 0.000 0.143 0.004 0.005 0.038
0.908 0.998 0.000 1.000 0.940 0.314 0.032 0.395 0.000 0.000 0.000 0.000 0.000 0.000 0.000 0.000 0.000 0.000 0.424 0.075 0.392 0.104 0.000 0.187 0.004 0.004 0.000 0.000 0.000 0.079 0.056 0.003 0.065
0.040 0.975 1.000 0.000 0.978 0.977 0.284 0.702 0.000 0.000 0.000 0.000 0.000 0.000 0.000 0.000 0.001 0.009 0.496 0.005 0.124 0.000 0.000 0.000 0.000 0.000 0.000 0.000 0.000 0.049 0.013 0.009 0.023
0.000 0.013 0.940 0.978 0.000 1.000 0.941 0.986 0.000 0.000 0.000 0.000 0.000 0.000 0.000 0.000 0.494 0.642 0.725 0.531 0.393 0.000 0.000 0.000 0.000 0.000 0.005 0.000 0.002 0.037 0.288 0.000 0.061
0.002 0.227 0.314 0.977 1.000 0.000 1.000 0.991 0.000 0.000 0.000 0.000 0.000 0.000 0.000 0.118 0.779 0.928 0.909 0.382 0.239 0.001 0.000 0.000 0.000 0.008 0.023 0.000 0.017 0.694 0.919 0.247 0.443
0.000 0.044 0.032 0.284 0.941 1.000 0.000 0.988 0.993 0.000 0.000 0.000 0.000 0.000 0.000 0.945 0.816 0.881 0.001 0.000 0.000 0.000 0.000 0.000 0.000 0.000 0.000 0.000 0.000 0.351 0.092 0.001 0.097
0.000 0.008 0.395 0.702 0.986 0.991 0.988 0.000 0.998 0.956 0.047 0.001 0.000 0.001 0.885 0.944 0.998 0.949 0.822 0.006 0.050 0.000 0.000 0.002 0.001 0.433 0.023 0.000 0.000 0.000 0.009 0.000 0.000
0.000 0.000 0.000 0.000 0.000 0.000 0.993 0.998 0.000 0.992 0.979 0.087 0.275 0.961 0.945 0.980 0.987 0.000 0.000 0.000 0.000 0.000 0.000 0.000 0.000 0.000 0.000 0.019 0.000 0.000 0.000 0.000 0.000
0.000 0.000 0.000 0.000 0.000 0.000 0.000 0.956 0.992 0.000 0.996 0.865 0.961 0.952 0.946 0.938 0.979 0.000 0.000 0.000 0.000 0.000 0.000 0.000 0.000 0.000 0.000 0.090 0.000 0.000 0.000 0.000 0.000
0.000 0.000 0.000 0.000 0.000 0.000 0.000 0.047 0.979 0.996 0.000 0.972 0.967 0.915 0.097 0.000 0.728 0.000 0.000 0.000 0.000 0.000 0.000 0.000 0.000 0.000 0.000 0.009 0.000 0.000 0.000 0.000 0.002
0.006 0.000 0.000 0.000 0.000 0.000 0.000 0.001 0.087 0.865 0.972 0.000 0.967 0.902 0.016 0.000 0.001 0.000 0.000 0.000 0.000 0.000 0.000 0.000 0.000 0.000 0.000 0.003 0.000 0.000 0.000 0.005 0.020
0.003 0.000 0.000 0.000 0.000 0.000 0.000 0.000 0.275 0.961 0.967 0.967 0.000 0.997 0.994 0.017 0.093 0.000 0.000 0.000 0.000 0.000 0.000 0.000 0.000 0.000 0.000 0.080 0.000 0.000 0.000 0.000 0.002
0.000 0.000 0.000 0.000 0.000 0.000 0.000 0.001 0.961 0.952 0.915 0.902 0.997 0.000 0.980 0.939 0.000 0.000 0.000 0.000 0.000 0.000 0.000 0.000 0.000 0.000 0.000 0.002 0.000 0.000 0.000 0.000 0.000
0.000 0.000 0.000 0.000 0.000 0.000 0.000 0.885 0.945 0.946 0.097 0.016 0.994 0.980 0.000 0.998 0.968 0.000 0.000 0.000 0.000 0.000 0.000 0.000 0.000 0.000 0.000 0.261 0.000 0.000 0.000 0.000 0.000
0.000 0.000 0.000 0.000 0.000 0.118 0.945 0.944 0.980 0.938 0.000 0.000 0.017 0.939 0.998 0.000 0.995 0.997 0.000 0.000 0.000 0.000 0.000 0.000 0.000 0.000 0.226 0.676 0.111 0.108 0.011 0.000 0.014
0.000 0.000 0.000 0.001 0.494 0.779 0.816 0.998 0.987 0.979 0.728 0.001 0.093 0.000 0.968 0.995 0.000 1.000 0.990 0.001 0.000 0.000 0.000 0.000 0.005 1.000 0.955 0.763 0.250 0.028 0.003 0.000 0.000
0.000 0.002 0.000 0.009 0.642 0.928 0.881 0.949 0.000 0.000 0.000 0.000 0.000 0.000 0.000 0.997 1.000 0.000 0.975 0.934 0.000 0.000 0.000 0.000 0.907 0.997 1.000 0.980 0.996 0.996 0.992 0.008 0.095
0.000 0.284 0.424 0.496 0.725 0.909 0.001 0.822 0.000 0.000 0.000 0.000 0.000 0.000 0.000 0.000 0.990 0.975 0.000 1.000 0.984 0.017 0.003 0.997 0.997 0.989 0.960 0.000 0.060 0.073 0.781 0.000 0.027
0.000 0.073 0.075 0.005 0.531 0.382 0.000 0.006 0.000 0.000 0.000 0.000 0.000 0.000 0.000 0.000 0.001 0.934 1.000 0.000 0.989 0.991 0.996 0.991 1.000 0.979 0.970 0.003 0.252 0.049 0.736 0.213 0.285
0.002 0.420 0.392 0.124 0.393 0.239 0.000 0.050 0.000 0.000 0.000 0.000 0.000 0.000 0.000 0.000 0.000 0.000 0.984 0.989 0.000 0.967 0.935 0.988 0.888 0.000 0.001 0.000 0.000 0.000 0.526 0.002 0.088
0.004 0.345 0.104 0.000 0.000 0.001 0.000 0.000 0.000 0.000 0.000 0.000 0.000 0.000 0.000 0.000 0.000 0.000 0.017 0.991 0.967 0.000 0.990 0.967 0.122 0.000 0.000 0.000 0.000 0.000 0.136 0.051 0.323
0.000 0.008 0.000 0.000 0.000 0.000 0.000 0.000 0.000 0.000 0.000 0.000 0.000 0.000 0.000 0.000 0.000 0.000 0.003 0.996 0.935 0.990 0.000 0.991 0.978 0.000 0.002 0.000 0.000 0.000 0.007 0.001 0.031
0.029 0.318 0.187 0.000 0.000 0.000 0.000 0.002 0.000 0.000 0.000 0.000 0.000 0.000 0.000 0.000 0.000 0.000 0.997 0.991 0.988 0.967 0.991 0.000 0.997 0.934 0.000 0.000 0.000 0.000 0.000 0.000 0.000
0.000 0.002 0.004 0.000 0.000 0.000 0.000 0.001 0.000 0.000 0.000 0.000 0.000 0.000 0.000 0.000 0.005 0.907 0.997 1.000 0.888 0.122 0.978 0.997 0.000 0.995 0.958 0.018 0.000 0.000 0.005 0.000 0.000
0.000 0.000 0.004 0.000 0.000 0.008 0.000 0.433 0.000 0.000 0.000 0.000 0.000 0.000 0.000 0.000 1.000 0.997 0.989 0.979 0.000 0.000 0.000 0.934 0.995 0.000 0.994 0.962 0.000 0.006 0.000 0.000 0.000
0.000 0.000 0.000 0.000 0.005 0.023 0.000 0.023 0.000 0.000 0.000 0.000 0.000 0.000 0.000 0.226 0.955 1.000 0.960 0.970 0.001 0.000 0.002 0.000 0.958 0.994 0.000 0.998 0.991 0.786 0.781 0.003 0.000
0.000 0.000 0.000 0.000 0.000 0.000 0.000 0.000 0.019 0.090 0.009 0.003 0.080 0.002 0.261 0.676 0.763 0.980 0.000 0.003 0.000 0.000 0.000 0.000 0.018 0.962 0.998 0.000 1.000 0.984 0.000 0.014 0.000
0.000 0.000 0.000 0.000 0.002 0.017 0.000 0.000 0.000 0.000 0.000 0.000 0.000 0.000 0.000 0.111 0.250 0.996 0.060 0.252 0.000 0.000 0.000 0.000 0.000 0.000 0.991 1.000 0.000 1.000 0.984 0.415 0.002
0.000 0.143 0.079 0.049 0.037 0.694 0.351 0.000 0.000 0.000 0.000 0.000 0.000 0.000 0.000 0.108 0.028 0.996 0.073 0.049 0.000 0.000 0.000 0.000 0.000 0.006 0.786 0.984 1.000 0.000 0.994 0.899 0.289
0.000 0.004 0.056 0.013 0.288 0.919 0.092 0.009 0.000 0.000 0.000 0.000 0.000 0.000 0.000 0.011 0.003 0.992 0.781 0.736 0.526 0.136 0.007 0.000 0.005 0.000 0.781 0.000 0.984 0.994 0.000 0.964 0.889
0.006 0.005 0.003 0.009 0.000 0.247 0.001 0.000 0.000 0.000 0.000 0.005 0.000 0.000 0.000 0.000 0.000 0.008 0.000 0.213 0.002 0.051 0.001 0.000 0.000 0.000 0.003 0.014 0.415 0.899 0.964 0.000 0.995
0.014 0.038 0.065 0.023 0.061 0.443 0.097 0.000 0.000 0.000 0.002 0.020 0.002 0.000 0.000 0.014 0.000 0.095 0.027 0.285 0.088 0.323 0.031 0.000 0.000 0.000 0.000 0.000 0.002 0.289 0.889 0.995 0.000
