0.000 0.999 0.966 0.007 0.000 0.000 0.000 0.056 0.000 0.000 0.000 0.000 0.000 0.000 0.000 0.000 0.000 0.000 0.005 0.000 0.000 0.000 0.000 0.000 0.000 0.000 0.000 0.000 0.000 0.000 0.672 0.431 0.428 0.810
0.999 0.000 0.998 0.934 0.003 0.980 0.964 0.979 0.001 0.000 0.000 0.000 0.000 0.000 0.000 0.000 0.008 0.001 0.977 0.147 0.000 0.002 0.000 0.000 0.000 0.000 0.000 0.000 0.000 0.000 0.926 0.983 0.532 0.834
0.966 0.998 0.000 0.994 0.958 1.000 0.001 0.000 0.000 0.000 0.000 0.000 0.000 0.000 0.000 0.000 0.000 0.000 0.006 0.000 0.271 0.000 0.033 0.000 0.000 0.000 0.000 0.000 0.000 0.000 0.234 0.999 0.951 0.992
0.007 0.934 0.994 0.000 0.995 0.971 0.000 0.000 0.000 0.000 0.000 0.000 0.002 0.000 0.000 0.000 0.000 0.000 0.000 0.000 0.785 0.023 0.512 0.005 0.000 0.000 0.000 0.000 0.000 0.000 0.000 0.001 0.008 0.908
0.000 0.003 0.958 0.995 0.000 0.976 0.920 0.000 0.000 0.000 0.000 0.000 0.000 0.000 0.000 0.000 0.000 0.000 0.000 0.906 0.980 0.984 0.925 0.103 0.000 0.000 0.000 0.000 0.000 0.000 0.000 0.000 0.000 0.001
0.000 0.980 1.000 0.971 0.976 0.000 0.992 0.948 0.000 0.000 0.000 0.000 0.000 0.000 0.000 0.000 0.000 0.001 0.980 0.996 0.993 0.930 0.144 0.476 0.000 0.871 0.850 0.998 0.000 0.116 0.015 1.000 0.088 0.037
0.000 0.964 0.001 0.000 0.920 0.992 0.000 0.997 0.997 0.000 0.000 0.000 0.000 0.000 0.000 0.000 0.000 0.969 1.000 0.984 0.922 0.941 0.000 0.000 0.000 0.000 0.000 0.000 0.000 0.000 0.000 0.174 0.000 0.000
0.056 0.979 0.000 0.000 0.000 0.948 0.997 0.000 0.991 0.891 0.000 0.000 0.000 0.000 0.000 0.000 0.992 0.974 1.000 0.937 0.000 0.000 0.000 0.000 0.000 0.000 0.000 0.000 0.000 0.000 0.740 0.145 0.000 0.001
0.000 0.001 0.000 0.000 0.000 0.000 0.997 0.991 0.000 0.980 0.869 0.000 0.000 0.000 0.000 0.798 0.986 1.000 0.993 0.997 0.000 0.880 0.000 0.000 0.012 0.000 0.564 0.000 0.000 0.000 0.000 0.000 0.000 0.000
0.000 0.000 0.000 0.000 0.000 0.000 0.000 0.891 0.980 0.000 0.995 0.872 0.101 0.643 0.392 0.960 0.970 0.970 0.000 0.000 0.000 0.000 0.000 0.000 0.000 0.000 0.000 0.000 0.001 0.000 0.000 0.000 0.000 0.000
0.000 0.000 0.000 0.000 0.000 0.000 0.000 0.000 0.869 0.995 0.000 0.982 0.958 0.808 0.821 0.982 0.931 0.982 0.000 0.000 0.000 0.000 0.000 0.000 0.000 0.000 0.000 0.000 0.537 0.000 0.000 0.000 0.000 0.000
0.000 0.000 0.000 0.000 0.000 0.000 0.000 0.000 0.000 0.872 0.982 0.000 0.992 0.892 0.290 0.201 0.001 0.570 0.000 0.000 0.000 0.000 0.000 0.000 0.000 0.000 0.000 0.000 0.059 0.000 0.000 0.000 0.000 0.001
0.000 0.000 0.000 0.002 0.000 0.000 0.000 0.000 0.000 0.101 0.958 0.992 0.000 0.966 0.977 0.692 0.102 0.011 0.000 0.000 0.000 0.000 0.000 0.000 0.000 0.000 0.000 0.000 0.101 0.000 0.000 0.000 0.000 0.008
0.000 0.000 0.000 0.000 0.000 0.000 0.000 0.000 0.000 0.643 0.808 0.892 0.966 0.000 0.983 0.901 0.081 0.000 0.000 0.000 0.000 0.000 0.000 0.000 0.000 0.000 0.000 0.000 0.033 0.000 0.000 0.000 0.000 0.000
0.000 0.000 0.000 0.000 0.000 0.000 0.000 0.000 0.000 0.392 0.821 0.290 0.977 0.983 0.000 0.976 0.838 0.061 0.021 0.000 0.000 0.000 0.000 0.000 0.000 0.000 0.000 0.000 0.202 0.005 0.000 0.000 0.000 0.000
0.000 0.000 0.000 0.000 0.000 0.000 0.000 0.000 0.798 0.960 0.982 0.201 0.692 0.901 0.976 0.000 0.974 0.887 0.000 0.000 0.000 0.000 0.000 0.000 0.000 0.000 0.000 0.000 0.086 0.000 0.001 0.000 0.000 0.000
0.000 0.008 0.000 0.000 0.000 0.000 0.000 0.992 0.986 0.970 0.931 0.001 0.102 0.081 0.838 0.974 0.000 0.992 0.980 0.000 0.000 0.000 0.000 0.000 0.000 0.000 0.000 0.012 0.914 0.018 0.761 0.000 0.000 0.000
0.000 0.001 0.000 0.000 0.000 0.001 0.969 0.974 1.000 0.970 0.982 0.570 0.011 0.000 0.061 0.887 0.992 0.000 0.997 0.998 0.000 0.000 0.000 0.000 0.000 0.003 0.997 0.996 0.997 0.233 0.001 0.000 0.000 0.000
0.005 0.977 0.006 0.000 0.000 0.980 1.000 1.000 0.993 0.000 0.000 0.000 0.000 0.000 0.021 0.000 0.980 0.997 0.000 1.000 0.926 0.000 0.000 0.000 0.000 0.888 0.942 1.000 0.992 0.992 1.000 0.990 0.000 0.002
0.000 0.147 0.000 0.000 0.906 0.996 0.984 0.937 0.997 0.000 0.000 0.000 0.000 0.000 0.000 0.000 0.000 0.998 1.000 0.000 0.993 0.991 0.005 0.001 0.991 0.996 1.000 0.992 0.000 0.000 0.000 0.124 0.000 0.000
0.000 0.000 0.271 0.785 0.980 0.993 0.922 0.000 0.000 0.000 0.000 0.000 0.000 0.000 0.000 0.000 0.000 0.000 0.926 0.993 0.000 0.984 0.986 0.998 0.985 0.991 0.945 0.266 0.000 0.000 0.000 0.083 0.000 0.000
0.000 0.002 0.000 0.023 0.984 0.930 0.941 0.000 0.880 0.000 0.000 0.000 0.000 0.000 0.000 0.000 0.000 0.000 0.000 0.991 0.984 0.000 1.000 0.973 0.989 0.401 0.000 0.000 0.000 0.000 0.000 0.000 0.000 0.000
0.000 0.000 0.033 0.512 0.925 0.144 0.000 0.000 0.000 0.000 0.000 0.000 0.000 0.000 0.000 0.000 0.000 0.000 0.000 0.005 0.986 1.000 0.000 0.993 0.991 0.105 0.000 0.000 0.000 0.000 0.000 0.000 0.000 0.000
0.000 0.000 0.000 0.005 0.103 0.476 0.000 0.000 0.000 0.000 0.000 0.000 0.000 0.000 0.000 0.000 0.000 0.000 0.000 0.001 0.998 0.973 0.993 0.000 0.998 0.996 0.022 0.006 0.000 0.000 0.000 0.000 0.000 0.000
0.000 0.000 0.000 0.000 0.000 0.000 0.000 0.000 0.012 0.000 0.000 0.000 0.000 0.000 0.000 0.000 0.000 0.000 0.000 0.991 0.985 0.989 0.991 0.998 0.000 0.998 0.959 0.000 0.000 0.000 0.000 0.000 0.000 0.000
0.000 0.000 0.000 0.000 0.000 0.871 0.000 0.000 0.000 0.000 0.000 0.000 0.000 0.000 0.000 0.000 0.000 0.003 0.888 0.996 0.991 0.401 0.105 0.996 0.998 0.000 0.995 0.958 0.005 0.000 0.000 0.001 0.000 0.000
0.000 0.000 0.000 0.000 0.000 0.850 0.000 0.000 0.564 0.000 0.000 0.000 0.000 0.000 0.000 0.000 0.000 0.997 0.942 1.000 0.945 0.000 0.000 0.022 0.959 0.995 0.000 0.985 0.988 0.000 0.000 0.000 0.000 0.000
0.000 0.000 0.000 0.000 0.000 0.998 0.000 0.000 0.000 0.000 0.000 0.000 0.000 0.000 0.000 0.000 0.012 0.996 1.000 0.992 0.266 0.000 0.000 0.006 0.000 0.958 0.985 0.000 0.993 0.988 0.696 0.933 0.005 0.000
0.000 0.000 0.000 0.000 0.000 0.000 0.000 0.000 0.000 0.001 0.537 0.059 0.101 0.033 0.202 0.086 0.914 0.997 0.992 0.000 0.000 0.000 0.000 0.000 0.000 0.005 0.988 0.993 0.000 0.999 0.918 0.014 0.000 0.000
0.000 0.000 0.000 0.000 0.000 0.116 0.000 0.000 0.000 0.000 0.000 0.000 0.000 0.000 0.005 0.000 0.018 0.233 0.992 0.000 0.000 0.000 0.000 0.000 0.000 0.000 0.000 0.988 0.999 0.000 0.982 0.964 0.257 0.000
0.672 0.926 0.234 0.000 0.000 0.015 0.000 0.740 0.000 0.000 0.000 0.000 0.000 0.000 0.000 0.001 0.761 0.001 1.000 0.000 0.000 0.000 0.000 0.000 0.000 0.000 0.000 0.696 0.918 0.982 0.000 0.994 0.988 0.138
0.431 0.983 0.999 0.001 0.000 1.000 0.174 0.145 0.000 0.000 0.000 0.000 0.000 0.000 0.000 0.000 0.000 0.000 0.990 0.124 0.083 0.000 0.000 0.000 0.000 0.001 0.000 0.933 0.014 0.964 0.994 0.000 0.999 0.962
0.428 0.532 0.951 0.008 0.000 0.088 0.000 0.000 0.000 0.000 0.000 0.000 0.000 0.000 0.000 0.000 0.000 0.000 0.000 0.000 0.000 0.000 0.000 0.000 0.000 0.000 0.000 0.005 0.000 0.257 0.988 0.999 0.000 0.998
0.810 0.834 0.992 0.908 0.001 0.037 0.000 0.001 0.000 0.000 0.000 0.001 0.008 0.000 0.000 0.000 0.000 0.000 0.002 0.000 0.000 0.000 0.000 0.000 0.000 0.000 0.000 0.000 0.000 0.000 0.138 0.962 0.998 0.000
