0.000 0.972 0.916 0.029 0.000 0.004 0.000 0.000 0.003 0.000 0.000 0.001 0.000 0.004 0.001 0.005 0.000 0.001 0.003 0.000 0.004 0.007 0.000 0.009 0.000 0.000 0.000 0.002 0.014 0.001 0.015
0.972 0.000 0.999 0.982 0.006 0.057 0.020 0.126 0.000 0.000 0.000 0.003 0.000 0.001 0.000 0.000 0.001 0.018 0.418 0.161 0.582 0.234 0.042 0.439 0.018 0.000 0.000 0.000 0.000 0.009 0.031
0.916 0.999 0.000 1.000 0.997 0.125 0.022 0.645 0.010 0.000 0.000 0.000 0.000 0.000 0.000 0.000 0.015 0.002 0.417 0.068 0.483 0.053 0.040 0.138 0.000 0.019 0.000 0.000 0.000 0.000 0.008
0.029 0.982 1.000 0.000 0.997 1.000 0.567 0.798 0.005 0.000 0.000 0.000 0.000 0.000 0.000 0.000 0.002 0.058 0.652 0.081 0.265 0.060 0.013 0.000 0.000 0.000 0.000 0.000 0.000 0.010 0.001
0.000 0.006 0.997 0.997 0.000 0.999 0.910 0.664 0.000 0.000 0.000 0.000 0.000 0.000 0.000 0.000 0.534 0.920 0.999 0.855 0.780 0.064 0.049 0.000 0.000 0.000 0.008 0.000 0.000 0.250 0.339
0.004 0.057 0.125 1.000 0.999 0.000 0.991 1.000 0.000 0.000 0.000 0.000 0.000 0.000 0.000 0.021 0.986 1.000 0.998 0.547 0.413 0.027 0.035 0.000 0.042 0.003 0.071 0.000 0.012 0.877 0.438
0.000 0.020 0.022 0.567 0.910 0.991 0.000 0.988 0.992 0.000 0.000 0.000 0.000 0.000 0.004 1.000 0.971 0.992 0.150 0.010 0.005 0.000 0.000 0.000 0.000 0.000 0.000 0.000 0.000 0.425 0.014
0.000 0.126 0.645 0.798 0.664 1.000 0.988 0.000 0.993 0.972 0.004 0.000 0.000 0.001 0.955 0.990 1.000 0.985 0.836 0.056 0.270 0.015 0.000 0.001 0.001 0.402 0.023 0.000 0.000 0.000 0.000
0.003 0.000 0.010 0.005 0.000 0.000 0.992 0.993 0.000 1.000 0.971 0.104 0.216 0.994 0.991 0.988 0.982 0.000 0.007 0.000 0.000 0.006 0.000 0.001 0.000 0.000 0.000 0.012 0.000 0.000 0.000
0.000 0.000 0.000 0.000 0.000 0.000 0.000 0.972 1.000 0.000 0.987 0.927 0.970 0.938 0.987 0.962 0.990 0.000 0.004 0.000 0.000 0.012 0.000 0.000 0.000 0.000 0.000 0.224 0.000 0.000 0.000
0.000 0.000 0.000 0.000 0.000 0.000 0.000 0.004 0.971 0.987 0.000 0.972 0.987 0.887 0.099 0.000 0.795 0.000 0.000 0.000 0.000 0.016 0.002 0.008 0.000 0.000 0.000 0.021 0.000 0.000 0.000
0.001 0.003 0.000 0.000 0.000 0.000 0.000 0.000 0.104 0.927 0.972 0.000 0.976 0.932 0.018 0.000 0.004 0.000 0.000 0.000 0.003 0.090 0.069 0.046 0.000 0.000 0.000 0.009 0.000 0.000 0.001
0.000 0.000 0.000 0.000 0.000 0.000 0.000 0.000 0.216 0.970 0.987 0.976 0.000 0.997 0.995 0.007 0.067 0.000 0.000 0.000 0.001 0.081 0.035 0.012 0.000 0.000 0.000 0.158 0.000 0.000 0.000
0.004 0.001 0.000 0.000 0.000 0.000 0.000 0.001 0.994 0.938 0.887 0.932 0.997 0.000 0.979 0.961 0.003 0.000 0.000 0.000 0.000 0.074 0.006 0.011 0.000 0.000 0.000 0.003 0.000 0.000 0.000
0.001 0.000 0.000 0.000 0.000 0.000 0.004 0.955 0.991 0.987 0.099 0.018 0.995 0.979 0.000 1.000 0.967 0.000 0.000 0.000 0.000 0.007 0.000 0.003 0.000 0.000 0.000 0.534 0.000 0.000 0.000
0.005 0.000 0.000 0.000 0.000 0.021 1.000 0.990 0.988 0.962 0.000 0.000 0.007 0.961 1.000 0.000 0.997 0.995 0.000 0.000 0.000 0.000 0.000 0.001 0.000 0.000 0.175 0.957 0.129 0.100 0.000
0.000 0.001 0.015 0.002 0.534 0.986 0.971 1.000 0.982 0.990 0.795 0.004 0.067 0.003 0.967 0.997 0.000 1.000 1.000 0.000 0.000 0.000 0.000 0.000 0.001 1.000 1.000 1.000 0.371 0.001 0.000
0.001 0.018 0.002 0.058 0.920 1.000 0.992 0.985 0.000 0.000 0.000 0.000 0.000 0.000 0.000 0.995 1.000 0.000 1.000 1.000 0.000 0.000 0.000 0.000 0.992 1.000 1.000 1.000 0.989 0.998 0.507
0.003 0.418 0.417 0.652 0.999 0.998 0.150 0.836 0.007 0.004 0.000 0.000 0.000 0.000 0.000 0.000 1.000 1.000 0.000 1.000 1.000 0.014 0.001 1.000 1.000 1.000 1.000 0.005 0.012 0.277 0.377
0.000 0.161 0.068 0.081 0.855 0.547 0.010 0.056 0.000 0.000 0.000 0.000 0.000 0.000 0.000 0.000 0.000 1.000 1.000 0.000 1.000 0.995 1.000 1.000 1.000 1.000 0.936 0.000 0.063 0.313 0.423
0.004 0.582 0.483 0.265 0.780 0.413 0.005 0.270 0.000 0.000 0.000 0.003 0.001 0.000 0.000 0.000 0.000 0.000 1.000 1.000 0.000 0.999 0.999 1.000 0.765 0.000 0.000 0.000 0.000 0.001 0.303
0.007 0.234 0.053 0.060 0.064 0.027 0.000 0.015 0.006 0.012 0.016 0.090 0.081 0.074 0.007 0.000 0.000 0.000 0.014 0.995 0.999 0.000 1.000 1.000 0.121 0.000 0.000 0.000 0.000 0.000 0.067
0.000 0.042 0.040 0.013 0.049 0.035 0.000 0.000 0.000 0.000 0.002 0.069 0.035 0.006 0.000 0.000 0.000 0.000 0.001 1.000 0.999 1.000 0.000 1.000 1.000 0.123 0.155 0.000 0.000 0.001 0.001
0.009 0.439 0.138 0.000 0.000 0.000 0.000 0.001 0.001 0.000 0.008 0.046 0.012 0.011 0.003 0.001 0.000 0.000 1.000 1.000 1.000 1.000 1.000 0.000 1.000 1.000 0.000 0.000 0.000 0.000 0.005
0.000 0.018 0.000 0.000 0.000 0.042 0.000 0.001 0.000 0.000 0.000 0.000 0.000 0.000 0.000 0.000 0.001 0.992 1.000 1.000 0.765 0.121 1.000 1.000 0.000 1.000 1.000 0.021 0.000 0.041 0.006
0.000 0.000 0.019 0.000 0.000 0.003 0.000 0.402 0.000 0.000 0.000 0.000 0.000 0.000 0.000 0.000 1.000 1.000 1.000 1.000 0.000 0.000 0.123 1.000 1.000 0.000 1.000 1.000 0.000 0.019 0.000
0.000 0.000 0.000 0.000 0.008 0.071 0.000 0.023 0.000 0.000 0.000 0.000 0.000 0.000 0.000 0.175 1.000 1.000 1.000 0.936 0.000 0.000 0.155 0.000 1.000 1.000 0.000 1.000 0.990 0.871 0.550
0.002 0.000 0.000 0.000 0.000 0.000 0.000 0.000 0.012 0.224 0.021 0.009 0.158 0.003 0.534 0.957 1.000 1.000 0.005 0.000 0.000 0.000 0.000 0.000 0.021 1.000 1.000 0.000 1.000 0.992 0.001
0.014 0.000 0.000 0.000 0.000 0.012 0.000 0.000 0.000 0.000 0.000 0.000 0.000 0.000 0.000 0.129 0.371 0.989 0.012 0.063 0.000 0.000 0.000 0.000 0.000 0.000 0.990 1.000 0.000 1.000 0.992
0.001 0.009 0.000 0.010 0.250 0.877 0.425 0.000 0.000 0.000 0.000 0.000 0.000 0.000 0.000 0.100 0.001 0.998 0.277 0.313 0.001 0.000 0.001 0.000 0.041 0.019 0.871 0.992 1.000 0.000 1.000
0.015 0.031 0.008 0.001 0.339 0.438 0.014 0.000 0.000 0.000 0.000 0.001 0.000 0.000 0.000 0.000 0.000 0.507 0.377 0.423 0.303 0.067 0.001 0.005 0.006 0.000 0.550 0.001 0.992 1.000 0.000
