0.000 0.979 0.857 0.002 0.000 0.000 0.000 0.006 0.000 0.000 0.000 0.000 0.000 0.000 0.000 0.000 0.000 0.002 0.000 0.000 0.000 0.000 0.000 0.000 0.000 0.000 0.000 0.000 0.000 0.738 0.290 0.255 0.640
0.979 0.000 0.986 0.840 0.007 0.988 0.966 0.917 0.000 0.000 0.000 0.000 0.000 0.000 0.000 0.001 0.000 0.980 0.090 0.000 0.000 0.000 0.000 0.000 0.000 0.000 0.000 0.000 0.000 0.960 0.935 0.423 0.689
0.857 0.986 0.000 0.977 0.875 0.997 0.000 0.000 0.000 0.000 0.000 0.000 0.000 0.000 0.000 0.000 0.000 0.005 0.000 0.384 0.000 0.000 0.000 0.000 0.000 0.000 0.000 0.000 0.000 0.318 0.963 0.946 0.990
0.002 0.840 0.977 0.000 0.990 0.962 0.000 0.000 0.000 0.000 0.000 0.000 0.000 0.000 0.000 0.000 0.000 0.000 0.000 0.863 0.003 0.606 0.065 0.000 0.000 0.000 0.000 0.000 0.000 0.000 0.000 0.003 0.822
0.000 0.007 0.875 0.990 0.000 0.963 0.838 0.000 0.001 0.000 0.000 0.000 0.000 0.000 0.000 0.000 0.000 0.000 0.762 0.953 0.947 0.938 0.389 0.000 0.000 0.000 0.000 0.000 0.000 0.000 0.000 0.000 0.000
0.000 0.988 0.997 0.962 0.963 0.000 0.980 0.721 0.037 0.000 0.000 0.000 0.000 0.000 0.000 0.000 0.006 0.939 0.986 0.991 0.835 0.109 0.620 0.000 0.910 0.910 0.928 0.000 0.017 0.002 0.987 0.072 0.075
0.000 0.966 0.000 0.000 0.838 0.980 0.000 0.984 0.984 0.000 0.000 0.000 0.000 0.000 0.000 0.000 0.774 0.941 0.962 0.783 0.794 0.000 0.000 0.000 0.000 0.000 0.000 0.000 0.000 0.000 0.130 0.000 0.000
0.006 0.917 0.000 0.000 0.000 0.721 0.984 0.000 0.999 0.941 0.000 0.000 0.000 0.000 0.000 0.940 0.943 0.978 0.802 0.000 0.000 0.000 0.000 0.000 0.000 0.000 0.000 0.000 0.000 0.644 0.012 0.000 0.000
0.000 0.000 0.000 0.000 0.001 0.037 0.984 0.999 0.000 0.999 0.896 0.004 0.000 0.000 0.844 0.947 0.996 0.926 0.940 0.083 0.228 0.000 0.000 0.000 0.000 0.038 0.000 0.000 0.000 0.000 0.000 0.000 0.000
0.000 0.000 0.000 0.000 0.000 0.000 0.000 0.941 0.999 0.000 0.988 0.928 0.110 0.948 0.940 0.991 0.990 0.000 0.000 0.000 0.000 0.000 0.000 0.000 0.000 0.000 0.000 0.006 0.000 0.001 0.000 0.000 0.000
0.000 0.000 0.000 0.000 0.000 0.000 0.000 0.000 0.896 0.988 0.000 0.999 1.000 0.995 0.998 0.944 0.995 0.000 0.000 0.000 0.000 0.000 0.000 0.000 0.000 0.002 0.000 0.799 0.000 0.000 0.000 0.000 0.000
0.000 0.000 0.000 0.000 0.000 0.000 0.000 0.000 0.004 0.928 0.999 0.000 0.982 0.950 0.464 0.001 0.042 0.000 0.000 0.000 0.000 0.000 0.000 0.000 0.000 0.000 0.000 0.000 0.000 0.000 0.000 0.000 0.000
0.000 0.000 0.000 0.000 0.000 0.000 0.000 0.000 0.000 0.110 1.000 0.982 0.000 0.994 0.998 0.005 0.002 0.000 0.000 0.000 0.000 0.000 0.000 0.000 0.000 0.000 0.000 0.162 0.000 0.000 0.000 0.000 0.000
0.000 0.000 0.000 0.000 0.000 0.000 0.000 0.000 0.000 0.948 0.995 0.950 0.994 0.000 0.994 0.981 0.000 0.000 0.000 0.000 0.000 0.000 0.000 0.000 0.000 0.000 0.000 0.000 0.000 0.000 0.000 0.000 0.000
0.000 0.000 0.000 0.000 0.000 0.000 0.000 0.000 0.844 0.940 0.998 0.464 0.998 0.994 0.000 0.993 0.983 0.002 0.000 0.000 0.000 0.000 0.000 0.000 0.000 0.008 0.007 0.954 0.003 0.000 0.000 0.000 0.000
0.000 0.001 0.000 0.000 0.000 0.000 0.000 0.940 0.947 0.991 0.944 0.001 0.005 0.981 0.993 0.000 0.995 0.938 0.000 0.000 0.000 0.000 0.000 0.000 0.000 0.000 0.115 0.912 0.050 0.232 0.000 0.000 0.000
0.000 0.000 0.000 0.000 0.000 0.006 0.774 0.943 0.996 0.990 0.995 0.042 0.002 0.000 0.983 0.995 0.000 0.989 0.879 0.000 0.000 0.000 0.000 0.000 0.002 0.889 0.873 0.983 0.452 0.001 0.000 0.000 0.000
0.002 0.980 0.005 0.000 0.000 0.939 0.941 0.978 0.926 0.000 0.000 0.000 0.000 0.000 0.002 0.938 0.989 0.000 0.976 0.716 0.000 0.000 0.000 0.000 0.658 0.901 0.986 0.943 0.941 0.996 0.942 0.000 0.000
0.000 0.090 0.000 0.000 0.762 0.986 0.962 0.802 0.940 0.000 0.000 0.000 0.000 0.000 0.000 0.000 0.879 0.976 0.000 0.983 0.962 0.015 0.001 0.970 0.933 0.952 0.848 0.001 0.000 0.000 0.071 0.000 0.000
0.000 0.000 0.384 0.863 0.953 0.991 0.783 0.000 0.083 0.000 0.000 0.000 0.000 0.000 0.000 0.000 0.000 0.716 0.983 0.000 0.980 0.987 0.983 0.942 0.971 0.837 0.041 0.000 0.000 0.000 0.052 0.000 0.006
0.000 0.000 0.000 0.003 0.947 0.835 0.794 0.000 0.228 0.000 0.000 0.000 0.000 0.000 0.000 0.000 0.000 0.000 0.962 0.980 0.000 0.982 0.884 0.945 0.222 0.000 0.000 0.000 0.000 0.000 0.000 0.000 0.000
0.000 0.000 0.000 0.606 0.938 0.109 0.000 0.000 0.000 0.000 0.000 0.000 0.000 0.000 0.000 0.000 0.000 0.000 0.015 0.987 0.982 0.000 0.984 0.981 0.140 0.000 0.000 0.000 0.000 0.000 0.000 0.000 0.000
0.000 0.000 0.000 0.065 0.389 0.620 0.000 0.000 0.000 0.000 0.000 0.000 0.000 0.000 0.000 0.000 0.000 0.000 0.001 0.983 0.884 0.984 0.000 0.993 0.965 0.000 0.000 0.000 0.000 0.000 0.000 0.000 0.001
0.000 0.000 0.000 0.000 0.000 0.000 0.000 0.000 0.000 0.000 0.000 0.000 0.000 0.000 0.000 0.000 0.000 0.000 0.970 0.942 0.945 0.981 0.993 0.000 0.981 0.813 0.000 0.000 0.000 0.000 0.000 0.000 0.000
0.000 0.000 0.000 0.000 0.000 0.910 0.000 0.000 0.000 0.000 0.000 0.000 0.000 0.000 0.000 0.000 0.002 0.658 0.933 0.971 0.222 0.140 0.965 0.981 0.000 0.977 0.764 0.000 0.000 0.000 0.001 0.000 0.000
0.000 0.000 0.000 0.000 0.000 0.910 0.000 0.000 0.038 0.000 0.002 0.000 0.000 0.000 0.008 0.000 0.889 0.901 0.952 0.837 0.000 0.000 0.000 0.813 0.977 0.000 0.964 0.858 0.000 0.000 0.000 0.000 0.000
0.000 0.000 0.000 0.000 0.000 0.928 0.000 0.000 0.000 0.000 0.000 0.000 0.000 0.000 0.007 0.115 0.873 0.986 0.848 0.041 0.000 0.000 0.000 0.000 0.764 0.964 0.000 0.982 0.981 0.861 0.954 0.015 0.000
0.000 0.000 0.000 0.000 0.000 0.000 0.000 0.000 0.000 0.006 0.799 0.000 0.162 0.000 0.954 0.912 0.983 0.943 0.001 0.000 0.000 0.000 0.000 0.000 0.000 0.858 0.982 0.000 0.987 0.870 0.007 0.000 0.000
0.000 0.000 0.000 0.000 0.000 0.017 0.000 0.000 0.000 0.000 0.000 0.000 0.000 0.000 0.003 0.050 0.452 0.941 0.000 0.000 0.000 0.000 0.000 0.000 0.000 0.000 0.981 0.987 0.000 0.991 0.897 0.216 0.000
0.738 0.960 0.318 0.000 0.000 0.002 0.000 0.644 0.000 0.001 0.000 0.000 0.000 0.000 0.000 0.232 0.001 0.996 0.000 0.000 0.000 0.000 0.000 0.000 0.000 0.000 0.861 0.870 0.991 0.000 0.987 0.965 0.158
0.290 0.935 0.963 0.000 0.000 0.987 0.130 0.012 0.000 0.000 0.000 0.000 0.000 0.000 0.000 0.000 0.000 0.942 0.071 0.052 0.000 0.000 0.000 0.000 0.001 0.000 0.954 0.007 0.897 0.987 0.000 0.998 0.877
0.255 0.423 0.946 0.003 0.000 0.072 0.000 0.000 0.000 0.000 0.000 0.000 0.000 0.000 0.000 0.000 0.000 0.000 0.000 0.000 0.000 0.000 0.000 0.000 0.000 0.000 0.015 0.000 0.216 0.965 0.998 0.000 0.984
0.640 0.689 0.990 0.822 0.000 0.075 0.000 0.000 0.000 0.000 0.000 0.000 0.000 0.000 0.000 0.000 0.000 0.000 0.000 0.006 0.000 0.000 0.001 0.000 0.000 0.000 0.000 0.000 0.000 0.158 0.877 0.984 0.000
