0.000 1.000 0.968 0.004 0.000 0.001 0.011 0.040 0.000 0.000 0.000 0.007 0.017 0.012 0.005 0.000 0.000 0.000 0.004 0.000 0.000 0.000 0.000 0.000 0.000 0.000 0.000 0.000 0.000 0.000 0.734 0.266 0.266 0.545
1.000 0.000 1.000 0.917 0.007 0.999 0.981 0.951 0.001 0.000 0.000 0.016 0.045 0.005 0.000 0.000 0.001 0.000 0.965 0.132 0.000 0.000 0.000 0.000 0.000 0.000 0.000 0.000 0.000 0.000 0.965 0.999 0.411 0.573
0.968 1.000 0.000 0.984 0.993 0.999 0.001 0.000 0.000 0.000 0.000 0.062 0.116 0.098 0.001 0.000 0.000 0.000 0.006 0.000 0.302 0.000 0.000 0.000 0.000 0.000 0.000 0.000 0.000 0.000 0.381 0.965 0.971 1.000
0.004 0.917 0.984 0.000 0.996 0.936 0.000 0.000 0.000 0.002 0.058 0.196 0.221 0.179 0.130 0.034 0.000 0.000 0.000 0.000 0.859 0.012 0.479 0.018 0.000 0.000 0.000 0.000 0.000 0.000 0.000 0.000 0.005 0.907
0.000 0.007 0.993 0.996 0.000 0.993 0.861 0.000 0.000 0.000 0.000 0.018 0.065 0.037 0.000 0.000 0.000 0.000 0.000 0.831 0.999 0.994 0.990 0.211 0.000 0.000 0.000 0.000 0.000 0.000 0.000 0.000 0.000 0.009
0.001 0.999 0.999 0.936 0.993 0.000 0.999 0.818 0.001 0.000 0.000 0.000 0.003 0.000 0.000 0.000 0.000 0.000 0.945 1.000 1.000 0.952 0.107 0.620 0.000 0.962 0.923 0.956 0.000 0.067 0.002 0.998 0.122 0.158
0.011 0.981 0.001 0.000 0.861 0.999 0.000 0.981 0.934 0.000 0.000 0.000 0.000 0.000 0.000 0.000 0.000 0.887 0.990 1.000 0.961 0.693 0.000 0.000 0.019 0.000 0.000 0.000 0.000 0.000 0.000 0.243 0.000 0.000
0.040 0.951 0.000 0.000 0.000 0.818 0.981 0.000 1.000 0.987 0.000 0.000 0.000 0.000 0.000 0.000 0.997 1.000 1.000 0.966 0.000 0.000 0.000 0.000 0.000 0.000 0.000 0.000 0.000 0.000 0.738 0.035 0.000 0.000
0.000 0.001 0.000 0.000 0.000 0.001 0.934 1.000 0.000 1.000 0.986 0.143 0.000 0.000 0.000 0.975 0.998 1.000 0.988 0.842 0.005 0.091 0.000 0.000 0.000 0.000 0.245 0.000 0.000 0.000 0.000 0.000 0.000 0.000
0.000 0.000 0.000 0.002 0.000 0.000 0.000 0.987 1.000 0.000 1.000 0.999 0.007 0.063 0.972 1.000 1.000 1.000 0.000 0.002 0.000 0.000 0.052 0.001 0.000 0.000 0.000 0.000 0.170 0.000 0.000 0.000 0.001 0.001
0.000 0.000 0.000 0.058 0.000 0.000 0.000 0.000 0.986 1.000 0.000 1.000 0.994 0.979 0.965 1.000 1.000 0.995 0.000 0.000 0.000 0.000 0.079 0.000 0.000 0.000 0.005 0.000 0.995 0.000 0.000 0.000 0.000 0.062
0.007 0.016 0.062 0.196 0.018 0.000 0.000 0.000 0.143 0.999 1.000 0.000 0.994 0.980 0.993 0.117 0.000 0.687 0.000 0.000 0.000 0.008 0.184 0.008 0.054 0.000 0.000 0.000 0.000 0.000 0.000 0.000 0.006 0.044
0.017 0.045 0.116 0.221 0.065 0.003 0.000 0.000 0.000 0.007 0.994 0.994 0.000 1.000 0.997 0.077 0.000 0.000 0.000 0.000 0.024 0.028 0.351 0.130 0.108 0.000 0.000 0.000 0.014 0.000 0.000 0.000 0.020 0.162
0.012 0.005 0.098 0.179 0.037 0.000 0.000 0.000 0.000 0.063 0.979 0.980 1.000 0.000 0.993 1.000 0.000 0.004 0.000 0.000 0.002 0.037 0.386 0.156 0.097 0.000 0.000 0.000 0.856 0.000 0.000 0.000 0.015 0.180
0.005 0.000 0.001 0.130 0.000 0.000 0.000 0.000 0.000 0.972 0.965 0.993 0.997 0.993 0.000 0.996 0.953 0.000 0.000 0.000 0.000 0.004 0.242 0.057 0.044 0.000 0.000 0.000 0.003 0.000 0.000 0.000 0.000 0.078
0.000 0.000 0.000 0.034 0.000 0.000 0.000 0.000 0.975 1.000 1.000 0.117 0.077 1.000 0.996 0.000 1.000 0.988 0.001 0.000 0.000 0.000 0.090 0.001 0.006 0.000 0.000 0.000 0.999 0.180 0.000 0.000 0.000 0.049
0.000 0.001 0.000 0.000 0.000 0.000 0.000 0.997 0.998 1.000 1.000 0.000 0.000 0.000 0.953 1.000 0.000 1.000 0.996 0.000 0.000 0.000 0.000 0.000 0.000 0.000 0.000 0.314 0.995 0.048 0.322 0.000 0.000 0.000
0.000 0.000 0.000 0.000 0.000 0.000 0.887 1.000 1.000 1.000 0.995 0.687 0.000 0.004 0.000 0.988 1.000 0.000 1.000 0.916 0.000 0.000 0.000 0.000 0.000 0.001 0.927 0.989 0.994 0.583 0.000 0.000 0.000 0.000
0.004 0.965 0.006 0.000 0.000 0.945 0.990 1.000 0.988 0.000 0.000 0.000 0.000 0.000 0.000 0.001 0.996 1.000 0.000 0.994 0.853 0.000 0.000 0.000 0.000 0.904 1.000 1.000 0.994 0.976 1.000 0.990 0.000 0.000
0.000 0.132 0.000 0.000 0.831 1.000 1.000 0.966 0.842 0.002 0.000 0.000 0.000 0.000 0.000 0.000 0.000 0.916 0.994 0.000 0.995 0.929 0.023 0.009 0.881 0.997 0.996 0.987 0.000 0.000 0.000 0.122 0.000 0.000
0.000 0.000 0.302 0.859 0.999 1.000 0.961 0.000 0.005 0.000 0.000 0.000 0.024 0.002 0.000 0.000 0.000 0.000 0.853 0.995 0.000 1.000 0.992 1.000 1.000 0.999 0.878 0.098 0.000 0.000 0.000 0.071 0.003 0.019
0.000 0.000 0.000 0.012 0.994 0.952 0.693 0.000 0.091 0.000 0.000 0.008 0.028 0.037 0.004 0.000 0.000 0.000 0.000 0.929 1.000 0.000 0.994 0.989 1.000 0.272 0.000 0.000 0.000 0.000 0.000 0.000 0.000 0.000
0.000 0.000 0.000 0.479 0.990 0.107 0.000 0.000 0.000 0.052 0.079 0.184 0.351 0.386 0.242 0.090 0.000 0.000 0.000 0.023 0.992 0.994 0.000 0.999 0.968 0.098 0.000 0.000 0.000 0.000 0.000 0.000 0.000 0.004
0.000 0.000 0.000 0.018 0.211 0.620 0.000 0.000 0.000 0.001 0.000 0.008 0.130 0.156 0.057 0.001 0.000 0.000 0.000 0.009 1.000 0.989 0.999 0.000 1.000 0.953 0.012 0.036 0.000 0.000 0.000 0.000 0.000 0.000
0.000 0.000 0.000 0.000 0.000 0.000 0.019 0.000 0.000 0.000 0.000 0.054 0.108 0.097 0.044 0.006 0.000 0.000 0.000 0.881 1.000 1.000 0.968 1.000 0.000 1.000 0.898 0.000 0.000 0.000 0.000 0.000 0.000 0.000
0.000 0.000 0.000 0.000 0.000 0.962 0.000 0.000 0.000 0.000 0.000 0.000 0.000 0.000 0.000 0.000 0.000 0.001 0.904 0.997 0.999 0.272 0.098 0.953 1.000 0.000 0.971 0.931 0.000 0.000 0.000 0.000 0.000 0.000
0.000 0.000 0.000 0.000 0.000 0.923 0.000 0.000 0.245 0.000 0.005 0.000 0.000 0.000 0.000 0.000 0.000 0.927 1.000 0.996 0.878 0.000 0.000 0.012 0.898 0.971 0.000 1.000 0.910 0.000 0.000 0.000 0.000 0.000
0.000 0.000 0.000 0.000 0.000 0.956 0.000 0.000 0.000 0.000 0.000 0.000 0.000 0.000 0.000 0.000 0.314 0.989 1.000 0.987 0.098 0.000 0.000 0.036 0.000 0.931 1.000 0.000 0.989 0.995 0.885 0.974 0.029 0.000
0.000 0.000 0.000 0.000 0.000 0.000 0.000 0.000 0.000 0.170 0.995 0.000 0.014 0.856 0.003 0.999 0.995 0.994 0.994 0.000 0.000 0.000 0.000 0.000 0.000 0.000 0.910 0.989 0.000 0.999 0.978 0.008 0.000 0.008
0.000 0.000 0.000 0.000 0.000 0.067 0.000 0.000 0.000 0.000 0.000 0.000 0.000 0.000 0.000 0.180 0.048 0.583 0.976 0.000 0.000 0.000 0.000 0.000 0.000 0.000 0.000 0.995 0.999 0.000 1.000 0.946 0.268 0.000
0.734 0.965 0.381 0.000 0.000 0.002 0.000 0.738 0.000 0.000 0.000 0.000 0.000 0.000 0.000 0.000 0.322 0.000 1.000 0.000 0.000 0.000 0.000 0.000 0.000 0.000 0.000 0.885 0.978 1.000 0.000 0.993 0.900 0.161
0.266 0.999 0.965 0.000 0.000 0.998 0.243 0.035 0.000 0.000 0.000 0.000 0.000 0.000 0.000 0.000 0.000 0.000 0.990 0.122 0.071 0.000 0.000 0.000 0.000 0.000 0.000 0.974 0.008 0.946 0.993 0.000 0.994 0.843
0.266 0.411 0.971 0.005 0.000 0.122 0.000 0.000 0.000 0.001 0.000 0.006 0.020 0.015 0.000 0.000 0.000 0.000 0.000 0.000 0.003 0.000 0.000 0.000 0.000 0.000 0.000 0.029 0.000 0.268 0.900 0.994 0.000 0.989
0.545 0.573 1.000 0.907 0.009 0.158 0.000 0.000 0.000 0.001 0.062 0.044 0.162 0.180 0.078 0.049 0.000 0.000 0.000 0.000 0.019 0.000 0.004 0.000 0.000 0.000 0.000 0.000 0.008 0.000 0.161 0.843 0.989 0.000
