0.000 0.994 0.863 0.004 0.000 0.000 0.000 0.021 0.000 0.000 0.000 0.021 0.367 0.123 0.011 0.000 0.000 0.000 0.002 0.000 0.000 0.000 0.000 0.000 0.000 0.000 0.000 0.000 0.000 0.000 0.699 0.280 0.270 0.822
0.994 0.000 0.995 0.932 0.005 0.981 0.967 0.932 0.000 0.000 0.000 0.000 0.352 0.004 0.000 0.000 0.001 0.000 0.935 0.146 0.000 0.002 0.000 0.000 0.000 0.000 0.000 0.000 0.000 0.000 0.979 0.960 0.397 0.886
0.863 0.995 0.000 0.997 0.966 0.998 0.000 0.000 0.000 0.000 0.000 0.002 0.361 0.014 0.000 0.000 0.000 0.000 0.012 0.000 0.253 0.000 0.003 0.000 0.000 0.000 0.000 0.000 0.000 0.000 0.325 0.980 0.991 0.999
0.004 0.932 0.997 0.000 0.991 0.950 0.000 0.000 0.000 0.000 0.008 0.327 0.407 0.138 0.000 0.001 0.000 0.000 0.000 0.000 0.796 0.024 0.496 0.008 0.000 0.000 0.000 0.000 0.000 0.000 0.000 0.000 0.008 0.906
0.000 0.005 0.966 0.991 0.000 0.992 0.911 0.000 0.000 0.000 0.000 0.000 0.039 0.000 0.000 0.000 0.000 0.000 0.000 0.890 0.987 0.979 0.942 0.137 0.000 0.000 0.000 0.000 0.000 0.000 0.000 0.000 0.000 0.000
0.000 0.981 0.998 0.950 0.992 0.000 0.999 0.787 0.000 0.000 0.000 0.000 0.000 0.000 0.000 0.000 0.000 0.007 0.953 0.999 1.000 0.921 0.110 0.563 0.000 0.970 0.840 0.956 0.000 0.060 0.004 0.989 0.056 0.013
0.000 0.967 0.000 0.000 0.911 0.999 0.000 0.982 0.984 0.000 0.000 0.000 0.000 0.000 0.000 0.000 0.000 0.812 0.968 0.997 0.954 0.925 0.000 0.000 0.000 0.000 0.000 0.000 0.000 0.000 0.000 0.150 0.000 0.000
0.021 0.932 0.000 0.000 0.000 0.787 0.982 0.000 0.990 0.859 0.000 0.000 0.000 0.000 0.000 0.000 0.923 0.925 0.990 0.875 0.000 0.000 0.000 0.000 0.000 0.000 0.000 0.000 0.000 0.000 0.690 0.066 0.000 0.000
0.000 0.000 0.000 0.000 0.000 0.000 0.984 0.990 0.000 0.995 0.850 0.034 0.000 0.000 0.000 0.858 0.953 0.999 0.955 0.997 0.000 0.654 0.000 0.000 0.015 0.000 0.568 0.000 0.001 0.000 0.000 0.000 0.001 0.000
0.000 0.000 0.000 0.000 0.000 0.000 0.000 0.859 0.995 0.000 0.990 0.978 0.014 0.123 0.986 0.963 0.962 0.945 0.000 0.000 0.000 0.000 0.000 0.000 0.000 0.000 0.000 0.000 0.085 0.000 0.000 0.000 0.003 0.000
0.000 0.000 0.000 0.008 0.000 0.000 0.000 0.000 0.850 0.990 0.000 0.974 0.949 0.994 0.975 0.996 0.900 0.977 0.000 0.000 0.000 0.000 0.000 0.000 0.000 0.000 0.000 0.000 0.957 0.000 0.000 0.000 0.004 0.047
0.021 0.000 0.002 0.327 0.000 0.000 0.000 0.000 0.034 0.978 0.974 0.000 0.999 0.963 0.930 0.409 0.000 0.556 0.000 0.000 0.000 0.000 0.000 0.000 0.000 0.000 0.000 0.000 0.001 0.000 0.000 0.000 0.064 0.086
0.367 0.352 0.361 0.407 0.039 0.000 0.000 0.000 0.000 0.014 0.949 0.999 0.000 0.988 0.915 0.044 0.000 0.000 0.000 0.000 0.000 0.000 0.000 0.000 0.000 0.000 0.000 0.000 0.000 0.000 0.001 0.000 0.034 0.374
0.123 0.004 0.014 0.138 0.000 0.000 0.000 0.000 0.000 0.123 0.994 0.963 0.988 0.000 0.989 0.934 0.000 0.000 0.000 0.000 0.000 0.000 0.000 0.000 0.000 0.000 0.000 0.000 0.009 0.000 0.000 0.000 0.000 0.363
0.011 0.000 0.000 0.000 0.000 0.000 0.000 0.000 0.000 0.986 0.975 0.930 0.915 0.989 0.000 0.986 0.944 0.000 0.000 0.000 0.000 0.000 0.000 0.000 0.000 0.000 0.000 0.000 0.000 0.000 0.000 0.000 0.000 0.065
0.000 0.000 0.000 0.001 0.000 0.000 0.000 0.000 0.858 0.963 0.996 0.409 0.044 0.934 0.986 0.000 0.993 0.971 0.002 0.000 0.000 0.000 0.000 0.000 0.000 0.000 0.000 0.000 0.997 0.108 0.000 0.000 0.000 0.027
0.000 0.001 0.000 0.000 0.000 0.000 0.000 0.923 0.953 0.962 0.900 0.000 0.000 0.000 0.944 0.993 0.000 0.996 0.982 0.000 0.000 0.000 0.000 0.000 0.000 0.000 0.000 0.142 0.981 0.019 0.395 0.000 0.000 0.000
0.000 0.000 0.000 0.000 0.000 0.007 0.812 0.925 0.999 0.945 0.977 0.556 0.000 0.000 0.000 0.971 0.996 0.000 0.996 0.928 0.000 0.000 0.000 0.000 0.000 0.008 0.961 0.977 1.000 0.541 0.000 0.000 0.001 0.000
0.002 0.935 0.012 0.000 0.000 0.953 0.968 0.990 0.955 0.000 0.000 0.000 0.000 0.000 0.000 0.002 0.982 0.996 0.000 0.982 0.870 0.000 0.000 0.000 0.000 0.886 0.934 0.996 0.969 0.986 1.000 0.971 0.000 0.000
0.000 0.146 0.000 0.000 0.890 0.999 0.997 0.875 0.997 0.000 0.000 0.000 0.000 0.000 0.000 0.000 0.000 0.928 0.982 0.000 1.000 0.989 0.006 0.005 0.987 0.983 0.989 0.941 0.000 0.000 0.000 0.104 0.000 0.000
0.000 0.000 0.253 0.796 0.987 1.000 0.954 0.000 0.000 0.000 0.000 0.000 0.000 0.000 0.000 0.000 0.000 0.000 0.870 1.000 0.000 0.995 0.996 0.998 0.977 0.996 0.857 0.085 0.000 0.000 0.000 0.063 0.000 0.000
0.000 0.002 0.000 0.024 0.979 0.921 0.925 0.000 0.654 0.000 0.000 0.000 0.000 0.000 0.000 0.000 0.000 0.000 0.000 0.989 0.995 0.000 0.995 0.966 0.990 0.381 0.000 0.000 0.000 0.000 0.000 0.000 0.000 0.000
0.000 0.000 0.003 0.496 0.942 0.110 0.000 0.000 0.000 0.000 0.000 0.000 0.000 0.000 0.000 0.000 0.000 0.000 0.000 0.006 0.996 0.995 0.000 0.999 0.920 0.071 0.000 0.000 0.000 0.000 0.000 0.000 0.000 0.000
0.000 0.000 0.000 0.008 0.137 0.563 0.000 0.000 0.000 0.000 0.000 0.000 0.000 0.000 0.000 0.000 0.000 0.000 0.000 0.005 0.998 0.966 0.999 0.000 0.997 0.996 0.027 0.001 0.000 0.000 0.000 0.000 0.000 0.000
0.000 0.000 0.000 0.000 0.000 0.000 0.000 0.000 0.015 0.000 0.000 0.000 0.000 0.000 0.000 0.000 0.000 0.000 0.000 0.987 0.977 0.990 0.920 0.997 0.000 0.986 0.931 0.000 0.000 0.000 0.000 0.000 0.000 0.001
0.000 0.000 0.000 0.000 0.000 0.970 0.000 0.000 0.000 0.000 0.000 0.000 0.000 0.000 0.000 0.000 0.000 0.008 0.886 0.983 0.996 0.381 0.071 0.996 0.986 0.000 0.979 0.967 0.000 0.000 0.000 0.000 0.000 0.000
0.000 0.000 0.000 0.000 0.000 0.840 0.000 0.000 0.568 0.000 0.000 0.000 0.000 0.000 0.000 0.000 0.000 0.961 0.934 0.989 0.857 0.000 0.000 0.027 0.931 0.979 0.000 0.989 0.865 0.000 0.000 0.000 0.000 0.000
0.000 0.000 0.000 0.000 0.000 0.956 0.000 0.000 0.000 0.000 0.000 0.000 0.000 0.000 0.000 0.000 0.142 0.977 0.996 0.941 0.085 0.000 0.000 0.001 0.000 0.967 0.989 0.000 0.977 0.995 0.869 0.944 0.007 0.000
0.000 0.000 0.000 0.000 0.000 0.000 0.000 0.000 0.001 0.085 0.957 0.001 0.000 0.009 0.000 0.997 0.981 1.000 0.969 0.000 0.000 0.000 0.000 0.000 0.000 0.000 0.865 0.977 0.000 0.993 0.894 0.006 0.000 0.000
0.000 0.000 0.000 0.000 0.000 0.060 0.000 0.000 0.000 0.000 0.000 0.000 0.000 0.000 0.000 0.108 0.019 0.541 0.986 0.000 0.000 0.000 0.000 0.000 0.000 0.000 0.000 0.995 0.993 0.000 0.998 0.915 0.326 0.000
0.699 0.979 0.325 0.000 0.000 0.004 0.000 0.690 0.000 0.000 0.000 0.000 0.001 0.000 0.000 0.000 0.395 0.000 1.000 0.000 0.000 0.000 0.000 0.000 0.000 0.000 0.000 0.869 0.894 0.998 0.000 0.990 0.956 0.184
0.280 0.960 0.980 0.000 0.000 0.989 0.150 0.066 0.000 0.000 0.000 0.000 0.000 0.000 0.000 0.000 0.000 0.000 0.971 0.104 0.063 0.000 0.000 0.000 0.000 0.000 0.000 0.944 0.006 0.915 0.990 0.000 0.996 0.867
0.270 0.397 0.991 0.008 0.000 0.056 0.000 0.000 0.001 0.003 0.004 0.064 0.034 0.000 0.000 0.000 0.000 0.001 0.000 0.000 0.000 0.000 0.000 0.000 0.000 0.000 0.000 0.007 0.000 0.326 0.956 0.996 0.000 0.992
0.822 0.886 0.999 0.906 0.000 0.013 0.000 0.000 0.000 0.000 0.047 0.086 0.374 0.363 0.065 0.027 0.000 0.000 0.000 0.000 0.000 0.000 0.000 0.000 0.001 0.000 0.000 0.000 0.000 0.000 0.184 0.867 0.992 0.000
