0.000 0.993 0.895 0.008 0.000 0.000 0.000 0.068 0.000 0.000 0.000 0.000 0.000 0.000 0.000 0.000 0.000 0.000 0.002 0.000 0.000 0.000 0.000 0.000 0.001 0.000 0.000 0.000 0.000 0.000 0.721 0.287 0.293 0.442
0.993 0.000 0.993 0.942 0.002 0.955 0.764 0.915 0.000 0.000 0.000 0.000 0.000 0.000 0.000 0.000 0.002 0.000 0.872 0.071 0.000 0.000 0.000 0.000 0.000 0.000 0.000 0.000 0.000 0.000 0.906 0.972 0.456 0.452
0.895 0.993 0.000 0.987 0.892 0.977 0.000 0.001 0.000 0.000 0.000 0.000 0.000 0.000 0.000 0.000 0.000 0.000 0.003 0.000 0.343 0.000 0.000 0.000 0.000 0.000 0.000 0.000 0.000 0.000 0.320 0.950 0.961 0.978
0.008 0.942 0.987 0.000 0.981 0.973 0.000 0.000 0.000 0.000 0.000 0.001 0.000 0.008 0.000 0.000 0.000 0.000 0.000 0.000 0.767 0.007 0.538 0.018 0.000 0.000 0.000 0.000 0.000 0.000 0.000 0.000 0.014 0.815
0.000 0.002 0.892 0.981 0.000 0.983 0.867 0.000 0.001 0.000 0.000 0.000 0.000 0.000 0.000 0.000 0.000 0.000 0.000 0.792 0.951 0.926 0.965 0.182 0.000 0.000 0.000 0.000 0.000 0.000 0.000 0.000 0.000 0.001
0.000 0.955 0.977 0.973 0.983 0.000 0.989 0.796 0.002 0.000 0.000 0.000 0.000 0.000 0.000 0.000 0.000 0.001 0.981 0.970 0.998 0.889 0.155 0.600 0.000 0.989 0.935 0.977 0.000 0.029 0.000 0.978 0.147 0.360
0.000 0.764 0.000 0.000 0.867 0.989 0.000 0.977 0.993 0.000 0.000 0.000 0.000 0.000 0.000 0.000 0.001 0.790 0.952 0.978 0.920 0.880 0.000 0.000 0.002 0.000 0.000 0.000 0.000 0.000 0.000 0.095 0.000 0.000
0.068 0.915 0.001 0.000 0.000 0.796 0.977 0.000 0.975 0.905 0.000 0.000 0.000 0.000 0.000 0.000 0.940 0.928 0.957 0.810 0.000 0.000 0.000 0.000 0.000 0.000 0.000 0.000 0.000 0.000 0.624 0.128 0.000 0.000
0.000 0.000 0.000 0.000 0.001 0.002 0.993 0.975 0.000 0.979 0.772 0.085 0.000 0.000 0.000 0.709 0.890 0.997 0.880 0.920 0.013 0.347 0.000 0.000 0.039 0.000 0.497 0.000 0.001 0.000 0.000 0.000 0.000 0.000
0.000 0.000 0.000 0.000 0.000 0.000 0.000 0.905 0.979 0.000 0.987 0.979 0.023 0.067 0.919 0.927 0.965 0.940 0.000 0.000 0.000 0.000 0.000 0.000 0.000 0.000 0.000 0.000 0.094 0.000 0.000 0.000 0.000 0.000
0.000 0.000 0.000 0.000 0.000 0.000 0.000 0.000 0.772 0.987 0.000 0.990 0.985 0.946 0.949 0.985 0.776 0.953 0.000 0.000 0.000 0.000 0.000 0.000 0.000 0.000 0.000 0.000 0.881 0.000 0.000 0.000 0.000 0.000
0.000 0.000 0.000 0.001 0.000 0.000 0.000 0.000 0.085 0.979 0.990 0.000 0.981 0.897 0.910 0.304 0.004 0.610 0.000 0.000 0.000 0.000 0.000 0.000 0.000 0.000 0.003 0.000 0.008 0.000 0.000 0.000 0.000 0.020
0.000 0.000 0.000 0.000 0.000 0.000 0.000 0.000 0.000 0.023 0.985 0.981 0.000 0.994 0.966 0.418 0.000 0.000 0.000 0.000 0.000 0.000 0.000 0.000 0.000 0.000 0.000 0.000 0.154 0.000 0.000 0.000 0.000 0.000
0.000 0.000 0.000 0.008 0.000 0.000 0.000 0.000 0.000 0.067 0.946 0.897 0.994 0.000 0.985 0.987 0.000 0.003 0.000 0.000 0.000 0.008 0.022 0.004 0.004 0.000 0.002 0.000 0.336 0.000 0.000 0.000 0.002 0.005
0.000 0.000 0.000 0.000 0.000 0.000 0.000 0.000 0.000 0.919 0.949 0.910 0.966 0.985 0.000 0.973 0.813 0.000 0.000 0.000 0.000 0.000 0.000 0.000 0.000 0.000 0.000 0.000 0.004 0.000 0.000 0.000 0.000 0.000
0.000 0.000 0.000 0.000 0.000 0.000 0.000 0.000 0.709 0.927 0.985 0.304 0.418 0.987 0.973 0.000 0.960 0.927 0.013 0.000 0.000 0.000 0.000 0.000 0.000 0.000 0.021 0.018 0.990 0.106 0.005 0.000 0.000 0.000
0.000 0.002 0.000 0.000 0.000 0.000 0.001 0.940 0.890 0.965 0.776 0.004 0.000 0.000 0.813 0.960 0.000 0.982 0.963 0.000 0.000 0.000 0.000 0.000 0.000 0.000 0.000 0.140 0.960 0.027 0.386 0.000 0.000 0.000
0.000 0.000 0.000 0.000 0.000 0.001 0.790 0.928 0.997 0.940 0.953 0.610 0.000 0.003 0.000 0.927 0.982 0.000 0.987 0.957 0.000 0.000 0.000 0.000 0.000 0.002 0.986 0.951 0.987 0.451 0.001 0.000 0.000 0.000
0.002 0.872 0.003 0.000 0.000 0.981 0.952 0.957 0.880 0.000 0.000 0.000 0.000 0.000 0.000 0.013 0.963 0.987 0.000 0.984 0.922 0.000 0.000 0.000 0.000 0.952 0.986 1.000 0.988 0.995 0.991 0.973 0.000 0.000
0.000 0.071 0.000 0.000 0.792 0.970 0.978 0.810 0.920 0.000 0.000 0.000 0.000 0.000 0.000 0.000 0.000 0.957 0.984 0.000 0.998 0.961 0.018 0.000 0.987 0.992 0.996 0.917 0.000 0.000 0.000 0.080 0.000 0.000
0.000 0.000 0.343 0.767 0.951 0.998 0.920 0.000 0.013 0.000 0.000 0.000 0.000 0.000 0.000 0.000 0.000 0.000 0.922 0.998 0.000 0.989 0.968 0.997 0.976 0.992 0.923 0.070 0.000 0.000 0.000 0.108 0.000 0.124
0.000 0.000 0.000 0.007 0.926 0.889 0.880 0.000 0.347 0.000 0.000 0.000 0.000 0.008 0.000 0.000 0.000 0.000 0.000 0.961 0.989 0.000 0.991 0.949 0.983 0.175 0.000 0.000 0.000 0.000 0.000 0.000 0.000 0.000
0.000 0.000 0.000 0.538 0.965 0.155 0.000 0.000 0.000 0.000 0.000 0.000 0.000 0.022 0.000 0.000 0.000 0.000 0.000 0.018 0.968 0.991 0.000 0.995 0.954 0.121 0.000 0.000 0.000 0.000 0.000 0.000 0.000 0.000
0.000 0.000 0.000 0.018 0.182 0.600 0.000 0.000 0.000 0.000 0.000 0.000 0.000 0.004 0.000 0.000 0.000 0.000 0.000 0.000 0.997 0.949 0.995 0.000 0.992 0.975 0.001 0.000 0.000 0.000 0.000 0.000 0.000 0.006
0.001 0.000 0.000 0.000 0.000 0.000 0.002 0.000 0.039 0.000 0.000 0.000 0.000 0.004 0.000 0.000 0.000 0.000 0.000 0.987 0.976 0.983 0.954 0.992 0.000 0.978 0.935 0.000 0.000 0.000 0.000 0.000 0.000 0.000
0.000 0.000 0.000 0.000 0.000 0.989 0.000 0.000 0.000 0.000 0.000 0.000 0.000 0.000 0.000 0.000 0.000 0.002 0.952 0.992 0.992 0.175 0.121 0.975 0.978 0.000 0.993 0.968 0.000 0.000 0.000 0.001 0.000 0.001
0.000 0.000 0.000 0.000 0.000 0.935 0.000 0.000 0.497 0.000 0.000 0.003 0.000 0.002 0.000 0.021 0.000 0.986 0.986 0.996 0.923 0.000 0.000 0.001 0.935 0.993 0.000 0.994 0.828 0.000 0.000 0.000 0.000 0.000
0.000 0.000 0.000 0.000 0.000 0.977 0.000 0.000 0.000 0.000 0.000 0.000 0.000 0.000 0.000 0.018 0.140 0.951 1.000 0.917 0.070 0.000 0.000 0.000 0.000 0.968 0.994 0.000 0.985 0.943 0.761 0.897 0.013 0.000
0.000 0.000 0.000 0.000 0.000 0.000 0.000 0.000 0.001 0.094 0.881 0.008 0.154 0.336 0.004 0.990 0.960 0.987 0.988 0.000 0.000 0.000 0.000 0.000 0.000 0.000 0.828 0.985 0.000 0.994 0.910 0.006 0.000 0.000
0.000 0.000 0.000 0.000 0.000 0.029 0.000 0.000 0.000 0.000 0.000 0.000 0.000 0.000 0.000 0.106 0.027 0.451 0.995 0.000 0.000 0.000 0.000 0.000 0.000 0.000 0.000 0.943 0.994 0.000 0.981 0.899 0.354 0.000
0.721 0.906 0.320 0.000 0.000 0.000 0.000 0.624 0.000 0.000 0.000 0.000 0.000 0.000 0.000 0.005 0.386 0.001 0.991 0.000 0.000 0.000 0.000 0.000 0.000 0.000 0.000 0.761 0.910 0.981 0.000 0.978 0.972 0.072
0.287 0.972 0.950 0.000 0.000 0.978 0.095 0.128 0.000 0.000 0.000 0.000 0.000 0.000 0.000 0.000 0.000 0.000 0.973 0.080 0.108 0.000 0.000 0.000 0.000 0.001 0.000 0.897 0.006 0.899 0.978 0.000 1.000 0.962
0.293 0.456 0.961 0.014 0.000 0.147 0.000 0.000 0.000 0.000 0.000 0.000 0.000 0.002 0.000 0.000 0.000 0.000 0.000 0.000 0.000 0.000 0.000 0.000 0.000 0.000 0.000 0.013 0.000 0.354 0.972 1.000 0.000 0.991
0.442 0.452 0.978 0.815 0.001 0.360 0.000 0.000 0.000 0.000 0.000 0.020 0.000 0.005 0.000 0.000 0.000 0.000 0.000 0.000 0.124 0.000 0.000 0.006 0.000 0.001 0.000 0.000 0.000 0.000 0.072 0.962 0.991 0.000
