0.000 0.999 0.988 0.005 0.000 0.000 0.001 0.055 0.000 0.000 0.000 0.000 0.000 0.000 0.000 0.000 0.000 0.000 0.008 0.000 0.000 0.000 0.000 0.000 0.000 0.000 0.000 0.000 0.000 0.000 0.426 0.460 0.508 0.960
0.999 0.000 0.998 0.988 0.003 1.000 0.971 0.996 0.000 0.000 0.000 0.000 0.000 0.000 0.000 0.000 0.003 0.000 0.989 0.191 0.000 0.001 0.000 0.000 0.000 0.000 0.000 0.000 0.000 0.000 0.933 0.916 0.564 0.956
0.988 0.998 0.000 1.000 0.990 1.000 0.000 0.000 0.000 0.000 0.000 0.000 0.000 0.000 0.000 0.000 0.000 0.000 0.011 0.000 0.231 0.000 0.021 0.000 0.000 0.000 0.000 0.000 0.000 0.000 0.421 0.988 0.908 0.996
0.005 0.988 1.000 0.000 0.999 1.000 0.000 0.000 0.000 0.000 0.000 0.000 0.000 0.000 0.000 0.000 0.000 0.000 0.000 0.000 0.702 0.009 0.301 0.002 0.000 0.000 0.000 0.000 0.000 0.000 0.000 0.004 0.003 0.913
0.000 0.003 0.990 0.999 0.000 1.000 0.983 0.000 0.000 0.000 0.000 0.000 0.000 0.000 0.000 0.000 0.000 0.000 0.000 0.982 0.993 1.000 0.921 0.051 0.000 0.000 0.000 0.000 0.000 0.000 0.000 0.000 0.000 0.000
0.000 1.000 1.000 1.000 1.000 0.000 1.000 0.994 0.000 0.000 0.000 0.000 0.000 0.000 0.000 0.000 0.000 0.002 1.000 1.000 1.000 0.995 0.132 0.392 0.000 0.642 0.626 0.975 0.015 0.425 0.401 1.000 0.020 0.007
0.001 0.971 0.000 0.000 0.983 1.000 0.000 1.000 0.998 0.000 0.000 0.000 0.000 0.000 0.000 0.000 0.000 0.944 0.973 0.997 0.978 0.995 0.000 0.000 0.000 0.000 0.000 0.001 0.000 0.000 0.005 0.089 0.001 0.000
0.055 0.996 0.000 0.000 0.000 0.994 1.000 0.000 1.000 0.990 0.000 0.000 0.000 0.000 0.000 0.000 0.977 0.977 0.996 0.993 0.000 0.000 0.000 0.000 0.000 0.000 0.000 0.000 0.000 0.000 0.451 0.092 0.000 0.000
0.000 0.000 0.000 0.000 0.000 0.000 0.998 1.000 0.000 1.000 0.974 0.000 0.000 0.000 0.000 0.899 0.961 1.000 0.995 1.000 0.000 0.969 0.000 0.000 0.006 0.000 0.720 0.000 0.000 0.000 0.000 0.000 0.003 0.000
0.000 0.000 0.000 0.000 0.000 0.000 0.000 0.990 1.000 0.000 0.997 0.896 0.246 0.191 0.604 0.961 0.988 1.000 0.000 0.000 0.000 0.000 0.000 0.000 0.000 0.000 0.000 0.000 0.017 0.000 0.000 0.000 0.000 0.000
0.000 0.000 0.000 0.000 0.000 0.000 0.000 0.000 0.974 0.997 0.000 0.971 0.924 0.498 0.500 0.980 0.987 0.995 0.000 0.000 0.000 0.000 0.000 0.000 0.000 0.000 0.003 0.000 0.349 0.000 0.000 0.000 0.000 0.000
0.000 0.000 0.000 0.000 0.000 0.000 0.000 0.000 0.000 0.896 0.971 0.000 0.991 0.911 0.489 0.576 0.002 0.687 0.000 0.000 0.000 0.000 0.000 0.000 0.001 0.000 0.001 0.000 0.113 0.000 0.000 0.000 0.000 0.000
0.000 0.000 0.000 0.000 0.000 0.000 0.000 0.000 0.000 0.246 0.924 0.991 0.000 0.995 0.963 0.504 0.019 0.001 0.000 0.000 0.000 0.000 0.000 0.000 0.007 0.000 0.000 0.000 0.013 0.000 0.000 0.000 0.000 0.000
0.000 0.000 0.000 0.000 0.000 0.000 0.000 0.000 0.000 0.191 0.498 0.911 0.995 0.000 0.979 0.985 0.057 0.014 0.000 0.000 0.000 0.005 0.003 0.000 0.021 0.000 0.000 0.000 0.214 0.000 0.000 0.000 0.000 0.000
0.000 0.000 0.000 0.000 0.000 0.000 0.000 0.000 0.000 0.604 0.500 0.489 0.963 0.979 0.000 0.996 0.972 0.000 0.000 0.000 0.000 0.000 0.001 0.000 0.016 0.000 0.000 0.000 0.029 0.000 0.001 0.000 0.000 0.000
0.000 0.000 0.000 0.000 0.000 0.000 0.000 0.000 0.899 0.961 0.980 0.576 0.504 0.985 0.996 0.000 1.000 0.959 0.000 0.000 0.000 0.000 0.000 0.000 0.013 0.000 0.000 0.000 0.571 0.000 0.000 0.000 0.000 0.000
0.000 0.003 0.000 0.000 0.000 0.000 0.000 0.977 0.961 0.988 0.987 0.002 0.019 0.057 0.972 1.000 0.000 0.983 0.995 0.000 0.000 0.000 0.000 0.000 0.000 0.000 0.000 0.051 0.927 0.015 0.466 0.000 0.000 0.000
0.000 0.000 0.000 0.000 0.000 0.002 0.944 0.977 1.000 1.000 0.995 0.687 0.001 0.014 0.000 0.959 0.983 0.000 1.000 0.993 0.001 0.000 0.000 0.000 0.001 0.035 0.995 0.994 0.975 0.234 0.001 0.000 0.000 0.000
0.008 0.989 0.011 0.000 0.000 1.000 0.973 0.996 0.995 0.000 0.000 0.000 0.000 0.000 0.000 0.000 0.995 1.000 0.000 0.992 0.959 0.000 0.000 0.000 0.000 0.928 0.989 0.996 0.961 0.904 0.991 0.644 0.001 0.000
0.000 0.191 0.000 0.000 0.982 1.000 0.997 0.993 1.000 0.000 0.000 0.000 0.000 0.000 0.000 0.000 0.000 0.993 0.992 0.000 0.999 0.998 0.003 0.002 0.967 0.971 0.981 0.941 0.000 0.000 0.014 0.060 0.000 0.000
0.000 0.000 0.231 0.702 0.993 1.000 0.978 0.000 0.000 0.000 0.000 0.000 0.000 0.000 0.000 0.000 0.000 0.001 0.959 0.999 0.000 0.998 0.993 0.965 0.976 0.968 0.901 0.300 0.000 0.000 0.001 0.104 0.000 0.000
0.000 0.001 0.000 0.009 1.000 0.995 0.995 0.000 0.969 0.000 0.000 0.000 0.000 0.005 0.000 0.000 0.000 0.000 0.000 0.998 0.998 0.000 0.998 0.932 0.984 0.362 0.000 0.000 0.000 0.000 0.000 0.000 0.005 0.000
0.000 0.000 0.021 0.301 0.921 0.132 0.000 0.000 0.000 0.000 0.000 0.000 0.000 0.003 0.001 0.000 0.000 0.000 0.000 0.003 0.993 0.998 0.000 0.999 0.999 0.065 0.000 0.000 0.000 0.000 0.000 0.000 0.000 0.000
0.000 0.000 0.000 0.002 0.051 0.392 0.000 0.000 0.000 0.000 0.000 0.000 0.000 0.000 0.000 0.000 0.000 0.000 0.000 0.002 0.965 0.932 0.999 0.000 0.998 0.996 0.029 0.066 0.000 0.000 0.000 0.000 0.000 0.000
0.000 0.000 0.000 0.000 0.000 0.000 0.000 0.000 0.006 0.000 0.000 0.001 0.007 0.021 0.016 0.013 0.000 0.001 0.000 0.967 0.976 0.984 0.999 0.998 0.000 0.998 0.938 0.000 0.016 0.000 0.000 0.000 0.003 0.000
0.000 0.000 0.000 0.000 0.000 0.642 0.000 0.000 0.000 0.000 0.000 0.000 0.000 0.000 0.000 0.000 0.000 0.035 0.928 0.971 0.968 0.362 0.065 0.996 0.998 0.000 0.998 0.971 0.003 0.000 0.000 0.000 0.000 0.000
0.000 0.000 0.000 0.000 0.000 0.626 0.000 0.000 0.720 0.000 0.003 0.001 0.000 0.000 0.000 0.000 0.000 0.995 0.989 0.981 0.901 0.000 0.000 0.029 0.938 0.998 0.000 1.000 0.938 0.000 0.000 0.000 0.000 0.000
0.000 0.000 0.000 0.000 0.000 0.975 0.001 0.000 0.000 0.000 0.000 0.000 0.000 0.000 0.000 0.000 0.051 0.994 0.996 0.941 0.300 0.000 0.000 0.066 0.000 0.971 1.000 0.000 0.995 0.992 0.869 0.741 0.001 0.000
0.000 0.000 0.000 0.000 0.000 0.015 0.000 0.000 0.000 0.017 0.349 0.113 0.013 0.214 0.029 0.571 0.927 0.975 0.961 0.000 0.000 0.000 0.000 0.000 0.016 0.003 0.938 0.995 0.000 0.999 0.955 0.005 0.024 0.000
0.000 0.000 0.000 0.000 0.000 0.425 0.000 0.000 0.000 0.000 0.000 0.000 0.000 0.000 0.000 0.000 0.015 0.234 0.904 0.000 0.000 0.000 0.000 0.000 0.000 0.000 0.000 0.992 0.999 0.000 0.994 0.932 0.409 0.000
0.426 0.933 0.421 0.000 0.000 0.401 0.005 0.451 0.000 0.000 0.000 0.000 0.000 0.000 0.001 0.000 0.466 0.001 0.991 0.014 0.001 0.000 0.000 0.000 0.000 0.000 0.000 0.869 0.955 0.994 0.000 0.993 0.986 0.140
0.460 0.916 0.988 0.004 0.000 1.000 0.089 0.092 0.000 0.000 0.000 0.000 0.000 0.000 0.000 0.000 0.000 0.000 0.644 0.060 0.104 0.000 0.000 0.000 0.000 0.000 0.000 0.741 0.005 0.932 0.993 0.000 0.980 0.948
0.508 0.564 0.908 0.003 0.000 0.020 0.001 0.000 0.003 0.000 0.000 0.000 0.000 0.000 0.000 0.000 0.000 0.000 0.001 0.000 0.000 0.005 0.000 0.000 0.003 0.000 0.000 0.001 0.024 0.409 0.986 0.980 0.000 0.996
0.960 0.956 0.996 0.913 0.000 0.007 0.000 0.000 0.000 0.000 0.000 0.000 0.000 0.000 0.000 0.000 0.000 0.000 0.000 0.000 0.000 0.000 0.000 0.000 0.000 0.000 0.000 0.000 0.000 0.000 0.140 0.948 0.996 0.000
