0.000 0.991 0.972 0.005 0.000 0.000 0.000 0.028 0.000 0.000 0.000 0.037 0.126 0.068 0.002 0.002 0.000 0.000 0.000 0.000 0.000 0.000 0.000 0.000 0.004 0.000 0.000 0.000 0.000 0.000 0.842 0.526 0.564 0.773
0.991 0.000 0.999 0.980 0.002 1.000 0.982 0.987 0.000 0.000 0.000 0.000 0.056 0.002 0.000 0.000 0.000 0.000 0.995 0.137 0.000 0.000 0.000 0.000 0.000 0.000 0.000 0.000 0.000 0.000 0.996 0.996 0.678 0.754
0.972 0.999 0.000 0.999 0.993 0.998 0.000 0.000 0.000 0.000 0.000 0.006 0.102 0.040 0.000 0.000 0.000 0.000 0.002 0.000 0.392 0.000 0.000 0.000 0.000 0.000 0.000 0.000 0.000 0.000 0.248 0.998 0.994 0.981
0.005 0.980 0.999 0.000 0.993 0.976 0.000 0.000 0.000 0.000 0.000 0.122 0.152 0.077 0.006 0.000 0.000 0.000 0.000 0.000 0.865 0.004 0.761 0.015 0.000 0.000 0.000 0.000 0.000 0.000 0.000 0.000 0.001 0.964
0.000 0.002 0.993 0.993 0.000 1.000 0.993 0.000 0.000 0.000 0.000 0.000 0.007 0.000 0.000 0.000 0.000 0.000 0.000 0.971 0.984 0.989 0.978 0.233 0.000 0.000 0.000 0.000 0.000 0.000 0.000 0.000 0.000 0.001
0.000 1.000 0.998 0.976 1.000 0.000 1.000 0.959 0.000 0.000 0.000 0.000 0.000 0.000 0.000 0.000 0.000 0.015 1.000 1.000 1.000 0.969 0.213 0.590 0.000 0.967 0.945 0.993 0.000 0.047 0.002 1.000 0.043 0.034
0.000 0.982 0.000 0.000 0.993 1.000 0.000 1.000 0.992 0.000 0.000 0.000 0.000 0.000 0.000 0.000 0.000 0.957 1.000 0.995 0.974 0.969 0.000 0.000 0.008 0.000 0.000 0.000 0.000 0.000 0.000 0.166 0.000 0.000
0.028 0.987 0.000 0.000 0.000 0.959 1.000 0.000 0.994 0.966 0.000 0.000 0.000 0.000 0.000 0.000 0.989 0.961 0.995 0.950 0.000 0.000 0.000 0.000 0.000 0.000 0.000 0.000 0.000 0.000 0.825 0.059 0.000 0.000
0.000 0.000 0.000 0.000 0.000 0.000 0.992 0.994 0.000 0.990 0.921 0.000 0.000 0.000 0.000 0.938 0.994 1.000 0.996 0.999 0.001 0.623 0.000 0.000 0.175 0.000 0.203 0.000 0.001 0.000 0.000 0.000 0.000 0.000
0.000 0.000 0.000 0.000 0.000 0.000 0.000 0.966 0.990 0.000 0.993 0.968 0.100 0.210 0.987 0.982 0.995 0.928 0.000 0.000 0.000 0.000 0.000 0.000 0.000 0.000 0.000 0.000 0.057 0.000 0.000 0.000 0.002 0.000
0.000 0.000 0.000 0.000 0.000 0.000 0.000 0.000 0.921 0.993 0.000 0.996 0.942 0.969 0.990 0.998 0.926 0.964 0.000 0.000 0.000 0.000 0.000 0.000 0.000 0.000 0.000 0.000 0.423 0.000 0.000 0.000 0.000 0.005
0.037 0.000 0.006 0.122 0.000 0.000 0.000 0.000 0.000 0.968 0.996 0.000 0.986 0.995 0.977 0.164 0.000 0.771 0.000 0.000 0.000 0.000 0.013 0.001 0.000 0.000 0.000 0.000 0.050 0.000 0.000 0.000 0.035 0.154
0.126 0.056 0.102 0.152 0.007 0.000 0.000 0.000 0.000 0.100 0.942 0.986 0.000 0.988 0.936 0.046 0.000 0.000 0.000 0.000 0.002 0.000 0.025 0.007 0.000 0.000 0.000 0.000 0.027 0.000 0.000 0.000 0.036 0.210
0.068 0.002 0.040 0.077 0.000 0.000 0.000 0.000 0.000 0.210 0.969 0.995 0.988 0.000 0.993 0.992 0.006 0.041 0.000 0.000 0.000 0.000 0.006 0.002 0.000 0.000 0.000 0.000 0.399 0.000 0.000 0.000 0.006 0.188
0.002 0.000 0.000 0.006 0.000 0.000 0.000 0.000 0.000 0.987 0.990 0.977 0.936 0.993 0.000 0.978 0.956 0.000 0.000 0.000 0.000 0.000 0.001 0.000 0.000 0.000 0.000 0.000 0.009 0.000 0.000 0.000 0.002 0.045
0.002 0.000 0.000 0.000 0.000 0.000 0.000 0.000 0.938 0.982 0.998 0.164 0.046 0.992 0.978 0.000 0.989 0.976 0.000 0.000 0.000 0.000 0.000 0.000 0.000 0.000 0.000 0.000 0.790 0.000 0.000 0.000 0.000 0.022
0.000 0.000 0.000 0.000 0.000 0.000 0.000 0.989 0.994 0.995 0.926 0.000 0.000 0.006 0.956 0.989 0.000 0.997 0.999 0.000 0.000 0.000 0.000 0.000 0.000 0.000 0.000 0.050 0.984 0.012 0.372 0.000 0.000 0.000
0.000 0.000 0.000 0.000 0.000 0.015 0.957 0.961 1.000 0.928 0.964 0.771 0.000 0.041 0.000 0.976 0.997 0.000 1.000 0.999 0.000 0.000 0.000 0.000 0.000 0.014 0.996 1.000 1.000 0.349 0.000 0.000 0.000 0.000
0.000 0.995 0.002 0.000 0.000 1.000 1.000 0.995 0.996 0.000 0.000 0.000 0.000 0.000 0.000 0.000 0.999 1.000 0.000 1.000 0.982 0.000 0.000 0.000 0.000 0.974 0.975 0.999 0.997 0.996 1.000 0.997 0.000 0.000
0.000 0.137 0.000 0.000 0.971 1.000 0.995 0.950 0.999 0.000 0.000 0.000 0.000 0.000 0.000 0.000 0.000 0.999 1.000 0.000 1.000 0.999 0.040 0.003 1.000 0.999 0.995 0.989 0.000 0.000 0.000 0.132 0.000 0.000
0.000 0.000 0.392 0.865 0.984 1.000 0.974 0.000 0.001 0.000 0.000 0.000 0.002 0.000 0.000 0.000 0.000 0.000 0.982 1.000 0.000 1.000 0.999 0.995 0.988 0.986 0.956 0.085 0.000 0.000 0.000 0.061 0.000 0.002
0.000 0.000 0.000 0.004 0.989 0.969 0.969 0.000 0.623 0.000 0.000 0.000 0.000 0.000 0.000 0.000 0.000 0.000 0.000 0.999 1.000 0.000 1.000 0.984 0.984 0.410 0.000 0.000 0.000 0.000 0.000 0.000 0.000 0.000
0.000 0.000 0.000 0.761 0.978 0.213 0.000 0.000 0.000 0.000 0.000 0.013 0.025 0.006 0.001 0.000 0.000 0.000 0.000 0.040 0.999 1.000 0.000 1.000 0.984 0.129 0.000 0.000 0.000 0.000 0.000 0.000 0.000 0.000
0.000 0.000 0.000 0.015 0.233 0.590 0.000 0.000 0.000 0.000 0.000 0.001 0.007 0.002 0.000 0.000 0.000 0.000 0.000 0.003 0.995 0.984 1.000 0.000 0.996 0.999 0.018 0.002 0.000 0.000 0.000 0.000 0.000 0.000
0.004 0.000 0.000 0.000 0.000 0.000 0.008 0.000 0.175 0.000 0.000 0.000 0.000 0.000 0.000 0.000 0.000 0.000 0.000 1.000 0.988 0.984 0.984 0.996 0.000 1.000 0.992 0.000 0.000 0.001 0.002 0.000 0.010 0.004
0.000 0.000 0.000 0.000 0.000 0.967 0.000 0.000 0.000 0.000 0.000 0.000 0.000 0.000 0.000 0.000 0.000 0.014 0.974 0.999 0.986 0.410 0.129 0.999 1.000 0.000 0.999 0.996 0.000 0.000 0.000 0.000 0.000 0.000
0.000 0.000 0.000 0.000 0.000 0.945 0.000 0.000 0.203 0.000 0.000 0.000 0.000 0.000 0.000 0.000 0.000 0.996 0.975 0.995 0.956 0.000 0.000 0.018 0.992 0.999 0.000 0.999 0.989 0.000 0.000 0.000 0.000 0.000
0.000 0.000 0.000 0.000 0.000 0.993 0.000 0.000 0.000 0.000 0.000 0.000 0.000 0.000 0.000 0.000 0.050 1.000 0.999 0.989 0.085 0.000 0.000 0.002 0.000 0.996 0.999 0.000 1.000 0.993 0.893 0.932 0.004 0.000
0.000 0.000 0.000 0.000 0.000 0.000 0.000 0.000 0.001 0.057 0.423 0.050 0.027 0.399 0.009 0.790 0.984 1.000 0.997 0.000 0.000 0.000 0.000 0.000 0.000 0.000 0.989 1.000 0.000 0.997 0.943 0.033 0.000 0.000
0.000 0.000 0.000 0.000 0.000 0.047 0.000 0.000 0.000 0.000 0.000 0.000 0.000 0.000 0.000 0.000 0.012 0.349 0.996 0.000 0.000 0.000 0.000 0.000 0.001 0.000 0.000 0.993 0.997 0.000 0.994 0.974 0.323 0.000
0.842 0.996 0.248 0.000 0.000 0.002 0.000 0.825 0.000 0.000 0.000 0.000 0.000 0.000 0.000 0.000 0.372 0.000 1.000 0.000 0.000 0.000 0.000 0.000 0.002 0.000 0.000 0.893 0.943 0.994 0.000 1.000 0.977 0.049
0.526 0.996 0.998 0.000 0.000 1.000 0.166 0.059 0.000 0.000 0.000 0.000 0.000 0.000 0.000 0.000 0.000 0.000 0.997 0.132 0.061 0.000 0.000 0.000 0.000 0.000 0.000 0.932 0.033 0.974 1.000 0.000 0.984 0.881
0.564 0.678 0.994 0.001 0.000 0.043 0.000 0.000 0.000 0.002 0.000 0.035 0.036 0.006 0.002 0.000 0.000 0.000 0.000 0.000 0.000 0.000 0.000 0.000 0.010 0.000 0.000 0.004 0.000 0.323 0.977 0.984 0.000 0.992
0.773 0.754 0.981 0.964 0.001 0.034 0.000 0.000 0.000 0.000 0.005 0.154 0.210 0.188 0.045 0.022 0.000 0.000 0.000 0.000 0.002 0.000 0.000 0.000 0.004 0.000 0.000 0.000 0.000 0.000 0.049 0.881 0.992 0.000
