0.000 0.970 0.895 0.005 0.000 0.000 0.000 0.060 0.000 0.000 0.000 0.003 0.008 0.003 0.001 0.000 0.000 0.000 0.001 0.000 0.000 0.000 0.000 0.000 0.000 0.000 0.000 0.000 0.000 0.000 0.619 0.376 0.403 0.513
0.970 0.000 1.000 0.979 0.002 0.995 0.968 0.977 0.000 0.000 0.000 0.000 0.000 0.000 0.000 0.000 0.008 0.001 0.991 0.142 0.000 0.001 0.000 0.000 0.000 0.000 0.000 0.000 0.000 0.001 0.932 0.995 0.484 0.518
0.895 1.000 0.000 0.998 0.984 0.998 0.000 0.000 0.000 0.000 0.000 0.000 0.001 0.000 0.000 0.000 0.000 0.000 0.008 0.000 0.339 0.000 0.043 0.000 0.000 0.000 0.000 0.000 0.000 0.000 0.255 0.992 0.919 0.958
0.005 0.979 0.998 0.000 0.994 0.987 0.000 0.000 0.000 0.000 0.000 0.000 0.001 0.000 0.000 0.000 0.000 0.000 0.000 0.000 0.856 0.016 0.631 0.008 0.000 0.000 0.000 0.000 0.000 0.000 0.000 0.000 0.016 0.761
0.000 0.002 0.984 0.994 0.000 1.000 0.992 0.000 0.000 0.000 0.000 0.000 0.000 0.000 0.000 0.000 0.000 0.000 0.000 0.997 0.996 0.992 0.955 0.157 0.000 0.000 0.000 0.000 0.000 0.000 0.000 0.000 0.000 0.001
0.000 0.995 0.998 0.987 1.000 0.000 1.000 0.963 0.000 0.000 0.000 0.000 0.000 0.000 0.000 0.000 0.000 0.002 0.992 1.000 1.000 0.957 0.177 0.548 0.000 0.923 0.899 0.994 0.000 0.104 0.037 0.993 0.141 0.322
0.000 0.968 0.000 0.000 0.992 1.000 0.000 0.997 0.999 0.000 0.000 0.000 0.000 0.000 0.000 0.000 0.000 0.948 1.000 1.000 0.982 0.972 0.000 0.000 0.000 0.000 0.000 0.000 0.000 0.000 0.000 0.159 0.000 0.000
0.060 0.977 0.000 0.000 0.000 0.963 0.997 0.000 1.000 0.924 0.000 0.000 0.000 0.000 0.000 0.000 0.984 1.000 1.000 0.968 0.000 0.000 0.000 0.000 0.000 0.000 0.000 0.000 0.000 0.000 0.694 0.160 0.000 0.000
0.000 0.000 0.000 0.000 0.000 0.000 0.999 1.000 0.000 0.972 0.878 0.000 0.000 0.000 0.000 0.874 0.987 1.000 0.983 0.993 0.000 0.839 0.000 0.000 0.014 0.000 0.612 0.000 0.000 0.000 0.000 0.000 0.000 0.000
0.000 0.000 0.000 0.000 0.000 0.000 0.000 0.924 0.972 0.000 0.999 0.916 0.064 0.783 0.898 0.988 0.999 0.989 0.000 0.000 0.000 0.000 0.000 0.000 0.000 0.000 0.000 0.000 0.045 0.000 0.000 0.000 0.000 0.000
0.000 0.000 0.000 0.000 0.000 0.000 0.000 0.000 0.878 0.999 0.000 0.996 0.963 0.958 0.913 0.993 0.904 0.936 0.000 0.000 0.000 0.000 0.000 0.000 0.000 0.000 0.000 0.000 0.659 0.000 0.000 0.000 0.000 0.000
0.003 0.000 0.000 0.000 0.000 0.000 0.000 0.000 0.000 0.916 0.996 0.000 0.991 0.961 0.048 0.002 0.000 0.741 0.000 0.000 0.000 0.000 0.000 0.000 0.000 0.000 0.000 0.000 0.050 0.000 0.000 0.000 0.000 0.000
0.008 0.000 0.001 0.001 0.000 0.000 0.000 0.000 0.000 0.064 0.963 0.991 0.000 0.993 0.874 0.257 0.000 0.001 0.000 0.000 0.000 0.000 0.000 0.000 0.000 0.000 0.000 0.000 0.054 0.000 0.000 0.000 0.001 0.004
0.003 0.000 0.000 0.000 0.000 0.000 0.000 0.000 0.000 0.783 0.958 0.961 0.993 0.000 0.988 0.953 0.053 0.004 0.000 0.000 0.000 0.000 0.000 0.000 0.000 0.000 0.000 0.000 0.002 0.000 0.000 0.000 0.000 0.000
0.001 0.000 0.000 0.000 0.000 0.000 0.000 0.000 0.000 0.898 0.913 0.048 0.874 0.988 0.000 0.997 0.905 0.000 0.000 0.000 0.000 0.000 0.000 0.000 0.001 0.000 0.000 0.000 0.002 0.000 0.000 0.000 0.000 0.000
0.000 0.000 0.000 0.000 0.000 0.000 0.000 0.000 0.874 0.988 0.993 0.002 0.257 0.953 0.997 0.000 0.991 0.956 0.002 0.000 0.000 0.000 0.000 0.000 0.000 0.000 0.000 0.000 0.837 0.017 0.000 0.000 0.000 0.000
0.000 0.008 0.000 0.000 0.000 0.000 0.000 0.984 0.987 0.999 0.904 0.000 0.000 0.053 0.905 0.991 0.000 0.995 0.968 0.000 0.000 0.000 0.000 0.000 0.000 0.000 0.000 0.049 0.982 0.006 0.474 0.000 0.000 0.000
0.000 0.001 0.000 0.000 0.000 0.002 0.948 1.000 1.000 0.989 0.936 0.741 0.001 0.004 0.000 0.956 0.995 0.000 0.998 0.971 0.000 0.000 0.000 0.000 0.000 0.002 0.971 0.973 0.991 0.348 0.000 0.000 0.000 0.000
0.001 0.991 0.008 0.000 0.000 0.992 1.000 1.000 0.983 0.000 0.000 0.000 0.000 0.000 0.000 0.002 0.968 0.998 0.000 0.999 0.970 0.000 0.000 0.000 0.000 0.937 0.985 0.996 0.975 0.995 0.999 0.995 0.000 0.000
0.000 0.142 0.000 0.000 0.997 1.000 1.000 0.968 0.993 0.000 0.000 0.000 0.000 0.000 0.000 0.000 0.000 0.971 0.999 0.000 1.000 0.999 0.007 0.001 0.980 0.992 0.997 0.987 0.000 0.000 0.000 0.135 0.000 0.000
0.000 0.000 0.339 0.856 0.996 1.000 0.982 0.000 0.000 0.000 0.000 0.000 0.000 0.000 0.000 0.000 0.000 0.000 0.970 1.000 0.000 0.998 0.986 0.975 0.955 0.996 0.983 0.203 0.000 0.000 0.000 0.091 0.000 0.160
0.000 0.001 0.000 0.016 0.992 0.957 0.972 0.000 0.839 0.000 0.000 0.000 0.000 0.000 0.000 0.000 0.000 0.000 0.000 0.999 0.998 0.000 1.000 0.981 0.992 0.448 0.000 0.000 0.000 0.000 0.000 0.000 0.000 0.000
0.000 0.000 0.043 0.631 0.955 0.177 0.000 0.000 0.000 0.000 0.000 0.000 0.000 0.000 0.000 0.000 0.000 0.000 0.000 0.007 0.986 1.000 0.000 0.999 1.000 0.079 0.000 0.000 0.000 0.000 0.000 0.000 0.000 0.000
0.000 0.000 0.000 0.008 0.157 0.548 0.000 0.000 0.000 0.000 0.000 0.000 0.000 0.000 0.000 0.000 0.000 0.000 0.000 0.001 0.975 0.981 0.999 0.000 1.000 0.998 0.020 0.004 0.000 0.000 0.000 0.000 0.000 0.010
0.000 0.000 0.000 0.000 0.000 0.000 0.000 0.000 0.014 0.000 0.000 0.000 0.000 0.000 0.001 0.000 0.000 0.000 0.000 0.980 0.955 0.992 1.000 1.000 0.000 0.985 0.926 0.000 0.000 0.000 0.000 0.000 0.000 0.000
0.000 0.000 0.000 0.000 0.000 0.923 0.000 0.000 0.000 0.000 0.000 0.000 0.000 0.000 0.000 0.000 0.000 0.002 0.937 0.992 0.996 0.448 0.079 0.998 0.985 0.000 0.996 0.989 0.003 0.000 0.000 0.001 0.000 0.001
0.000 0.000 0.000 0.000 0.000 0.899 0.000 0.000 0.612 0.000 0.000 0.000 0.000 0.000 0.000 0.000 0.000 0.971 0.985 0.997 0.983 0.000 0.000 0.020 0.926 0.996 0.000 0.998 0.981 0.000 0.000 0.000 0.000 0.000
0.000 0.000 0.000 0.000 0.000 0.994 0.000 0.000 0.000 0.000 0.000 0.000 0.000 0.000 0.000 0.000 0.049 0.973 0.996 0.987 0.203 0.000 0.000 0.004 0.000 0.989 0.998 0.000 0.990 0.980 0.805 0.980 0.016 0.000
0.000 0.000 0.000 0.000 0.000 0.000 0.000 0.000 0.000 0.045 0.659 0.050 0.054 0.002 0.002 0.837 0.982 0.991 0.975 0.000 0.000 0.000 0.000 0.000 0.000 0.003 0.981 0.990 0.000 1.000 0.943 0.008 0.000 0.000
0.000 0.001 0.000 0.000 0.000 0.104 0.000 0.000 0.000 0.000 0.000 0.000 0.000 0.000 0.000 0.017 0.006 0.348 0.995 0.000 0.000 0.000 0.000 0.000 0.000 0.000 0.000 0.980 1.000 0.000 0.997 0.975 0.182 0.000
0.619 0.932 0.255 0.000 0.000 0.037 0.000 0.694 0.000 0.000 0.000 0.000 0.000 0.000 0.000 0.000 0.474 0.000 0.999 0.000 0.000 0.000 0.000 0.000 0.000 0.000 0.000 0.805 0.943 0.997 0.000 0.987 0.965 0.040
0.376 0.995 0.992 0.000 0.000 0.993 0.159 0.160 0.000 0.000 0.000 0.000 0.000 0.000 0.000 0.000 0.000 0.000 0.995 0.135 0.091 0.000 0.000 0.000 0.000 0.001 0.000 0.980 0.008 0.975 0.987 0.000 0.979 0.905
0.403 0.484 0.919 0.016 0.000 0.141 0.000 0.000 0.000 0.000 0.000 0.000 0.001 0.000 0.000 0.000 0.000 0.000 0.000 0.000 0.000 0.000 0.000 0.000 0.000 0.000 0.000 0.016 0.000 0.182 0.965 0.979 0.000 0.993
0.513 0.518 0.958 0.761 0.001 0.322 0.000 0.000 0.000 0.000 0.000 0.000 0.004 0.000 0.000 0.000 0.000 0.000 0.000 0.000 0.160 0.000 0.000 0.010 0.000 0.001 0.000 0.000 0.000 0.000 0.040 0.905 0.993 0.000
