0.000 0.979 0.905 0.005 0.000 0.001 0.001 0.070 0.000 0.000 0.000 0.000 0.000 0.000 0.000 0.000 0.000 0.000 0.002 0.000 0.000 0.000 0.000 0.000 0.000 0.000 0.000 0.000 0.000 0.000 0.748 0.455 0.420 0.708
0.979 0.000 0.998 0.982 0.002 0.996 0.929 0.910 0.000 0.000 0.000 0.000 0.000 0.000 0.000 0.000 0.000 0.000 0.965 0.124 0.000 0.001 0.000 0.000 0.000 0.000 0.000 0.000 0.000 0.000 0.993 0.992 0.576 0.722
0.905 0.998 0.000 0.998 0.967 0.992 0.000 0.000 0.000 0.000 0.000 0.000 0.000 0.000 0.000 0.000 0.000 0.000 0.003 0.000 0.268 0.000 0.039 0.000 0.000 0.000 0.000 0.000 0.000 0.000 0.272 0.999 0.990 0.964
0.005 0.982 0.998 0.000 0.982 0.996 0.000 0.000 0.000 0.000 0.000 0.001 0.000 0.000 0.000 0.000 0.000 0.000 0.000 0.000 0.798 0.008 0.572 0.006 0.000 0.000 0.000 0.000 0.000 0.000 0.000 0.000 0.002 0.885
0.000 0.002 0.967 0.982 0.000 1.000 0.919 0.000 0.000 0.000 0.000 0.000 0.000 0.000 0.000 0.000 0.000 0.000 0.000 0.931 0.998 0.957 0.963 0.070 0.000 0.000 0.000 0.000 0.000 0.000 0.000 0.000 0.000 0.000
0.001 0.996 0.992 0.996 1.000 0.000 0.975 0.830 0.000 0.000 0.000 0.000 0.000 0.000 0.000 0.000 0.000 0.007 0.979 0.988 1.000 0.926 0.159 0.480 0.000 0.944 0.942 1.000 0.000 0.078 0.018 1.000 0.060 0.041
0.001 0.929 0.000 0.000 0.919 0.975 0.000 0.995 0.998 0.000 0.000 0.000 0.000 0.000 0.000 0.000 0.000 0.980 0.997 0.999 0.962 0.912 0.000 0.000 0.000 0.000 0.000 0.000 0.000 0.000 0.000 0.093 0.000 0.000
0.070 0.910 0.000 0.000 0.000 0.830 0.995 0.000 1.000 0.993 0.000 0.000 0.000 0.000 0.000 0.000 1.000 0.991 0.973 0.905 0.000 0.000 0.000 0.000 0.000 0.000 0.000 0.000 0.000 0.000 0.570 0.107 0.000 0.000
0.000 0.000 0.000 0.000 0.000 0.000 0.998 1.000 0.000 1.000 0.993 0.096 0.000 0.000 0.000 0.991 1.000 1.000 0.951 0.933 0.001 0.398 0.000 0.000 0.000 0.000 0.611 0.000 0.001 0.000 0.000 0.000 0.000 0.000
0.000 0.000 0.000 0.000 0.000 0.000 0.000 0.993 1.000 0.000 0.998 0.984 0.006 0.039 0.997 0.997 1.000 0.992 0.000 0.000 0.000 0.000 0.000 0.000 0.000 0.000 0.000 0.000 0.099 0.000 0.000 0.000 0.000 0.000
0.000 0.000 0.000 0.000 0.000 0.000 0.000 0.000 0.993 0.998 0.000 0.995 0.978 0.999 0.998 1.000 0.998 1.000 0.000 0.000 0.000 0.000 0.000 0.000 0.000 0.000 0.000 0.000 0.963 0.000 0.000 0.000 0.000 0.000
0.000 0.000 0.000 0.001 0.000 0.000 0.000 0.000 0.096 0.984 0.995 0.000 0.999 0.998 0.976 0.490 0.001 0.662 0.000 0.000 0.000 0.000 0.000 0.000 0.000 0.000 0.000 0.000 0.005 0.000 0.000 0.000 0.035 0.012
0.000 0.000 0.000 0.000 0.000 0.000 0.000 0.000 0.000 0.006 0.978 0.999 0.000 0.991 0.969 0.055 0.000 0.000 0.000 0.000 0.000 0.000 0.001 0.002 0.000 0.000 0.000 0.000 0.000 0.000 0.000 0.000 0.042 0.006
0.000 0.000 0.000 0.000 0.000 0.000 0.000 0.000 0.000 0.039 0.999 0.998 0.991 0.000 0.995 0.996 0.000 0.000 0.000 0.000 0.000 0.000 0.000 0.000 0.000 0.000 0.000 0.000 0.020 0.000 0.000 0.000 0.001 0.000
0.000 0.000 0.000 0.000 0.000 0.000 0.000 0.000 0.000 0.997 0.998 0.976 0.969 0.995 0.000 0.998 0.998 0.000 0.000 0.000 0.000 0.000 0.000 0.000 0.000 0.000 0.000 0.000 0.000 0.000 0.000 0.000 0.001 0.000
0.000 0.000 0.000 0.000 0.000 0.000 0.000 0.000 0.991 0.997 1.000 0.490 0.055 0.996 0.998 0.000 1.000 1.000 0.000 0.000 0.000 0.000 0.000 0.000 0.000 0.000 0.000 0.000 0.988 0.021 0.000 0.000 0.000 0.000
0.000 0.000 0.000 0.000 0.000 0.000 0.000 1.000 1.000 1.000 0.998 0.001 0.000 0.000 0.998 1.000 0.000 1.000 0.977 0.000 0.000 0.000 0.000 0.000 0.000 0.000 0.000 0.153 0.989 0.020 0.237 0.000 0.000 0.000
0.000 0.000 0.000 0.000 0.000 0.007 0.980 0.991 1.000 0.992 1.000 0.662 0.000 0.000 0.000 1.000 1.000 0.000 0.997 0.985 0.000 0.000 0.000 0.000 0.000 0.010 0.959 0.940 0.999 0.417 0.000 0.000 0.000 0.000
0.002 0.965 0.003 0.000 0.000 0.979 0.997 0.973 0.951 0.000 0.000 0.000 0.000 0.000 0.000 0.000 0.977 0.997 0.000 1.000 0.967 0.000 0.000 0.000 0.000 0.953 0.994 0.997 0.988 0.956 0.973 0.945 0.000 0.000
0.000 0.124 0.000 0.000 0.931 0.988 0.999 0.905 0.933 0.000 0.000 0.000 0.000 0.000 0.000 0.000 0.000 0.985 1.000 0.000 0.990 0.998 0.004 0.002 0.977 0.979 1.000 0.987 0.000 0.000 0.000 0.102 0.000 0.000
0.000 0.000 0.268 0.798 0.998 1.000 0.962 0.000 0.001 0.000 0.000 0.000 0.000 0.000 0.000 0.000 0.000 0.000 0.967 0.990 0.000 0.997 0.991 0.988 0.989 0.999 0.991 0.129 0.000 0.000 0.000 0.068 0.000 0.000
0.000 0.001 0.000 0.008 0.957 0.926 0.912 0.000 0.398 0.000 0.000 0.000 0.000 0.000 0.000 0.000 0.000 0.000 0.000 0.998 0.997 0.000 0.975 0.941 0.998 0.409 0.000 0.000 0.000 0.000 0.000 0.000 0.000 0.000
0.000 0.000 0.039 0.572 0.963 0.159 0.000 0.000 0.000 0.000 0.000 0.000 0.001 0.000 0.000 0.000 0.000 0.000 0.000 0.004 0.991 0.975 0.000 0.999 0.979 0.074 0.000 0.000 0.000 0.000 0.000 0.000 0.000 0.000
0.000 0.000 0.000 0.006 0.070 0.480 0.000 0.000 0.000 0.000 0.000 0.000 0.002 0.000 0.000 0.000 0.000 0.000 0.000 0.002 0.988 0.941 0.999 0.000 0.981 0.999 0.030 0.000 0.000 0.000 0.000 0.000 0.000 0.000
0.000 0.000 0.000 0.000 0.000 0.000 0.000 0.000 0.000 0.000 0.000 0.000 0.000 0.000 0.000 0.000 0.000 0.000 0.000 0.977 0.989 0.998 0.979 0.981 0.000 0.999 0.982 0.000 0.000 0.000 0.000 0.000 0.000 0.000
0.000 0.000 0.000 0.000 0.000 0.944 0.000 0.000 0.000 0.000 0.000 0.000 0.000 0.000 0.000 0.000 0.000 0.010 0.953 0.979 0.999 0.409 0.074 0.999 0.999 0.000 0.999 0.988 0.000 0.000 0.000 0.000 0.000 0.000
0.000 0.000 0.000 0.000 0.000 0.942 0.000 0.000 0.611 0.000 0.000 0.000 0.000 0.000 0.000 0.000 0.000 0.959 0.994 1.000 0.991 0.000 0.000 0.030 0.982 0.999 0.000 0.997 0.978 0.000 0.000 0.000 0.000 0.000
0.000 0.000 0.000 0.000 0.000 1.000 0.000 0.000 0.000 0.000 0.000 0.000 0.000 0.000 0.000 0.000 0.153 0.940 0.997 0.987 0.129 0.000 0.000 0.000 0.000 0.988 0.997 0.000 1.000 1.000 0.913 0.980 0.012 0.000
0.000 0.000 0.000 0.000 0.000 0.000 0.000 0.000 0.001 0.099 0.963 0.005 0.000 0.020 0.000 0.988 0.989 0.999 0.988 0.000 0.000 0.000 0.000 0.000 0.000 0.000 0.978 1.000 0.000 0.996 0.926 0.007 0.000 0.000
0.000 0.000 0.000 0.000 0.000 0.078 0.000 0.000 0.000 0.000 0.000 0.000 0.000 0.000 0.000 0.021 0.020 0.417 0.956 0.000 0.000 0.000 0.000 0.000 0.000 0.000 0.000 1.000 0.996 0.000 0.994 0.982 0.253 0.000
0.748 0.993 0.272 0.000 0.000 0.018 0.000 0.570 0.000 0.000 0.000 0.000 0.000 0.000 0.000 0.000 0.237 0.000 0.973 0.000 0.000 0.000 0.000 0.000 0.000 0.000 0.000 0.913 0.926 0.994 0.000 1.000 0.966 0.137
0.455 0.992 0.999 0.000 0.000 1.000 0.093 0.107 0.000 0.000 0.000 0.000 0.000 0.000 0.000 0.000 0.000 0.000 0.945 0.102 0.068 0.000 0.000 0.000 0.000 0.000 0.000 0.980 0.007 0.982 1.000 0.000 0.984 0.887
0.420 0.576 0.990 0.002 0.000 0.060 0.000 0.000 0.000 0.000 0.000 0.035 0.042 0.001 0.001 0.000 0.000 0.000 0.000 0.000 0.000 0.000 0.000 0.000 0.000 0.000 0.000 0.012 0.000 0.253 0.966 0.984 0.000 0.997
0.708 0.722 0.964 0.885 0.000 0.041 0.000 0.000 0.000 0.000 0.000 0.012 0.006 0.000 0.000 0.000 0.000 0.000 0.000 0.000 0.000 0.000 0.000 0.000 0.000 0.000 0.000 0.000 0.000 0.000 0.137 0.887 0.997 0.000
