0.000 0.974 0.921 0.004 0.000 0.000 0.000 0.097 0.000 0.000 0.000 0.030 0.006 0.000 0.000 0.000 0.000 0.000 0.006 0.000 0.000 0.000 0.000 0.000 0.000 0.000 0.000 0.000 0.000 0.000 0.720 0.374 0.367 0.757
0.974 0.000 1.000 0.916 0.003 1.000 0.987 0.974 0.002 0.000 0.000 0.000 0.000 0.000 0.000 0.000 0.001 0.003 0.935 0.219 0.000 0.006 0.000 0.000 0.000 0.000 0.000 0.000 0.000 0.000 0.968 0.975 0.442 0.679
0.921 1.000 0.000 0.986 0.901 0.974 0.000 0.000 0.000 0.000 0.000 0.025 0.000 0.000 0.000 0.000 0.000 0.000 0.001 0.000 0.170 0.001 0.002 0.000 0.000 0.000 0.000 0.000 0.000 0.000 0.264 0.967 0.938 0.946
0.004 0.916 0.986 0.000 0.959 0.946 0.000 0.000 0.000 0.000 0.000 0.004 0.000 0.000 0.000 0.000 0.000 0.000 0.000 0.000 0.626 0.071 0.213 0.004 0.000 0.000 0.000 0.000 0.000 0.000 0.000 0.000 0.003 0.858
0.000 0.003 0.901 0.959 0.000 0.974 0.875 0.000 0.000 0.000 0.000 0.000 0.000 0.000 0.000 0.000 0.000 0.000 0.000 0.744 0.934 0.946 0.833 0.048 0.000 0.000 0.000 0.000 0.000 0.000 0.000 0.000 0.000 0.001
0.000 1.000 0.974 0.946 0.974 0.000 1.000 0.901 0.000 0.000 0.000 0.000 0.000 0.000 0.000 0.000 0.000 0.001 0.995 1.000 0.997 0.854 0.023 0.460 0.000 0.967 0.861 0.968 0.000 0.066 0.008 0.998 0.043 0.039
0.000 0.987 0.000 0.000 0.875 1.000 0.000 1.000 0.987 0.000 0.000 0.000 0.000 0.000 0.000 0.000 0.000 0.917 0.980 0.993 0.955 0.739 0.000 0.000 0.066 0.000 0.000 0.000 0.000 0.000 0.000 0.220 0.000 0.000
0.097 0.974 0.000 0.000 0.000 0.901 1.000 0.000 0.993 0.963 0.000 0.000 0.000 0.000 0.000 0.000 0.949 0.950 0.989 0.984 0.000 0.002 0.000 0.000 0.000 0.000 0.000 0.000 0.000 0.000 0.836 0.030 0.000 0.000
0.000 0.002 0.000 0.000 0.000 0.000 0.987 0.993 0.000 1.000 0.981 0.005 0.000 0.000 0.000 0.962 0.993 0.996 0.989 0.997 0.001 0.426 0.000 0.000 0.172 0.000 0.081 0.000 0.001 0.000 0.000 0.000 0.000 0.000
0.000 0.000 0.000 0.000 0.000 0.000 0.000 0.963 1.000 0.000 0.992 0.990 0.007 0.046 0.901 0.975 0.998 0.997 0.000 0.000 0.000 0.000 0.000 0.000 0.000 0.000 0.000 0.000 0.139 0.000 0.003 0.000 0.000 0.000
0.000 0.000 0.000 0.000 0.000 0.000 0.000 0.000 0.981 0.992 0.000 0.997 0.999 0.823 0.997 1.000 0.995 1.000 0.000 0.000 0.000 0.000 0.000 0.000 0.000 0.000 0.004 0.000 0.960 0.000 0.000 0.000 0.002 0.000
0.030 0.000 0.025 0.004 0.000 0.000 0.000 0.000 0.005 0.990 0.997 0.000 0.993 0.974 0.970 0.600 0.000 0.434 0.000 0.000 0.000 0.000 0.000 0.000 0.000 0.000 0.000 0.000 0.002 0.006 0.000 0.000 0.180 0.161
0.006 0.000 0.000 0.000 0.000 0.000 0.000 0.000 0.000 0.007 0.999 0.993 0.000 0.997 0.988 0.691 0.000 0.003 0.000 0.000 0.000 0.000 0.000 0.000 0.000 0.000 0.000 0.000 0.123 0.000 0.000 0.000 0.140 0.022
0.000 0.000 0.000 0.000 0.000 0.000 0.000 0.000 0.000 0.046 0.823 0.974 0.997 0.000 0.992 1.000 0.002 0.000 0.000 0.000 0.000 0.000 0.000 0.000 0.000 0.000 0.000 0.000 0.061 0.000 0.000 0.000 0.004 0.000
0.000 0.000 0.000 0.000 0.000 0.000 0.000 0.000 0.000 0.901 0.997 0.970 0.988 0.992 0.000 1.000 1.000 0.000 0.000 0.000 0.000 0.000 0.000 0.000 0.000 0.000 0.000 0.000 0.002 0.000 0.000 0.000 0.000 0.000
0.000 0.000 0.000 0.000 0.000 0.000 0.000 0.000 0.962 0.975 1.000 0.600 0.691 1.000 1.000 0.000 1.000 1.000 0.000 0.000 0.000 0.000 0.000 0.000 0.000 0.000 0.000 0.000 0.996 0.106 0.000 0.000 0.000 0.000
0.000 0.001 0.000 0.000 0.000 0.000 0.000 0.949 0.993 0.998 0.995 0.000 0.000 0.002 1.000 1.000 0.000 1.000 0.996 0.000 0.000 0.000 0.000 0.000 0.000 0.000 0.000 0.205 0.992 0.021 0.679 0.000 0.000 0.000
0.000 0.003 0.000 0.000 0.000 0.001 0.917 0.950 0.996 0.997 1.000 0.434 0.003 0.000 0.000 1.000 1.000 0.000 0.997 0.986 0.000 0.001 0.000 0.000 0.004 0.028 1.000 0.997 0.991 0.379 0.000 0.000 0.000 0.000
0.006 0.935 0.001 0.000 0.000 0.995 0.980 0.989 0.989 0.000 0.000 0.000 0.000 0.000 0.000 0.000 0.996 0.997 0.000 1.000 0.931 0.000 0.000 0.000 0.000 0.967 0.996 0.996 0.978 0.960 0.991 0.983 0.000 0.000
0.000 0.219 0.000 0.000 0.744 1.000 0.993 0.984 0.997 0.000 0.000 0.000 0.000 0.000 0.000 0.000 0.000 0.986 1.000 0.000 0.999 0.859 0.002 0.017 0.761 0.995 0.975 0.950 0.000 0.000 0.000 0.152 0.000 0.000
0.000 0.000 0.170 0.626 0.934 0.997 0.955 0.000 0.001 0.000 0.000 0.000 0.000 0.000 0.000 0.000 0.000 0.000 0.931 0.999 0.000 0.988 0.972 0.985 0.986 0.988 0.829 0.183 0.000 0.000 0.000 0.046 0.000 0.003
0.000 0.006 0.001 0.071 0.946 0.854 0.739 0.002 0.426 0.000 0.000 0.000 0.000 0.000 0.000 0.000 0.000 0.001 0.000 0.859 0.988 0.000 0.995 0.944 0.989 0.284 0.001 0.000 0.000 0.000 0.000 0.000 0.000 0.000
0.000 0.000 0.002 0.213 0.833 0.023 0.000 0.000 0.000 0.000 0.000 0.000 0.000 0.000 0.000 0.000 0.000 0.000 0.000 0.002 0.972 0.995 0.000 0.992 0.963 0.094 0.000 0.000 0.000 0.000 0.000 0.000 0.000 0.000
0.000 0.000 0.000 0.004 0.048 0.460 0.000 0.000 0.000 0.000 0.000 0.000 0.000 0.000 0.000 0.000 0.000 0.000 0.000 0.017 0.985 0.944 0.992 0.000 0.995 0.972 0.008 0.012 0.000 0.000 0.000 0.000 0.000 0.000
0.000 0.000 0.000 0.000 0.000 0.000 0.066 0.000 0.172 0.000 0.000 0.000 0.000 0.000 0.000 0.000 0.000 0.004 0.000 0.761 0.986 0.989 0.963 0.995 0.000 0.989 0.845 0.000 0.000 0.000 0.000 0.000 0.002 0.000
0.000 0.000 0.000 0.000 0.000 0.967 0.000 0.000 0.000 0.000 0.000 0.000 0.000 0.000 0.000 0.000 0.000 0.028 0.967 0.995 0.988 0.284 0.094 0.972 0.989 0.000 0.985 0.984 0.000 0.000 0.000 0.003 0.000 0.000
0.000 0.000 0.000 0.000 0.000 0.861 0.000 0.000 0.081 0.000 0.004 0.000 0.000 0.000 0.000 0.000 0.000 1.000 0.996 0.975 0.829 0.001 0.000 0.008 0.845 0.985 0.000 1.000 0.970 0.000 0.000 0.000 0.000 0.000
0.000 0.000 0.000 0.000 0.000 0.968 0.000 0.000 0.000 0.000 0.000 0.000 0.000 0.000 0.000 0.000 0.205 0.997 0.996 0.950 0.183 0.000 0.000 0.012 0.000 0.984 1.000 0.000 0.999 0.989 0.767 0.941 0.003 0.000
0.000 0.000 0.000 0.000 0.000 0.000 0.000 0.000 0.001 0.139 0.960 0.002 0.123 0.061 0.002 0.996 0.992 0.991 0.978 0.000 0.000 0.000 0.000 0.000 0.000 0.000 0.970 0.999 0.000 0.993 0.947 0.013 0.000 0.000
0.000 0.000 0.000 0.000 0.000 0.066 0.000 0.000 0.000 0.000 0.000 0.006 0.000 0.000 0.000 0.106 0.021 0.379 0.960 0.000 0.000 0.000 0.000 0.000 0.000 0.000 0.000 0.989 0.993 0.000 0.994 0.938 0.135 0.000
0.720 0.968 0.264 0.000 0.000 0.008 0.000 0.836 0.000 0.003 0.000 0.000 0.000 0.000 0.000 0.000 0.679 0.000 0.991 0.000 0.000 0.000 0.000 0.000 0.000 0.000 0.000 0.767 0.947 0.994 0.000 1.000 0.836 0.104
0.374 0.975 0.967 0.000 0.000 0.998 0.220 0.030 0.000 0.000 0.000 0.000 0.000 0.000 0.000 0.000 0.000 0.000 0.983 0.152 0.046 0.000 0.000 0.000 0.000 0.003 0.000 0.941 0.013 0.938 1.000 0.000 0.932 0.759
0.367 0.442 0.938 0.003 0.000 0.043 0.000 0.000 0.000 0.000 0.002 0.180 0.140 0.004 0.000 0.000 0.000 0.000 0.000 0.000 0.000 0.000 0.000 0.000 0.002 0.000 0.000 0.003 0.000 0.135 0.836 0.932 0.000 0.985
0.757 0.679 0.946 0.858 0.001 0.039 0.000 0.000 0.000 0.000 0.000 0.161 0.022 0.000 0.000 0.000 0.000 0.000 0.000 0.000 0.003 0.000 0.000 0.000 0.000 0.000 0.000 0.000 0.000 0.000 0.104 0.759 0.985 0.000
