0.000 0.998 0.990 0.004 0.000 0.000 0.000 0.017 0.000 0.000 0.000 0.001 0.003 0.000 0.000 0.000 0.000 0.000 0.001 0.000 0.000 0.000 0.000 0.003 0.000 0.000 0.000 0.000 0.000 0.818 0.307 0.279 0.664
0.998 0.000 1.000 0.967 0.007 1.000 0.991 0.983 0.000 0.000 0.000 0.000 0.000 0.000 0.000 0.000 0.000 0.000 0.990 0.237 0.000 0.000 0.000 0.000 0.000 0.000 0.000 0.000 0.000 0.990 1.000 0.397 0.710
0.990 1.000 0.000 0.986 0.978 1.000 0.001 0.000 0.000 0.000 0.000 0.000 0.000 0.000 0.000 0.000 0.000 0.000 0.004 0.000 0.316 0.000 0.000 0.000 0.000 0.000 0.000 0.000 0.000 0.396 0.993 0.993 0.992
0.004 0.967 0.986 0.000 0.999 0.983 0.000 0.000 0.000 0.000 0.000 0.000 0.000 0.000 0.000 0.000 0.000 0.000 0.000 0.000 0.941 0.009 0.001 0.000 0.000 0.000 0.000 0.000 0.000 0.000 0.000 0.011 0.878
0.000 0.007 0.978 0.999 0.000 0.985 0.971 0.000 0.000 0.000 0.000 0.000 0.000 0.000 0.000 0.000 0.000 0.000 0.000 0.956 0.999 0.966 0.354 0.000 0.000 0.000 0.000 0.000 0.000 0.000 0.000 0.000 0.006
0.000 1.000 1.000 0.983 0.985 0.000 0.998 0.949 0.000 0.000 0.000 0.000 0.000 0.000 0.000 0.000 0.000 0.003 0.976 0.999 1.000 0.860 0.181 0.000 0.984 0.936 0.977 0.000 0.028 0.003 1.000 0.127 0.077
0.000 0.991 0.001 0.000 0.971 0.998 0.000 0.998 0.995 0.000 0.000 0.000 0.000 0.000 0.000 0.000 0.000 0.921 0.992 1.000 0.998 0.416 0.000 0.000 0.000 0.000 0.000 0.000 0.000 0.000 0.353 0.000 0.000
0.017 0.983 0.000 0.000 0.000 0.949 0.998 0.000 1.000 0.915 0.000 0.000 0.000 0.000 0.000 0.000 0.963 0.985 1.000 0.996 0.000 0.000 0.000 0.000 0.000 0.000 0.000 0.000 0.000 0.668 0.028 0.000 0.000
0.000 0.000 0.000 0.000 0.000 0.000 0.995 1.000 0.000 0.986 0.779 0.005 0.000 0.000 0.000 0.812 0.991 1.000 0.988 0.995 0.003 0.030 0.000 0.028 0.000 0.306 0.000 0.000 0.000 0.000 0.000 0.000 0.000
0.000 0.000 0.000 0.000 0.000 0.000 0.000 0.915 0.986 0.000 0.982 0.852 0.080 0.191 0.946 0.949 0.965 0.987 0.000 0.000 0.000 0.000 0.000 0.000 0.000 0.000 0.000 0.007 0.000 0.000 0.000 0.000 0.000
0.000 0.000 0.000 0.000 0.000 0.000 0.000 0.000 0.779 0.982 0.000 0.955 0.880 0.949 0.987 0.981 0.893 0.935 0.000 0.000 0.000 0.000 0.000 0.000 0.000 0.000 0.000 0.216 0.000 0.000 0.000 0.000 0.000
0.001 0.000 0.000 0.000 0.000 0.000 0.000 0.000 0.005 0.852 0.955 0.000 0.992 0.955 0.889 0.099 0.000 0.604 0.000 0.000 0.000 0.000 0.000 0.000 0.000 0.000 0.000 0.010 0.000 0.000 0.000 0.029 0.028
0.003 0.000 0.000 0.000 0.000 0.000 0.000 0.000 0.000 0.080 0.880 0.992 0.000 0.958 0.883 0.017 0.000 0.000 0.000 0.000 0.000 0.000 0.000 0.001 0.000 0.000 0.000 0.001 0.000 0.000 0.000 0.032 0.004
0.000 0.000 0.000 0.000 0.000 0.000 0.000 0.000 0.000 0.191 0.949 0.955 0.958 0.000 0.984 0.974 0.002 0.065 0.000 0.000 0.000 0.000 0.000 0.001 0.000 0.000 0.000 0.209 0.000 0.000 0.000 0.000 0.000
0.000 0.000 0.000 0.000 0.000 0.000 0.000 0.000 0.000 0.946 0.987 0.889 0.883 0.984 0.000 0.971 0.859 0.000 0.000 0.000 0.000 0.000 0.000 0.000 0.000 0.000 0.000 0.001 0.000 0.000 0.000 0.000 0.000
0.000 0.000 0.000 0.000 0.000 0.000 0.000 0.000 0.812 0.949 0.981 0.099 0.017 0.974 0.971 0.000 0.986 0.948 0.000 0.000 0.000 0.000 0.000 0.000 0.000 0.000 0.000 0.618 0.000 0.000 0.000 0.000 0.000
0.000 0.000 0.000 0.000 0.000 0.000 0.000 0.963 0.991 0.965 0.893 0.000 0.000 0.002 0.859 0.986 0.000 0.998 0.989 0.000 0.000 0.000 0.000 0.000 0.000 0.000 0.047 0.985 0.027 0.300 0.000 0.000 0.000
0.000 0.000 0.000 0.000 0.000 0.003 0.921 0.985 1.000 0.987 0.935 0.604 0.000 0.065 0.000 0.948 0.998 0.000 1.000 0.953 0.000 0.000 0.000 0.000 0.003 0.983 0.998 0.995 0.380 0.000 0.000 0.000 0.000
0.001 0.990 0.004 0.000 0.000 0.976 0.992 1.000 0.988 0.000 0.000 0.000 0.000 0.000 0.000 0.000 0.989 1.000 0.000 1.000 0.925 0.000 0.000 0.000 0.921 0.970 0.998 0.911 0.999 1.000 0.986 0.000 0.000
0.000 0.237 0.000 0.000 0.956 0.999 1.000 0.996 0.995 0.000 0.000 0.000 0.000 0.000 0.000 0.000 0.000 0.953 1.000 0.000 0.999 0.975 0.052 0.970 0.998 0.983 0.957 0.000 0.000 0.000 0.249 0.000 0.000
0.000 0.000 0.316 0.941 0.999 1.000 0.998 0.000 0.003 0.000 0.000 0.000 0.000 0.000 0.000 0.000 0.000 0.000 0.925 0.999 0.000 0.980 0.987 0.939 0.979 0.908 0.074 0.000 0.000 0.000 0.076 0.000 0.013
0.000 0.000 0.000 0.009 0.966 0.860 0.416 0.000 0.030 0.000 0.000 0.000 0.000 0.000 0.000 0.000 0.000 0.000 0.000 0.975 0.980 0.000 0.997 0.982 0.859 0.000 0.000 0.000 0.000 0.000 0.000 0.000 0.000
0.000 0.000 0.000 0.001 0.354 0.181 0.000 0.000 0.000 0.000 0.000 0.000 0.000 0.000 0.000 0.000 0.000 0.000 0.000 0.052 0.987 0.997 0.000 0.999 0.966 0.000 0.000 0.000 0.000 0.000 0.000 0.000 0.000
0.003 0.000 0.000 0.000 0.000 0.000 0.000 0.000 0.028 0.000 0.000 0.000 0.001 0.001 0.000 0.000 0.000 0.000 0.000 0.970 0.939 0.982 0.999 0.000 0.968 0.868 0.000 0.000 0.000 0.000 0.000 0.005 0.000
0.000 0.000 0.000 0.000 0.000 0.984 0.000 0.000 0.000 0.000 0.000 0.000 0.000 0.000 0.000 0.000 0.000 0.003 0.921 0.998 0.979 0.859 0.966 0.968 0.000 0.976 0.981 0.000 0.000 0.000 0.001 0.000 0.001
0.000 0.000 0.000 0.000 0.000 0.936 0.000 0.000 0.306 0.000 0.000 0.000 0.000 0.000 0.000 0.000 0.000 0.983 0.970 0.983 0.908 0.000 0.000 0.868 0.976 0.000 1.000 0.962 0.000 0.000 0.001 0.000 0.000
0.000 0.000 0.000 0.000 0.000 0.977 0.000 0.000 0.000 0.000 0.000 0.000 0.000 0.000 0.000 0.000 0.047 0.998 0.998 0.957 0.074 0.000 0.000 0.000 0.981 1.000 0.000 0.972 1.000 0.760 0.976 0.066 0.000
0.000 0.000 0.000 0.000 0.000 0.000 0.000 0.000 0.000 0.007 0.216 0.010 0.001 0.209 0.001 0.618 0.985 0.995 0.911 0.000 0.000 0.000 0.000 0.000 0.000 0.962 0.972 0.000 0.995 0.891 0.008 0.000 0.000
0.000 0.000 0.000 0.000 0.000 0.028 0.000 0.000 0.000 0.000 0.000 0.000 0.000 0.000 0.000 0.000 0.027 0.380 0.999 0.000 0.000 0.000 0.000 0.000 0.000 0.000 1.000 0.995 0.000 1.000 0.941 0.479 0.000
0.818 0.990 0.396 0.000 0.000 0.003 0.000 0.668 0.000 0.000 0.000 0.000 0.000 0.000 0.000 0.000 0.300 0.000 1.000 0.000 0.000 0.000 0.000 0.000 0.000 0.000 0.760 0.891 1.000 0.000 0.998 0.995 0.198
0.307 1.000 0.993 0.000 0.000 1.000 0.353 0.028 0.000 0.000 0.000 0.000 0.000 0.000 0.000 0.000 0.000 0.000 0.986 0.249 0.076 0.000 0.000 0.000 0.001 0.001 0.976 0.008 0.941 0.998 0.000 0.999 0.962
0.279 0.397 0.993 0.011 0.000 0.127 0.000 0.000 0.000 0.000 0.000 0.029 0.032 0.000 0.000 0.000 0.000 0.000 0.000 0.000 0.000 0.000 0.000 0.005 0.000 0.000 0.066 0.000 0.479 0.995 0.999 0.000 0.995
0.664 0.710 0.992 0.878 0.006 0.077 0.000 0.000 0.000 0.000 0.000 0.028 0.004 0.000 0.000 0.000 0.000 0.000 0.000 0.000 0.013 0.000 0.000 0.000 0.001 0.000 0.000 0.000 0.000 0.198 0.962 0.995 0.000
