0.000 0.998 0.986 0.006 0.000 0.000 0.000 0.102 0.000 0.000 0.000 0.000 0.001 0.001 0.000 0.000 0.000 0.000 0.002 0.000 0.000 0.000 0.000 0.000 0.000 0.000 0.000 0.000 0.000 0.000 0.769 0.266 0.249 0.690
0.998 0.000 1.000 0.994 0.004 1.000 0.972 0.983 0.000 0.000 0.000 0.000 0.001 0.000 0.000 0.000 0.010 0.001 0.989 0.148 0.000 0.000 0.000 0.000 0.000 0.000 0.000 0.000 0.000 0.000 0.992 1.000 0.465 0.748
0.986 1.000 0.000 0.999 0.976 1.000 0.000 0.000 0.000 0.000 0.000 0.005 0.017 0.000 0.000 0.000 0.000 0.000 0.003 0.000 0.384 0.000 0.000 0.000 0.000 0.000 0.000 0.000 0.000 0.000 0.337 1.000 0.985 0.998
0.006 0.994 0.999 0.000 0.996 0.999 0.000 0.000 0.000 0.000 0.000 0.007 0.008 0.015 0.000 0.000 0.000 0.000 0.000 0.000 0.936 0.002 0.781 0.024 0.000 0.000 0.000 0.000 0.000 0.000 0.000 0.000 0.005 0.905
0.000 0.004 0.976 0.996 0.000 0.992 0.984 0.000 0.000 0.000 0.000 0.000 0.000 0.000 0.000 0.000 0.000 0.000 0.000 0.958 0.992 0.987 0.998 0.375 0.000 0.000 0.000 0.000 0.000 0.000 0.000 0.000 0.000 0.001
0.000 1.000 1.000 0.999 0.992 0.000 0.990 0.964 0.000 0.000 0.000 0.000 0.000 0.000 0.000 0.000 0.000 0.002 0.995 0.990 1.000 0.964 0.233 0.719 0.000 0.989 0.960 1.000 0.000 0.069 0.009 1.000 0.112 0.064
0.000 0.972 0.000 0.000 0.984 0.990 0.000 1.000 0.993 0.000 0.000 0.000 0.000 0.000 0.000 0.000 0.000 0.970 1.000 1.000 0.998 0.994 0.000 0.000 0.023 0.000 0.000 0.000 0.000 0.000 0.000 0.182 0.000 0.000
0.102 0.983 0.000 0.000 0.000 0.964 1.000 0.000 1.000 0.964 0.000 0.000 0.000 0.000 0.000 0.000 0.997 1.000 1.000 0.998 0.000 0.000 0.000 0.000 0.000 0.000 0.000 0.000 0.000 0.000 0.738 0.120 0.000 0.000
0.000 0.000 0.000 0.000 0.000 0.000 0.993 1.000 0.000 0.983 0.833 0.003 0.000 0.000 0.000 0.858 0.996 1.000 0.970 0.996 0.000 0.662 0.000 0.000 0.349 0.000 0.553 0.000 0.000 0.000 0.000 0.000 0.000 0.000
0.000 0.000 0.000 0.000 0.000 0.000 0.000 0.964 0.983 0.000 0.999 0.908 0.054 0.113 0.953 0.997 0.994 0.995 0.000 0.000 0.000 0.000 0.000 0.000 0.000 0.000 0.000 0.000 0.002 0.000 0.000 0.000 0.000 0.014
0.000 0.000 0.000 0.000 0.000 0.000 0.000 0.000 0.833 0.999 0.000 0.993 0.970 0.922 0.946 0.992 0.928 0.902 0.000 0.000 0.000 0.000 0.000 0.000 0.000 0.000 0.000 0.000 0.042 0.000 0.000 0.000 0.000 0.116
0.000 0.000 0.005 0.007 0.000 0.000 0.000 0.000 0.003 0.908 0.993 0.000 0.983 0.962 0.869 0.621 0.334 0.803 0.000 0.000 0.000 0.000 0.016 0.001 0.001 0.000 0.020 0.000 0.466 0.000 0.000 0.000 0.062 0.158
0.001 0.001 0.017 0.008 0.000 0.000 0.000 0.000 0.000 0.054 0.970 0.983 0.000 0.996 0.966 0.428 0.000 0.007 0.000 0.000 0.000 0.000 0.124 0.011 0.020 0.000 0.000 0.000 0.001 0.000 0.000 0.000 0.183 0.167
0.001 0.000 0.000 0.015 0.000 0.000 0.000 0.000 0.000 0.113 0.922 0.962 0.996 0.000 0.996 0.983 0.001 0.030 0.000 0.000 0.000 0.001 0.163 0.037 0.030 0.000 0.000 0.000 0.023 0.000 0.000 0.000 0.083 0.126
0.000 0.000 0.000 0.000 0.000 0.000 0.000 0.000 0.000 0.953 0.946 0.869 0.966 0.996 0.000 0.970 0.817 0.000 0.000 0.000 0.000 0.000 0.052 0.000 0.004 0.000 0.000 0.000 0.000 0.000 0.000 0.000 0.020 0.094
0.000 0.000 0.000 0.000 0.000 0.000 0.000 0.000 0.858 0.997 0.992 0.621 0.428 0.983 0.970 0.000 0.985 0.907 0.000 0.000 0.000 0.000 0.006 0.000 0.002 0.000 0.000 0.000 0.155 0.000 0.000 0.000 0.000 0.000
0.000 0.010 0.000 0.000 0.000 0.000 0.000 0.997 0.996 0.994 0.928 0.334 0.000 0.001 0.817 0.985 0.000 1.000 0.970 0.000 0.000 0.000 0.000 0.000 0.000 0.000 0.000 0.010 0.935 0.011 0.403 0.000 0.000 0.000
0.000 0.001 0.000 0.000 0.000 0.002 0.970 1.000 1.000 0.995 0.902 0.803 0.007 0.030 0.000 0.907 1.000 0.000 0.984 1.000 0.000 0.000 0.000 0.000 0.000 0.002 0.990 0.965 0.985 0.307 0.000 0.000 0.000 0.000
0.002 0.989 0.003 0.000 0.000 0.995 1.000 1.000 0.970 0.000 0.000 0.000 0.000 0.000 0.000 0.000 0.970 0.984 0.000 1.000 0.990 0.000 0.000 0.000 0.000 0.968 0.978 0.991 0.979 0.971 0.992 0.984 0.000 0.001
0.000 0.148 0.000 0.000 0.958 0.990 1.000 0.998 0.996 0.000 0.000 0.000 0.000 0.000 0.000 0.000 0.000 1.000 1.000 0.000 0.999 1.000 0.041 0.000 0.998 0.996 0.998 0.990 0.000 0.000 0.000 0.136 0.000 0.000
0.000 0.000 0.384 0.936 0.992 1.000 0.998 0.000 0.000 0.000 0.000 0.000 0.000 0.000 0.000 0.000 0.000 0.000 0.990 0.999 0.000 0.992 0.989 0.999 0.991 0.987 0.971 0.112 0.000 0.000 0.000 0.093 0.000 0.004
0.000 0.000 0.000 0.002 0.987 0.964 0.994 0.000 0.662 0.000 0.000 0.000 0.000 0.001 0.000 0.000 0.000 0.000 0.000 1.000 0.992 0.000 0.994 0.964 0.984 0.263 0.000 0.000 0.000 0.000 0.000 0.000 0.000 0.000
0.000 0.000 0.000 0.781 0.998 0.233 0.000 0.000 0.000 0.000 0.000 0.016 0.124 0.163 0.052 0.006 0.000 0.000 0.000 0.041 0.989 0.994 0.000 0.992 0.989 0.093 0.000 0.000 0.000 0.000 0.000 0.000 0.000 0.000
0.000 0.000 0.000 0.024 0.375 0.719 0.000 0.000 0.000 0.000 0.000 0.001 0.011 0.037 0.000 0.000 0.000 0.000 0.000 0.000 0.999 0.964 0.992 0.000 0.993 0.998 0.000 0.000 0.000 0.000 0.000 0.000 0.000 0.000
0.000 0.000 0.000 0.000 0.000 0.000 0.023 0.000 0.349 0.000 0.000 0.001 0.020 0.030 0.004 0.002 0.000 0.000 0.000 0.998 0.991 0.984 0.989 0.993 0.000 0.989 0.993 0.000 0.000 0.000 0.000 0.000 0.000 0.000
0.000 0.000 0.000 0.000 0.000 0.989 0.000 0.000 0.000 0.000 0.000 0.000 0.000 0.000 0.000 0.000 0.000 0.002 0.968 0.996 0.987 0.263 0.093 0.998 0.989 0.000 0.998 1.000 0.004 0.000 0.000 0.001 0.000 0.000
0.000 0.000 0.000 0.000 0.000 0.960 0.000 0.000 0.553 0.000 0.000 0.020 0.000 0.000 0.000 0.000 0.000 0.990 0.978 0.998 0.971 0.000 0.000 0.000 0.993 0.998 0.000 1.000 0.999 0.000 0.000 0.000 0.000 0.000
0.000 0.000 0.000 0.000 0.000 1.000 0.000 0.000 0.000 0.000 0.000 0.000 0.000 0.000 0.000 0.000 0.010 0.965 0.991 0.990 0.112 0.000 0.000 0.000 0.000 1.000 1.000 0.000 1.000 1.000 0.883 0.961 0.016 0.000
0.000 0.000 0.000 0.000 0.000 0.000 0.000 0.000 0.000 0.002 0.042 0.466 0.001 0.023 0.000 0.155 0.935 0.985 0.979 0.000 0.000 0.000 0.000 0.000 0.000 0.004 0.999 1.000 0.000 0.999 0.944 0.009 0.001 0.000
0.000 0.000 0.000 0.000 0.000 0.069 0.000 0.000 0.000 0.000 0.000 0.000 0.000 0.000 0.000 0.000 0.011 0.307 0.971 0.000 0.000 0.000 0.000 0.000 0.000 0.000 0.000 1.000 0.999 0.000 0.989 0.985 0.416 0.000
0.769 0.992 0.337 0.000 0.000 0.009 0.000 0.738 0.000 0.000 0.000 0.000 0.000 0.000 0.000 0.000 0.403 0.000 0.992 0.000 0.000 0.000 0.000 0.000 0.000 0.000 0.000 0.883 0.944 0.989 0.000 1.000 0.991 0.188
0.266 1.000 1.000 0.000 0.000 1.000 0.182 0.120 0.000 0.000 0.000 0.000 0.000 0.000 0.000 0.000 0.000 0.000 0.984 0.136 0.093 0.000 0.000 0.000 0.000 0.001 0.000 0.961 0.009 0.985 1.000 0.000 0.995 0.983
0.249 0.465 0.985 0.005 0.000 0.112 0.000 0.000 0.000 0.000 0.000 0.062 0.183 0.083 0.020 0.000 0.000 0.000 0.000 0.000 0.000 0.000 0.000 0.000 0.000 0.000 0.000 0.016 0.001 0.416 0.991 0.995 0.000 0.999
0.690 0.748 0.998 0.905 0.001 0.064 0.000 0.000 0.000 0.014 0.116 0.158 0.167 0.126 0.094 0.000 0.000 0.000 0.001 0.000 0.004 0.000 0.000 0.000 0.000 0.000 0.000 0.000 0.000 0.000 0.188 0.983 0.999 0.000
