0.000 0.987 0.915 0.005 0.000 0.000 0.000 0.014 0.000 0.000 0.000 0.000 0.000 0.000 0.000 0.000 0.000 0.000 0.001 0.000 0.000 0.000 0.000 0.000 0.000 0.000 0.000 0.000 0.000 0.000 0.775 0.569 0.603 0.793
0.987 0.000 0.992 0.910 0.003 0.963 0.860 0.917 0.000 0.000 0.000 0.000 0.000 0.000 0.000 0.000 0.002 0.000 0.925 0.122 0.000 0.000 0.000 0.000 0.000 0.000 0.000 0.000 0.000 0.000 0.970 0.999 0.648 0.806
0.915 0.992 0.000 0.992 0.891 0.999 0.000 0.000 0.000 0.000 0.000 0.000 0.000 0.000 0.000 0.000 0.000 0.000 0.002 0.000 0.227 0.000 0.000 0.000 0.000 0.000 0.000 0.000 0.000 0.000 0.263 0.984 0.934 0.989
0.005 0.910 0.992 0.000 0.989 0.993 0.000 0.000 0.000 0.000 0.000 0.000 0.000 0.000 0.000 0.000 0.000 0.000 0.000 0.000 0.860 0.001 0.132 0.000 0.000 0.000 0.000 0.000 0.000 0.000 0.000 0.000 0.003 0.895
0.000 0.003 0.891 0.989 0.000 0.986 0.810 0.000 0.000 0.000 0.000 0.000 0.000 0.000 0.000 0.000 0.000 0.000 0.000 0.812 0.983 0.876 0.869 0.107 0.000 0.000 0.000 0.000 0.000 0.000 0.000 0.000 0.000 0.001
0.000 0.963 0.999 0.993 0.986 0.000 0.977 0.825 0.000 0.000 0.000 0.000 0.000 0.000 0.000 0.000 0.000 0.002 0.973 0.978 0.995 0.700 0.040 0.018 0.000 0.974 0.937 0.980 0.000 0.004 0.000 0.969 0.061 0.048
0.000 0.860 0.000 0.000 0.810 0.977 0.000 0.990 0.987 0.000 0.000 0.000 0.000 0.000 0.000 0.000 0.000 0.851 0.977 0.998 0.886 0.727 0.000 0.000 0.000 0.000 0.000 0.000 0.000 0.000 0.000 0.144 0.000 0.000
0.014 0.917 0.000 0.000 0.000 0.825 0.990 0.000 0.998 0.985 0.000 0.000 0.000 0.000 0.000 0.000 0.980 0.992 0.996 0.922 0.000 0.000 0.000 0.000 0.000 0.000 0.000 0.000 0.000 0.000 0.693 0.084 0.000 0.000
0.000 0.000 0.000 0.000 0.000 0.000 0.987 0.998 0.000 1.000 0.908 0.000 0.000 0.000 0.001 0.891 0.965 1.000 0.980 0.998 0.000 0.146 0.000 0.000 0.013 0.000 0.454 0.000 0.000 0.000 0.000 0.000 0.000 0.000
0.000 0.000 0.000 0.000 0.000 0.000 0.000 0.985 1.000 0.000 0.992 0.942 0.122 0.230 0.965 0.977 0.990 1.000 0.000 0.000 0.000 0.000 0.000 0.000 0.000 0.000 0.000 0.000 0.022 0.000 0.000 0.000 0.000 0.000
0.000 0.000 0.000 0.000 0.000 0.000 0.000 0.000 0.908 0.992 0.000 0.995 0.964 0.950 0.982 0.987 0.954 0.982 0.000 0.000 0.000 0.000 0.000 0.000 0.000 0.000 0.000 0.000 0.272 0.000 0.000 0.000 0.000 0.000
0.000 0.000 0.000 0.000 0.000 0.000 0.000 0.000 0.000 0.942 0.995 0.000 0.994 0.969 0.938 0.146 0.000 0.792 0.000 0.000 0.000 0.000 0.000 0.000 0.000 0.000 0.000 0.000 0.068 0.000 0.000 0.000 0.000 0.000
0.000 0.000 0.000 0.000 0.000 0.000 0.000 0.000 0.000 0.122 0.964 0.994 0.000 0.999 0.974 0.021 0.000 0.000 0.000 0.000 0.000 0.000 0.000 0.000 0.000 0.000 0.000 0.000 0.001 0.000 0.000 0.000 0.000 0.000
0.000 0.000 0.000 0.000 0.000 0.000 0.000 0.000 0.000 0.230 0.950 0.969 0.999 0.000 0.991 0.988 0.002 0.022 0.000 0.000 0.000 0.000 0.000 0.000 0.001 0.000 0.000 0.000 0.186 0.000 0.000 0.000 0.000 0.000
0.000 0.000 0.000 0.000 0.000 0.000 0.000 0.000 0.001 0.965 0.982 0.938 0.974 0.991 0.000 1.000 0.964 0.000 0.000 0.000 0.000 0.000 0.000 0.000 0.000 0.000 0.000 0.000 0.002 0.000 0.000 0.000 0.000 0.000
0.000 0.000 0.000 0.000 0.000 0.000 0.000 0.000 0.891 0.977 0.987 0.146 0.021 0.988 1.000 0.000 0.987 0.977 0.000 0.000 0.000 0.000 0.000 0.000 0.000 0.000 0.000 0.000 0.585 0.000 0.000 0.000 0.000 0.000
0.000 0.002 0.000 0.000 0.000 0.000 0.000 0.980 0.965 0.990 0.954 0.000 0.000 0.002 0.964 0.987 0.000 0.997 0.969 0.000 0.000 0.000 0.000 0.000 0.000 0.000 0.000 0.029 0.965 0.018 0.423 0.000 0.000 0.000
0.000 0.000 0.000 0.000 0.000 0.002 0.851 0.992 1.000 1.000 0.982 0.792 0.000 0.022 0.000 0.977 0.997 0.000 0.994 0.980 0.000 0.000 0.000 0.000 0.000 0.003 0.964 0.948 0.995 0.304 0.001 0.000 0.000 0.000
0.001 0.925 0.002 0.000 0.000 0.973 0.977 0.996 0.980 0.000 0.000 0.000 0.000 0.000 0.000 0.000 0.969 0.994 0.000 0.982 0.811 0.000 0.000 0.000 0.000 0.833 0.966 0.998 0.966 0.959 0.989 0.950 0.000 0.000
0.000 0.122 0.000 0.000 0.812 0.978 0.998 0.922 0.998 0.000 0.000 0.000 0.000 0.000 0.000 0.000 0.000 0.980 0.982 0.000 0.993 0.971 0.030 0.004 0.969 0.990 1.000 0.938 0.000 0.000 0.000 0.135 0.000 0.000
0.000 0.000 0.227 0.860 0.983 0.995 0.886 0.000 0.000 0.000 0.000 0.000 0.000 0.000 0.000 0.000 0.000 0.000 0.811 0.993 0.000 0.993 1.000 0.990 0.999 1.000 0.940 0.052 0.000 0.000 0.000 0.019 0.000 0.002
0.000 0.000 0.000 0.001 0.876 0.700 0.727 0.000 0.146 0.000 0.000 0.000 0.000 0.000 0.000 0.000 0.000 0.000 0.000 0.971 0.993 0.000 0.958 0.952 0.996 0.820 0.000 0.000 0.000 0.000 0.000 0.000 0.000 0.000
0.000 0.000 0.000 0.132 0.869 0.040 0.000 0.000 0.000 0.000 0.000 0.000 0.000 0.000 0.000 0.000 0.000 0.000 0.000 0.030 1.000 0.958 0.000 0.998 0.951 0.380 0.000 0.000 0.000 0.000 0.000 0.000 0.000 0.000
0.000 0.000 0.000 0.000 0.107 0.018 0.000 0.000 0.000 0.000 0.000 0.000 0.000 0.000 0.000 0.000 0.000 0.000 0.000 0.004 0.990 0.952 0.998 0.000 0.976 0.995 0.000 0.000 0.000 0.000 0.000 0.000 0.000 0.000
0.000 0.000 0.000 0.000 0.000 0.000 0.000 0.000 0.013 0.000 0.000 0.000 0.000 0.001 0.000 0.000 0.000 0.000 0.000 0.969 0.999 0.996 0.951 0.976 0.000 0.998 0.963 0.000 0.000 0.000 0.000 0.000 0.000 0.000
0.000 0.000 0.000 0.000 0.000 0.974 0.000 0.000 0.000 0.000 0.000 0.000 0.000 0.000 0.000 0.000 0.000 0.003 0.833 0.990 1.000 0.820 0.380 0.995 0.998 0.000 0.991 0.907 0.000 0.000 0.000 0.000 0.000 0.000
0.000 0.000 0.000 0.000 0.000 0.937 0.000 0.000 0.454 0.000 0.000 0.000 0.000 0.000 0.000 0.000 0.000 0.964 0.966 1.000 0.940 0.000 0.000 0.000 0.963 0.991 0.000 0.993 0.964 0.000 0.000 0.000 0.000 0.000
0.000 0.000 0.000 0.000 0.000 0.980 0.000 0.000 0.000 0.000 0.000 0.000 0.000 0.000 0.000 0.000 0.029 0.948 0.998 0.938 0.052 0.000 0.000 0.000 0.000 0.907 0.993 0.000 0.984 0.945 0.814 0.978 0.012 0.000
0.000 0.000 0.000 0.000 0.000 0.000 0.000 0.000 0.000 0.022 0.272 0.068 0.001 0.186 0.002 0.585 0.965 0.995 0.966 0.000 0.000 0.000 0.000 0.000 0.000 0.000 0.964 0.984 0.000 0.990 0.864 0.019 0.000 0.000
0.000 0.000 0.000 0.000 0.000 0.004 0.000 0.000 0.000 0.000 0.000 0.000 0.000 0.000 0.000 0.000 0.018 0.304 0.959 0.000 0.000 0.000 0.000 0.000 0.000 0.000 0.000 0.945 0.990 0.000 0.999 0.965 0.426 0.000
0.775 0.970 0.263 0.000 0.000 0.000 0.000 0.693 0.000 0.000 0.000 0.000 0.000 0.000 0.000 0.000 0.423 0.001 0.989 0.000 0.000 0.000 0.000 0.000 0.000 0.000 0.000 0.814 0.864 0.999 0.000 0.995 0.969 0.084
0.569 0.999 0.984 0.000 0.000 0.969 0.144 0.084 0.000 0.000 0.000 0.000 0.000 0.000 0.000 0.000 0.000 0.000 0.950 0.135 0.019 0.000 0.000 0.000 0.000 0.000 0.000 0.978 0.019 0.965 0.995 0.000 0.989 0.910
0.603 0.648 0.934 0.003 0.000 0.061 0.000 0.000 0.000 0.000 0.000 0.000 0.000 0.000 0.000 0.000 0.000 0.000 0.000 0.000 0.000 0.000 0.000 0.000 0.000 0.000 0.000 0.012 0.000 0.426 0.969 0.989 0.000 0.999
0.793 0.806 0.989 0.895 0.001 0.048 0.000 0.000 0.000 0.000 0.000 0.000 0.000 0.000 0.000 0.000 0.000 0.000 0.000 0.000 0.002 0.000 0.000 0.000 0.000 0.000 0.000 0.000 0.000 0.000 0.084 0.910 0.999 0.000
