0.000 0.978 0.913 0.003 0.000 0.000 0.000 0.000 0.000 0.000 0.000 0.000 0.000 0.000 0.000 0.000 0.000 0.000 0.000 0.000 0.000 0.000 0.000 0.000 0.000 0.000 0.000 0.001 0.000 0.358 0.650 0.789 0.981
0.978 0.000 1.000 0.960 0.002 0.923 0.917 0.000 0.006 0.000 0.000 0.000 0.000 0.000 0.000 0.355 0.000 0.682 0.000 0.000 0.000 0.000 0.000 0.000 0.000 0.000 0.003 0.000 0.000 0.840 0.928 0.867 0.949
0.913 1.000 0.000 0.999 0.989 0.989 0.100 0.000 0.000 0.000 0.000 0.028 0.011 0.000 0.000 0.000 0.000 0.044 0.000 0.724 0.000 0.001 0.001 0.000 0.000 0.000 0.000 0.000 0.000 0.038 0.981 0.963 0.981
0.003 0.960 0.999 0.000 0.992 0.982 0.001 0.000 0.000 0.000 0.004 0.059 0.039 0.000 0.001 0.000 0.000 0.000 0.000 0.949 0.004 0.933 0.227 0.000 0.000 0.000 0.000 0.000 0.000 0.000 0.000 0.006 0.931
0.000 0.002 0.989 0.992 0.000 1.000 0.999 0.413 0.000 0.000 0.000 0.000 0.000 0.000 0.000 0.000 0.000 0.000 0.924 0.999 0.983 0.996 0.838 0.000 0.000 0.000 0.000 0.000 0.000 0.000 0.000 0.000 0.000
0.000 0.923 0.989 0.982 1.000 0.000 1.000 0.966 0.000 0.000 0.000 0.000 0.000 0.000 0.000 0.000 0.700 1.000 1.000 1.000 0.959 0.309 0.727 0.000 0.997 0.993 1.000 0.000 0.004 0.010 0.999 0.053 0.001
0.000 0.917 0.100 0.001 0.999 1.000 0.000 0.990 0.987 0.003 0.000 0.000 0.000 0.000 0.034 0.997 0.980 0.998 0.981 0.962 0.705 0.000 0.000 0.000 0.000 0.000 0.071 0.000 0.002 0.373 0.848 0.000 0.000
0.000 0.000 0.000 0.000 0.413 0.966 0.990 0.000 0.997 0.951 0.137 0.000 0.000 0.000 0.937 0.997 1.000 0.980 0.999 0.748 0.905 0.018 0.000 0.617 0.000 0.016 0.000 0.000 0.000 0.000 0.000 0.000 0.000
0.000 0.006 0.000 0.000 0.000 0.000 0.987 0.997 0.000 0.999 0.976 0.115 0.280 0.957 0.997 1.000 0.989 0.000 0.000 0.000 0.090 0.000 0.000 0.000 0.000 0.000 0.000 0.000 0.000 0.004 0.000 0.003 0.000
0.000 0.000 0.000 0.000 0.000 0.000 0.003 0.951 0.999 0.000 0.999 0.912 0.929 0.988 0.999 0.981 0.883 0.000 0.000 0.000 0.000 0.000 0.000 0.000 0.000 0.000 0.000 0.003 0.000 0.000 0.000 0.001 0.000
0.000 0.000 0.000 0.004 0.000 0.000 0.000 0.137 0.976 0.999 0.000 0.991 0.991 0.982 0.139 0.000 0.450 0.000 0.000 0.000 0.000 0.000 0.003 0.000 0.000 0.000 0.000 0.018 0.013 0.000 0.000 0.012 0.000
0.000 0.000 0.028 0.059 0.000 0.000 0.000 0.000 0.115 0.912 0.991 0.000 0.992 0.957 0.027 0.000 0.000 0.000 0.000 0.000 0.000 0.042 0.088 0.013 0.009 0.000 0.002 0.046 0.021 0.000 0.001 0.025 0.026
0.000 0.000 0.011 0.039 0.000 0.000 0.000 0.000 0.280 0.929 0.991 0.992 0.000 0.990 0.990 0.023 0.054 0.000 0.000 0.000 0.000 0.027 0.057 0.021 0.001 0.000 0.000 0.026 0.003 0.000 0.000 0.012 0.031
0.000 0.000 0.000 0.000 0.000 0.000 0.000 0.000 0.957 0.988 0.982 0.957 0.990 0.000 1.000 0.953 0.000 0.000 0.000 0.000 0.000 0.000 0.002 0.010 0.000 0.000 0.000 0.002 0.000 0.000 0.000 0.003 0.018
0.000 0.000 0.000 0.001 0.000 0.000 0.034 0.937 0.997 0.999 0.139 0.027 0.990 1.000 0.000 0.993 0.952 0.000 0.000 0.000 0.000 0.000 0.000 0.007 0.000 0.000 0.000 0.006 0.000 0.000 0.000 0.000 0.003
0.000 0.355 0.000 0.000 0.000 0.000 0.997 0.997 1.000 0.981 0.000 0.000 0.023 0.953 0.993 0.000 0.999 0.989 0.014 0.000 0.000 0.000 0.000 0.000 0.000 0.000 0.000 0.008 0.000 0.523 0.018 0.000 0.000
0.000 0.000 0.000 0.000 0.000 0.700 0.980 1.000 0.989 0.883 0.450 0.000 0.054 0.000 0.952 0.999 0.000 1.000 1.000 0.000 0.000 0.000 0.000 0.001 0.007 0.718 0.274 0.216 0.000 0.014 0.001 0.000 0.000
0.000 0.682 0.044 0.000 0.000 1.000 0.998 0.980 0.000 0.000 0.000 0.000 0.000 0.000 0.000 0.989 1.000 0.000 1.000 0.999 0.000 0.000 0.000 0.000 0.995 1.000 1.000 0.949 0.917 0.998 0.983 0.001 0.000
0.000 0.000 0.000 0.000 0.924 1.000 0.981 0.999 0.000 0.000 0.000 0.000 0.000 0.000 0.000 0.014 1.000 1.000 0.000 1.000 0.986 0.068 0.001 0.994 1.000 1.000 0.998 0.001 0.000 0.000 0.041 0.000 0.000
0.000 0.000 0.724 0.949 0.999 1.000 0.962 0.748 0.000 0.000 0.000 0.000 0.000 0.000 0.000 0.000 0.000 0.999 1.000 0.000 1.000 0.999 0.978 0.992 1.000 0.999 0.049 0.000 0.000 0.000 0.141 0.000 0.000
0.000 0.000 0.000 0.004 0.983 0.959 0.705 0.905 0.090 0.000 0.000 0.000 0.000 0.000 0.000 0.000 0.000 0.000 0.986 1.000 0.000 0.998 0.967 0.995 0.364 0.000 0.000 0.000 0.000 0.000 0.000 0.000 0.000
0.000 0.000 0.001 0.933 0.996 0.309 0.000 0.018 0.000 0.000 0.000 0.042 0.027 0.000 0.000 0.000 0.000 0.000 0.068 0.999 0.998 0.000 1.000 0.986 0.110 0.000 0.000 0.002 0.000 0.000 0.000 0.000 0.000
0.000 0.000 0.001 0.227 0.838 0.727 0.000 0.000 0.000 0.000 0.003 0.088 0.057 0.002 0.000 0.000 0.000 0.000 0.001 0.978 0.967 1.000 0.000 0.995 0.995 0.016 0.000 0.000 0.000 0.000 0.000 0.000 0.000
0.000 0.000 0.000 0.000 0.000 0.000 0.000 0.617 0.000 0.000 0.000 0.013 0.021 0.010 0.007 0.000 0.001 0.000 0.994 0.992 0.995 0.986 0.995 0.000 0.999 0.978 0.000 0.000 0.002 0.000 0.000 0.000 0.000
0.000 0.000 0.000 0.000 0.000 0.997 0.000 0.000 0.000 0.000 0.000 0.009 0.001 0.000 0.000 0.000 0.007 0.995 1.000 1.000 0.364 0.110 0.995 0.999 0.000 1.000 1.000 0.010 0.000 0.000 0.000 0.000 0.000
0.000 0.000 0.000 0.000 0.000 0.993 0.000 0.016 0.000 0.000 0.000 0.000 0.000 0.000 0.000 0.000 0.718 1.000 1.000 0.999 0.000 0.000 0.016 0.978 1.000 0.000 1.000 0.996 0.000 0.000 0.000 0.000 0.000
0.000 0.003 0.000 0.000 0.000 1.000 0.071 0.000 0.000 0.000 0.000 0.002 0.000 0.000 0.000 0.000 0.274 1.000 0.998 0.049 0.000 0.000 0.000 0.000 1.000 1.000 0.000 0.998 0.990 0.914 0.954 0.010 0.000
0.001 0.000 0.000 0.000 0.000 0.000 0.000 0.000 0.000 0.003 0.018 0.046 0.026 0.002 0.006 0.008 0.216 0.949 0.001 0.000 0.000 0.002 0.000 0.000 0.010 0.996 0.998 0.000 0.997 0.930 0.010 0.000 0.000
0.000 0.000 0.000 0.000 0.000 0.004 0.002 0.000 0.000 0.000 0.013 0.021 0.003 0.000 0.000 0.000 0.000 0.917 0.000 0.000 0.000 0.000 0.000 0.002 0.000 0.000 0.990 0.997 0.000 0.997 0.966 0.233 0.000
0.358 0.840 0.038 0.000 0.000 0.010 0.373 0.000 0.004 0.000 0.000 0.000 0.000 0.000 0.000 0.523 0.014 0.998 0.000 0.000 0.000 0.000 0.000 0.000 0.000 0.000 0.914 0.930 0.997 0.000 0.998 0.964 0.024
0.650 0.928 0.981 0.000 0.000 0.999 0.848 0.000 0.000 0.000 0.000 0.001 0.000 0.000 0.000 0.018 0.001 0.983 0.041 0.141 0.000 0.000 0.000 0.000 0.000 0.000 0.954 0.010 0.966 0.998 0.000 0.984 0.853
0.789 0.867 0.963 0.006 0.000 0.053 0.000 0.000 0.003 0.001 0.012 0.025 0.012 0.003 0.000 0.000 0.000 0.001 0.000 0.000 0.000 0.000 0.000 0.000 0.000 0.000 0.010 0.000 0.233 0.964 0.984 0.000 0.998
0.981 0.949 0.981 0.931 0.000 0.001 0.000 0.000 0.000 0.000 0.000 0.026 0.031 0.018 0.003 0.000 0.000 0.000 0.000 0.000 0.000 0.000 0.000 0.000 0.000 0.000 0.000 0.000 0.000 0.024 0.853 0.998 0.000
