0.000 0.956 0.919 0.001 0.000 0.000 0.000 0.000 0.000 0.000 0.000 0.000 0.000 0.000 0.000 0.000 0.000 0.000 0.000 0.000 0.000 0.000 0.000 0.000 0.000 0.000 0.000 0.000 0.000 0.281 0.723 0.919 0.989
0.956 0.000 0.997 0.918 0.011 0.983 0.998 0.000 0.000 0.000 0.000 0.000 0.000 0.000 0.000 0.205 0.000 0.637 0.000 0.000 0.000 0.000 0.000 0.000 0.000 0.000 0.000 0.000 0.000 0.775 0.988 0.895 0.847
0.919 0.997 0.000 0.982 0.941 0.999 0.080 0.000 0.000 0.000 0.000 0.000 0.000 0.000 0.000 0.000 0.000 0.077 0.000 0.681 0.000 0.002 0.000 0.000 0.000 0.000 0.000 0.000 0.000 0.011 0.950 0.934 0.920
0.001 0.918 0.982 0.000 0.996 0.993 0.000 0.000 0.000 0.000 0.000 0.000 0.000 0.000 0.000 0.000 0.000 0.000 0.000 0.955 0.007 0.887 0.135 0.000 0.000 0.000 0.000 0.000 0.000 0.000 0.000 0.001 0.780
0.000 0.011 0.941 0.996 0.000 0.985 0.944 0.442 0.000 0.000 0.000 0.000 0.000 0.000 0.000 0.000 0.000 0.000 0.903 0.984 0.987 0.952 0.696 0.000 0.000 0.000 0.000 0.000 0.000 0.000 0.000 0.000 0.000
0.000 0.983 0.999 0.993 0.985 0.000 0.999 0.970 0.000 0.000 0.000 0.000 0.000 0.000 0.000 0.000 0.530 0.965 1.000 0.987 0.909 0.247 0.567 0.000 0.867 0.934 0.955 0.000 0.020 0.006 0.970 0.027 0.001
0.000 0.998 0.080 0.000 0.944 0.999 0.000 0.999 0.995 0.001 0.000 0.000 0.000 0.000 0.015 0.996 0.947 0.974 0.968 0.813 0.591 0.000 0.000 0.000 0.000 0.000 0.043 0.000 0.001 0.456 0.812 0.000 0.000
0.000 0.000 0.000 0.000 0.442 0.970 0.999 0.000 1.000 0.981 0.381 0.003 0.000 0.000 0.936 0.967 0.995 0.896 1.000 0.719 0.912 0.005 0.000 0.263 0.000 0.003 0.000 0.000 0.000 0.000 0.000 0.000 0.000
0.000 0.000 0.000 0.000 0.000 0.000 0.995 1.000 0.000 0.986 0.978 0.091 0.214 0.988 0.958 0.983 0.977 0.000 0.004 0.000 0.076 0.000 0.000 0.000 0.000 0.000 0.000 0.000 0.000 0.000 0.000 0.000 0.000
0.000 0.000 0.000 0.000 0.000 0.000 0.001 0.981 0.986 0.000 0.993 0.982 0.988 0.987 0.980 0.971 0.997 0.000 0.001 0.000 0.000 0.000 0.000 0.000 0.000 0.000 0.000 0.006 0.000 0.000 0.000 0.000 0.000
0.000 0.000 0.000 0.000 0.000 0.000 0.000 0.381 0.978 0.993 0.000 0.991 0.966 0.943 0.078 0.000 0.765 0.000 0.000 0.000 0.000 0.000 0.000 0.000 0.000 0.000 0.000 0.000 0.000 0.000 0.000 0.004 0.001
0.000 0.000 0.000 0.000 0.000 0.000 0.000 0.003 0.091 0.982 0.991 0.000 0.995 0.983 0.042 0.000 0.000 0.000 0.000 0.000 0.000 0.000 0.000 0.000 0.000 0.000 0.000 0.000 0.000 0.000 0.000 0.020 0.011
0.000 0.000 0.000 0.000 0.000 0.000 0.000 0.000 0.214 0.988 0.966 0.995 0.000 0.997 1.000 0.015 0.091 0.000 0.000 0.000 0.000 0.000 0.000 0.000 0.000 0.000 0.000 0.009 0.000 0.000 0.000 0.011 0.002
0.000 0.000 0.000 0.000 0.000 0.000 0.000 0.000 0.988 0.987 0.943 0.983 0.997 0.000 0.988 0.972 0.000 0.000 0.000 0.000 0.000 0.000 0.000 0.000 0.000 0.000 0.000 0.000 0.000 0.000 0.000 0.000 0.000
0.000 0.000 0.000 0.000 0.000 0.000 0.015 0.936 0.958 0.980 0.078 0.042 1.000 0.988 0.000 0.999 0.999 0.000 0.000 0.000 0.000 0.000 0.000 0.000 0.000 0.000 0.000 0.013 0.000 0.000 0.000 0.000 0.000
0.000 0.205 0.000 0.000 0.000 0.000 0.996 0.967 0.983 0.971 0.000 0.000 0.015 0.972 0.999 0.000 1.000 0.991 0.041 0.000 0.000 0.000 0.000 0.000 0.000 0.000 0.000 0.019 0.000 0.401 0.009 0.000 0.000
0.000 0.000 0.000 0.000 0.000 0.530 0.947 0.995 0.977 0.997 0.765 0.000 0.091 0.000 0.999 1.000 0.000 1.000 0.997 0.000 0.000 0.000 0.000 0.000 0.000 0.860 0.165 0.097 0.001 0.009 0.002 0.000 0.000
0.000 0.637 0.077 0.000 0.000 0.965 0.974 0.896 0.000 0.000 0.000 0.000 0.000 0.000 0.000 0.991 1.000 0.000 0.971 0.748 0.000 0.000 0.000 0.000 0.710 0.908 0.998 0.869 0.977 0.997 0.987 0.025 0.000
0.000 0.000 0.000 0.000 0.903 1.000 0.968 1.000 0.004 0.001 0.000 0.000 0.000 0.000 0.000 0.041 0.997 0.971 0.000 0.999 0.983 0.079 0.000 1.000 0.995 0.976 0.917 0.000 0.000 0.000 0.062 0.000 0.000
0.000 0.000 0.681 0.955 0.984 0.987 0.813 0.719 0.000 0.000 0.000 0.000 0.000 0.000 0.000 0.000 0.000 0.748 0.999 0.000 1.000 1.000 0.991 0.973 0.956 0.835 0.078 0.000 0.000 0.000 0.099 0.000 0.000
0.000 0.000 0.000 0.007 0.987 0.909 0.591 0.912 0.076 0.000 0.000 0.000 0.000 0.000 0.000 0.000 0.000 0.000 0.983 1.000 0.000 1.000 0.970 0.938 0.266 0.000 0.000 0.000 0.000 0.000 0.000 0.000 0.000
0.000 0.000 0.002 0.887 0.952 0.247 0.000 0.005 0.000 0.000 0.000 0.000 0.000 0.000 0.000 0.000 0.000 0.000 0.079 1.000 1.000 0.000 0.999 0.978 0.106 0.000 0.000 0.000 0.000 0.000 0.000 0.000 0.000
0.000 0.000 0.000 0.135 0.696 0.567 0.000 0.000 0.000 0.000 0.000 0.000 0.000 0.000 0.000 0.000 0.000 0.000 0.000 0.991 0.970 0.999 0.000 1.000 0.986 0.019 0.000 0.000 0.000 0.000 0.000 0.000 0.000
0.000 0.000 0.000 0.000 0.000 0.000 0.000 0.263 0.000 0.000 0.000 0.000 0.000 0.000 0.000 0.000 0.000 0.000 1.000 0.973 0.938 0.978 1.000 0.000 0.999 0.873 0.000 0.000 0.000 0.000 0.000 0.000 0.000
0.000 0.000 0.000 0.000 0.000 0.867 0.000 0.000 0.000 0.000 0.000 0.000 0.000 0.000 0.000 0.000 0.000 0.710 0.995 0.956 0.266 0.106 0.986 0.999 0.000 0.977 0.796 0.001 0.000 0.000 0.000 0.000 0.000
0.000 0.000 0.000 0.000 0.000 0.934 0.000 0.003 0.000 0.000 0.000 0.000 0.000 0.000 0.000 0.000 0.860 0.908 0.976 0.835 0.000 0.000 0.019 0.873 0.977 0.000 0.983 0.936 0.000 0.000 0.000 0.000 0.000
0.000 0.000 0.000 0.000 0.000 0.955 0.043 0.000 0.000 0.000 0.000 0.000 0.000 0.000 0.000 0.000 0.165 0.998 0.917 0.078 0.000 0.000 0.000 0.000 0.796 0.983 0.000 0.999 1.000 0.918 0.941 0.005 0.000
0.000 0.000 0.000 0.000 0.000 0.000 0.000 0.000 0.000 0.006 0.000 0.000 0.009 0.000 0.013 0.019 0.097 0.869 0.000 0.000 0.000 0.000 0.000 0.000 0.001 0.936 0.999 0.000 0.997 0.918 0.006 0.001 0.000
0.000 0.000 0.000 0.000 0.000 0.020 0.001 0.000 0.000 0.000 0.000 0.000 0.000 0.000 0.000 0.000 0.001 0.977 0.000 0.000 0.000 0.000 0.000 0.000 0.000 0.000 1.000 0.997 0.000 0.991 0.964 0.249 0.000
0.281 0.775 0.011 0.000 0.000 0.006 0.456 0.000 0.000 0.000 0.000 0.000 0.000 0.000 0.000 0.401 0.009 0.997 0.000 0.000 0.000 0.000 0.000 0.000 0.000 0.000 0.918 0.918 0.991 0.000 1.000 0.908 0.011
0.723 0.988 0.950 0.000 0.000 0.970 0.812 0.000 0.000 0.000 0.000 0.000 0.000 0.000 0.000 0.009 0.002 0.987 0.062 0.099 0.000 0.000 0.000 0.000 0.000 0.000 0.941 0.006 0.964 1.000 0.000 0.950 0.719
0.919 0.895 0.934 0.001 0.000 0.027 0.000 0.000 0.000 0.000 0.004 0.020 0.011 0.000 0.000 0.000 0.000 0.025 0.000 0.000 0.000 0.000 0.000 0.000 0.000 0.000 0.005 0.001 0.249 0.908 0.950 0.000 0.988
0.989 0.847 0.920 0.780 0.000 0.001 0.000 0.000 0.000 0.000 0.001 0.011 0.002 0.000 0.000 0.000 0.000 0.000 0.000 0.000 0.000 0.000 0.000 0.000 0.000 0.000 0.000 0.000 0.000 0.011 0.719 0.988 0.000
