0.000 0.999 0.967 0.005 0.000 0.000 0.000 0.063 0.000 0.000 0.000 0.000 0.000 0.000 0.000 0.000 0.000 0.000 0.015 0.000 0.000 0.000 0.000 0.000 0.000 0.000 0.000 0.000 0.000 0.000 0.564 0.437 0.329 0.730
0.999 0.000 1.000 0.979 0.003 0.997 0.975 0.970 0.000 0.000 0.000 0.000 0.000 0.000 0.000 0.000 0.000 0.000 0.995 0.202 0.000 0.006 0.000 0.000 0.000 0.000 0.000 0.001 0.000 0.000 0.910 0.966 0.389 0.749
0.967 1.000 0.000 0.997 0.974 0.999 0.002 0.002 0.000 0.000 0.000 0.000 0.000 0.000 0.000 0.000 0.000 0.000 0.022 0.000 0.235 0.000 0.057 0.000 0.000 0.000 0.000 0.000 0.000 0.000 0.206 0.970 0.856 0.955
0.005 0.979 0.997 0.000 0.990 0.989 0.000 0.000 0.000 0.000 0.000 0.000 0.000 0.000 0.000 0.000 0.000 0.000 0.000 0.000 0.785 0.022 0.450 0.002 0.000 0.000 0.000 0.000 0.000 0.000 0.000 0.000 0.002 0.738
0.000 0.003 0.974 0.990 0.000 0.995 0.991 0.000 0.000 0.000 0.000 0.000 0.000 0.000 0.000 0.000 0.000 0.000 0.000 0.986 0.999 0.976 0.934 0.059 0.000 0.000 0.000 0.000 0.000 0.000 0.000 0.000 0.000 0.001
0.000 0.997 0.999 0.989 0.995 0.000 1.000 0.952 0.000 0.000 0.000 0.000 0.000 0.000 0.000 0.000 0.000 0.002 0.998 1.000 1.000 0.913 0.206 0.472 0.000 0.840 0.816 1.000 0.000 0.167 0.078 1.000 0.094 0.123
0.000 0.975 0.002 0.000 0.991 1.000 0.000 0.992 1.000 0.000 0.000 0.000 0.000 0.000 0.000 0.000 0.000 0.986 0.999 1.000 0.999 0.923 0.000 0.000 0.005 0.000 0.000 0.000 0.000 0.000 0.000 0.145 0.000 0.000
0.063 0.970 0.002 0.000 0.000 0.952 0.992 0.000 1.000 0.994 0.000 0.000 0.000 0.000 0.000 0.000 0.997 0.999 0.988 0.957 0.000 0.000 0.000 0.000 0.000 0.000 0.000 0.000 0.000 0.000 0.455 0.076 0.000 0.003
0.000 0.000 0.000 0.000 0.000 0.000 1.000 1.000 0.000 0.996 0.987 0.002 0.000 0.000 0.000 0.987 0.991 1.000 0.955 0.981 0.001 0.749 0.000 0.000 0.019 0.000 0.531 0.000 0.000 0.000 0.000 0.000 0.000 0.000
0.000 0.000 0.000 0.000 0.000 0.000 0.000 0.994 0.996 0.000 0.999 0.974 0.046 0.117 0.996 1.000 1.000 0.990 0.000 0.000 0.000 0.000 0.000 0.000 0.000 0.000 0.000 0.000 0.069 0.000 0.000 0.000 0.000 0.000
0.000 0.000 0.000 0.000 0.000 0.000 0.000 0.000 0.987 0.999 0.000 0.999 0.984 1.000 0.997 1.000 0.998 0.989 0.000 0.000 0.000 0.000 0.000 0.000 0.000 0.000 0.007 0.000 0.948 0.000 0.000 0.000 0.000 0.000
0.000 0.000 0.000 0.000 0.000 0.000 0.000 0.000 0.002 0.974 0.999 0.000 0.997 0.997 0.995 0.189 0.000 0.715 0.000 0.000 0.000 0.000 0.000 0.000 0.000 0.000 0.000 0.000 0.000 0.000 0.000 0.000 0.021 0.008
0.000 0.000 0.000 0.000 0.000 0.000 0.000 0.000 0.000 0.046 0.984 0.997 0.000 0.993 0.981 0.063 0.000 0.000 0.000 0.000 0.000 0.000 0.045 0.010 0.004 0.000 0.000 0.000 0.000 0.000 0.000 0.000 0.012 0.000
0.000 0.000 0.000 0.000 0.000 0.000 0.000 0.000 0.000 0.117 1.000 0.997 0.993 0.000 0.992 1.000 0.000 0.001 0.000 0.000 0.000 0.000 0.047 0.002 0.003 0.000 0.000 0.000 0.479 0.000 0.000 0.000 0.000 0.000
0.000 0.000 0.000 0.000 0.000 0.000 0.000 0.000 0.000 0.996 0.997 0.995 0.981 0.992 0.000 0.997 0.997 0.000 0.000 0.000 0.000 0.000 0.014 0.000 0.002 0.000 0.000 0.000 0.000 0.000 0.000 0.000 0.000 0.000
0.000 0.000 0.000 0.000 0.000 0.000 0.000 0.000 0.987 1.000 1.000 0.189 0.063 1.000 0.997 0.000 1.000 0.985 0.000 0.000 0.000 0.000 0.001 0.000 0.000 0.000 0.000 0.000 0.934 0.000 0.000 0.000 0.000 0.000
0.000 0.000 0.000 0.000 0.000 0.000 0.000 0.997 0.991 1.000 0.998 0.000 0.000 0.000 0.997 1.000 0.000 0.993 0.927 0.000 0.000 0.000 0.000 0.000 0.000 0.000 0.000 0.098 0.981 0.030 0.198 0.000 0.000 0.000
0.000 0.000 0.000 0.000 0.000 0.002 0.986 0.999 1.000 0.990 0.989 0.715 0.000 0.001 0.000 0.985 0.993 0.000 0.999 0.999 0.000 0.000 0.000 0.000 0.000 0.031 0.998 0.987 1.000 0.382 0.001 0.000 0.000 0.000
0.015 0.995 0.022 0.000 0.000 0.998 0.999 0.988 0.955 0.000 0.000 0.000 0.000 0.000 0.000 0.000 0.927 0.999 0.000 0.999 0.999 0.000 0.000 0.000 0.000 0.996 1.000 0.999 0.999 0.974 0.973 0.962 0.000 0.007
0.000 0.202 0.000 0.000 0.986 1.000 1.000 0.957 0.981 0.000 0.000 0.000 0.000 0.000 0.000 0.000 0.000 0.999 0.999 0.000 0.999 1.000 0.004 0.007 0.990 0.998 1.000 0.983 0.000 0.000 0.000 0.131 0.000 0.000
0.000 0.000 0.235 0.785 0.999 1.000 0.999 0.000 0.001 0.000 0.000 0.000 0.000 0.000 0.000 0.000 0.000 0.000 0.999 0.999 0.000 0.990 0.982 0.979 0.986 1.000 0.972 0.227 0.000 0.000 0.000 0.068 0.000 0.015
0.000 0.006 0.000 0.022 0.976 0.913 0.923 0.000 0.749 0.000 0.000 0.000 0.000 0.000 0.000 0.000 0.000 0.000 0.000 1.000 0.990 0.000 0.991 0.972 0.995 0.472 0.000 0.000 0.000 0.000 0.000 0.000 0.000 0.000
0.000 0.000 0.057 0.450 0.934 0.206 0.000 0.000 0.000 0.000 0.000 0.000 0.045 0.047 0.014 0.001 0.000 0.000 0.000 0.004 0.982 0.991 0.000 0.998 0.993 0.052 0.000 0.000 0.000 0.000 0.000 0.000 0.000 0.001
0.000 0.000 0.000 0.002 0.059 0.472 0.000 0.000 0.000 0.000 0.000 0.000 0.010 0.002 0.000 0.000 0.000 0.000 0.000 0.007 0.979 0.972 0.998 0.000 0.993 0.985 0.044 0.024 0.000 0.000 0.000 0.000 0.000 0.001
0.000 0.000 0.000 0.000 0.000 0.000 0.005 0.000 0.019 0.000 0.000 0.000 0.004 0.003 0.002 0.000 0.000 0.000 0.000 0.990 0.986 0.995 0.993 0.993 0.000 0.993 0.973 0.000 0.000 0.000 0.000 0.000 0.000 0.000
0.000 0.000 0.000 0.000 0.000 0.840 0.000 0.000 0.000 0.000 0.000 0.000 0.000 0.000 0.000 0.000 0.000 0.031 0.996 0.998 1.000 0.472 0.052 0.985 0.993 0.000 1.000 0.998 0.000 0.000 0.000 0.001 0.000 0.001
0.000 0.000 0.000 0.000 0.000 0.816 0.000 0.000 0.531 0.000 0.007 0.000 0.000 0.000 0.000 0.000 0.000 0.998 1.000 1.000 0.972 0.000 0.000 0.044 0.973 1.000 0.000 1.000 0.999 0.000 0.000 0.000 0.000 0.000
0.000 0.001 0.000 0.000 0.000 1.000 0.000 0.000 0.000 0.000 0.000 0.000 0.000 0.000 0.000 0.000 0.098 0.987 0.999 0.983 0.227 0.000 0.000 0.024 0.000 0.998 1.000 0.000 1.000 1.000 0.771 0.942 0.054 0.000
0.000 0.000 0.000 0.000 0.000 0.000 0.000 0.000 0.000 0.069 0.948 0.000 0.000 0.479 0.000 0.934 0.981 1.000 0.999 0.000 0.000 0.000 0.000 0.000 0.000 0.000 0.999 1.000 0.000 0.996 0.977 0.008 0.000 0.000
0.000 0.000 0.000 0.000 0.000 0.167 0.000 0.000 0.000 0.000 0.000 0.000 0.000 0.000 0.000 0.000 0.030 0.382 0.974 0.000 0.000 0.000 0.000 0.000 0.000 0.000 0.000 1.000 0.996 0.000 1.000 0.998 0.443 0.000
0.564 0.910 0.206 0.000 0.000 0.078 0.000 0.455 0.000 0.000 0.000 0.000 0.000 0.000 0.000 0.000 0.198 0.001 0.973 0.000 0.000 0.000 0.000 0.000 0.000 0.000 0.000 0.771 0.977 1.000 0.000 1.000 0.985 0.208
0.437 0.966 0.970 0.000 0.000 1.000 0.145 0.076 0.000 0.000 0.000 0.000 0.000 0.000 0.000 0.000 0.000 0.000 0.962 0.131 0.068 0.000 0.000 0.000 0.000 0.001 0.000 0.942 0.008 0.998 1.000 0.000 0.989 0.974
0.329 0.389 0.856 0.002 0.000 0.094 0.000 0.000 0.000 0.000 0.000 0.021 0.012 0.000 0.000 0.000 0.000 0.000 0.000 0.000 0.000 0.000 0.000 0.000 0.000 0.000 0.000 0.054 0.000 0.443 0.985 0.989 0.000 0.989
0.730 0.749 0.955 0.738 0.001 0.123 0.000 0.003 0.000 0.000 0.000 0.008 0.000 0.000 0.000 0.000 0.000 0.000 0.007 0.000 0.015 0.000 0.001 0.001 0.000 0.001 0.000 0.000 0.000 0.000 0.208 0.974 0.989 0.000
