0.000 0.979 0.909 0.135 0.000 0.000 0.083 0.045 0.107 0.127 0.004 0.546 0.148
0.979 0.000 0.998 0.999 0.243 0.001 0.002 0.011 0.013 0.109 0.044 0.550 0.385
0.909 0.998 0.000 1.000 0.993 0.086 0.040 0.000 0.043 0.273 0.325 0.550 0.261
0.135 0.999 1.000 0.000 0.999 0.967 0.015 0.002 0.015 0.011 0.030 0.118 0.111
0.000 0.243 0.993 0.999 0.000 0.996 0.971 0.227 0.140 0.025 0.067 0.132 0.304
0.000 0.001 0.086 0.967 0.996 0.000 0.998 0.974 0.270 0.083 0.000 0.007 0.016
0.083 0.002 0.040 0.015 0.971 0.998 0.000 0.996 0.926 0.155 0.006 0.148 0.002
0.045 0.011 0.000 0.002 0.227 0.974 0.996 0.000 0.990 0.895 0.065 0.281 0.010
0.107 0.013 0.043 0.015 0.140 0.270 0.926 0.990 0.000 0.994 0.770 0.491 0.004
0.127 0.109 0.273 0.011 0.025 0.083 0.155 0.895 0.994 0.000 0.986 0.995 0.301
0.004 0.044 0.325 0.030 0.067 0.000 0.006 0.065 0.770 0.986 0.000 0.988 0.930
0.546 0.550 0.550 0.118 0.132 0.007 0.148 0.281 0.491 0.995 0.988 0.000 0.990
0.148 0.385 0.261 0.111 0.304 0.016 0.002 0.010 0.004 0.301 0.930 0.990 0.000
