0.000 0.983 0.958 0.539 0.713 0.418 0.143 0.167 0.168 0.129 0.008 0.000 0.002 0.018 0.016 0.001 0.003 0.000 0.000 0.000 0.008 0.000 0.116 0.001 0.000 0.000 0.000 0.000 0.000 0.000 0.000 0.000 0.000 0.036 0.439 0.182 0.170
0.983 0.000 0.995 0.937 0.965 0.822 0.256 0.161 0.160 0.156 0.000 0.000 0.000 0.003 0.004 0.000 0.000 0.000 0.000 0.038 0.000 0.000 0.010 0.000 0.000 0.000 0.000 0.000 0.000 0.000 0.000 0.000 0.003 0.000 0.199 0.176 0.044
0.958 0.995 0.000 0.986 0.976 0.831 0.730 0.281 0.000 0.008 0.000 0.000 0.000 0.008 0.016 0.000 0.000 0.000 0.000 0.000 0.000 0.010 0.000 0.088 0.000 0.000 0.000 0.000 0.000 0.000 0.000 0.011 0.001 0.000 0.229 0.093 0.004
0.539 0.937 0.986 0.000 0.995 0.937 0.814 0.783 0.004 0.000 0.000 0.000 0.000 0.000 0.000 0.000 0.000 0.000 0.000 0.000 0.000 0.055 0.001 0.049 0.000 0.000 0.000 0.000 0.000 0.000 0.000 0.000 0.265 0.005 0.875 0.682 0.085
0.713 0.965 0.976 0.995 0.000 0.997 0.999 0.983 0.192 0.014 0.000 0.000 0.000 0.000 0.000 0.000 0.000 0.000 0.000 0.004 0.000 0.002 0.075 0.001 0.000 0.000 0.000 0.000 0.000 0.000 0.000 0.000 0.078 0.007 0.699 0.951 0.367
0.418 0.822 0.831 0.937 0.997 0.000 0.993 0.952 0.260 0.000 0.000 0.000 0.000 0.000 0.000 0.000 0.000 0.000 0.000 0.000 0.000 0.000 0.904 0.196 0.000 0.000 0.000 0.000 0.000 0.000 0.000 0.000 0.000 0.000 0.011 0.073 0.000
0.143 0.256 0.730 0.814 0.999 0.993 0.000 0.998 0.954 0.000 0.000 0.000 0.000 0.000 0.000 0.000 0.000 0.000 0.000 0.000 0.968 0.995 0.995 1.000 0.792 0.000 0.000 0.000 0.000 0.000 0.000 0.000 0.000 0.000 0.248 0.094 0.000
0.167 0.161 0.281 0.783 0.983 0.952 0.998 0.000 0.993 0.942 0.001 0.000 0.000 0.000 0.000 0.000 0.000 0.000 0.000 0.995 0.999 1.000 0.998 0.165 0.310 0.000 0.923 0.848 0.998 0.000 0.074 0.002 1.000 0.117 0.835 0.997 0.000
0.168 0.160 0.000 0.004 0.192 0.260 0.954 0.993 0.000 1.000 0.988 0.000 0.000 0.000 0.000 0.000 0.000 0.000 0.983 1.000 1.000 0.961 0.994 0.000 0.000 0.000 0.000 0.000 0.000 0.000 0.000 0.000 0.084 0.000 0.000 0.533 0.000
0.129 0.156 0.008 0.000 0.014 0.000 0.000 0.942 1.000 0.000 0.996 0.970 0.000 0.000 0.000 0.000 0.000 0.998 0.997 0.995 0.988 0.000 0.000 0.000 0.000 0.000 0.000 0.000 0.000 0.000 0.000 0.387 0.010 0.000 0.000 0.745 0.100
0.008 0.000 0.000 0.000 0.000 0.000 0.000 0.001 0.988 0.996 0.000 0.996 0.953 0.000 0.000 0.000 0.972 1.000 1.000 0.987 0.996 0.003 0.677 0.000 0.000 0.000 0.000 0.085 0.000 0.002 0.000 0.000 0.000 0.000 0.000 0.000 0.000
0.000 0.000 0.000 0.000 0.000 0.000 0.000 0.000 0.000 0.970 0.996 0.000 1.000 0.931 0.044 0.994 0.999 0.998 0.983 0.003 0.000 0.000 0.000 0.000 0.000 0.000 0.000 0.000 0.000 0.192 0.000 0.000 0.000 0.000 0.000 0.000 0.000
0.002 0.000 0.000 0.000 0.000 0.000 0.000 0.000 0.000 0.000 0.953 1.000 0.000 0.980 0.997 0.994 0.999 0.974 0.997 0.000 0.000 0.000 0.000 0.000 0.000 0.000 0.000 0.000 0.000 0.981 0.000 0.000 0.000 0.000 0.000 0.000 0.000
0.018 0.003 0.008 0.000 0.000 0.000 0.000 0.000 0.000 0.000 0.000 0.931 0.980 0.000 1.000 0.963 0.580 0.000 0.049 0.000 0.000 0.000 0.000 0.000 0.000 0.000 0.000 0.000 0.000 0.000 0.000 0.000 0.000 0.001 0.000 0.000 0.000
0.016 0.004 0.016 0.000 0.000 0.000 0.000 0.000 0.000 0.000 0.000 0.044 0.997 1.000 0.000 0.995 0.972 0.000 0.000 0.000 0.000 0.000 0.000 0.001 0.000 0.000 0.000 0.000 0.000 0.106 0.000 0.000 0.000 0.000 0.000 0.000 0.002
0.001 0.000 0.000 0.000 0.000 0.000 0.000 0.000 0.000 0.000 0.000 0.994 0.994 0.963 0.995 0.000 0.986 0.953 0.000 0.000 0.000 0.000 0.000 0.000 0.000 0.000 0.000 0.000 0.000 0.000 0.000 0.000 0.000 0.000 0.000 0.000 0.000
0.003 0.000 0.000 0.000 0.000 0.000 0.000 0.000 0.000 0.000 0.972 0.999 0.999 0.580 0.972 0.986 0.000 0.990 0.989 0.001 0.000 0.000 0.000 0.000 0.000 0.000 0.000 0.000 0.000 0.969 0.017 0.000 0.000 0.000 0.000 0.000 0.000
0.000 0.000 0.000 0.000 0.000 0.000 0.000 0.000 0.000 0.998 1.000 0.998 0.974 0.000 0.000 0.953 0.990 0.000 1.000 0.994 0.000 0.000 0.000 0.000 0.000 0.000 0.000 0.000 0.249 0.996 0.025 0.126 0.000 0.000 0.000 0.002 0.000
0.000 0.000 0.000 0.000 0.000 0.000 0.000 0.000 0.983 0.997 1.000 0.983 0.997 0.049 0.000 0.000 0.989 1.000 0.000 0.997 1.000 0.000 0.000 0.000 0.000 0.000 0.005 0.982 0.942 0.999 0.400 0.001 0.000 0.000 0.000 0.001 0.000
0.000 0.038 0.000 0.000 0.004 0.000 0.000 0.995 1.000 0.995 0.987 0.003 0.000 0.000 0.000 0.000 0.001 0.994 0.997 0.000 1.000 0.963 0.000 0.000 0.000 0.000 0.940 0.993 0.991 0.992 0.930 0.987 0.967 0.000 0.000 0.972 0.019
0.008 0.000 0.000 0.000 0.000 0.000 0.968 0.999 1.000 0.988 0.996 0.000 0.000 0.000 0.000 0.000 0.000 0.000 1.000 1.000 0.000 0.989 0.999 0.012 0.000 0.983 0.960 0.997 0.957 0.000 0.000 0.000 0.070 0.000 0.000 0.090 0.000
0.000 0.000 0.010 0.055 0.002 0.000 0.995 1.000 0.961 0.000 0.003 0.000 0.000 0.000 0.000 0.000 0.000 0.000 0.000 0.963 0.989 0.000 0.996 0.990 0.998 1.000 0.998 0.980 0.417 0.000 0.000 0.000 0.131 0.000 0.047 0.000 0.000
0.116 0.010 0.000 0.001 0.075 0.904 0.995 0.998 0.994 0.000 0.677 0.000 0.000 0.000 0.000 0.000 0.000 0.000 0.000 0.000 0.999 0.996 0.000 0.979 0.941 0.998 0.398 0.000 0.000 0.000 0.000 0.000 0.000 0.000 0.000 0.000 0.000
0.001 0.000 0.088 0.049 0.001 0.196 1.000 0.165 0.000 0.000 0.000 0.000 0.000 0.000 0.001 0.000 0.000 0.000 0.000 0.000 0.012 0.990 0.979 0.000 0.994 0.988 0.154 0.000 0.000 0.000 0.000 0.000 0.000 0.000 0.010 0.000 0.000
0.000 0.000 0.000 0.000 0.000 0.000 0.792 0.310 0.000 0.000 0.000 0.000 0.000 0.000 0.000 0.000 0.000 0.000 0.000 0.000 0.000 0.998 0.941 0.994 0.000 0.985 0.999 0.002 0.000 0.000 0.000 0.000 0.000 0.000 0.000 0.000 0.000
0.000 0.000 0.000 0.000 0.000 0.000 0.000 0.000 0.000 0.000 0.000 0.000 0.000 0.000 0.000 0.000 0.000 0.000 0.000 0.000 0.983 1.000 0.998 0.988 0.985 0.000 0.998 0.985 0.000 0.000 0.000 0.000 0.000 0.000 0.000 0.000 0.000
0.000 0.000 0.000 0.000 0.000 0.000 0.000 0.923 0.000 0.000 0.000 0.000 0.000 0.000 0.000 0.000 0.000 0.000 0.005 0.940 0.960 0.998 0.398 0.154 0.999 0.998 0.000 0.998 0.996 0.000 0.000 0.000 0.000 0.000 0.000 0.000 0.000
0.000 0.000 0.000 0.000 0.000 0.000 0.000 0.848 0.000 0.000 0.085 0.000 0.000 0.000 0.000 0.000 0.000 0.000 0.982 0.993 0.997 0.980 0.000 0.000 0.002 0.985 0.998 0.000 0.999 0.971 0.000 0.000 0.000 0.000 0.000 0.000 0.000
0.000 0.000 0.000 0.000 0.000 0.000 0.000 0.998 0.000 0.000 0.000 0.000 0.000 0.000 0.000 0.000 0.000 0.249 0.942 0.991 0.957 0.417 0.000 0.000 0.000 0.000 0.996 0.999 0.000 1.000 0.999 0.892 0.975 0.009 0.000 0.000 0.000
0.000 0.000 0.000 0.000 0.000 0.000 0.000 0.000 0.000 0.000 0.002 0.192 0.981 0.000 0.106 0.000 0.969 0.996 0.999 0.992 0.000 0.000 0.000 0.000 0.000 0.000 0.000 0.971 1.000 0.000 0.987 0.961 0.010 0.000 0.000 0.000 0.000
0.000 0.000 0.000 0.000 0.000 0.000 0.000 0.074 0.000 0.000 0.000 0.000 0.000 0.000 0.000 0.000 0.017 0.025 0.400 0.930 0.000 0.000 0.000 0.000 0.000 0.000 0.000 0.000 0.999 0.987 0.000 1.000 0.996 0.101 0.000 0.000 0.067
0.000 0.000 0.011 0.000 0.000 0.000 0.000 0.002 0.000 0.387 0.000 0.000 0.000 0.000 0.000 0.000 0.000 0.126 0.001 0.987 0.000 0.000 0.000 0.000 0.000 0.000 0.000 0.000 0.892 0.961 1.000 0.000 1.000 0.974 0.043 0.995 0.961
0.000 0.003 0.001 0.265 0.078 0.000 0.000 1.000 0.084 0.010 0.000 0.000 0.000 0.000 0.000 0.000 0.000 0.000 0.000 0.967 0.070 0.131 0.000 0.000 0.000 0.000 0.000 0.000 0.975 0.010 0.996 1.000 0.000 0.995 0.981 0.999 0.223
0.036 0.000 0.000 0.005 0.007 0.000 0.000 0.117 0.000 0.000 0.000 0.000 0.000 0.001 0.000 0.000 0.000 0.000 0.000 0.000 0.000 0.000 0.000 0.000 0.000 0.000 0.000 0.000 0.009 0.000 0.101 0.974 0.995 0.000 0.995 0.968 0.345
0.439 0.199 0.229 0.875 0.699 0.011 0.248 0.835 0.000 0.000 0.000 0.000 0.000 0.000 0.000 0.000 0.000 0.000 0.000 0.000 0.000 0.047 0.000 0.010 0.000 0.000 0.000 0.000 0.000 0.000 0.000 0.043 0.981 0.995 0.000 0.997 0.974
0.182 0.176 0.093 0.682 0.951 0.073 0.094 0.997 0.533 0.745 0.000 0.000 0.000 0.000 0.000 0.000 0.000 0.002 0.001 0.972 0.090 0.000 0.000 0.000 0.000 0.000 0.000 0.000 0.000 0.000 0.000 0.995 0.999 0.968 0.997 0.000 0.991
0.170 0.044 0.004 0.085 0.367 0.000 0.000 0.000 0.000 0.100 0.000 0.000 0.000 0.000 0.002 0.000 0.000 0.000 0.000 0.019 0.000 0.000 0.000 0.000 0.000 0.000 0.000 0.000 0.000 0.000 0.067 0.961 0.223 0.345 0.974 0.991 0.000
