0.000 0.993 0.910 0.391 0.328 0.176 0.000 0.000 0.000 0.000 0.000 0.000 0.001 0.038 0.087 0.000 0.000 0.000 0.000 0.000 0.000 0.000 0.000 0.000 0.000 0.000 0.000 0.000 0.000 0.000 0.000 0.005 0.000 0.088 0.611 0.183 0.371
0.993 0.000 0.980 0.918 0.824 0.528 0.294 0.003 0.000 0.000 0.000 0.000 0.000 0.008 0.035 0.000 0.002 0.000 0.000 0.000 0.000 0.000 0.000 0.001 0.000 0.000 0.000 0.000 0.000 0.000 0.000 0.104 0.000 0.112 0.657 0.419 0.307
0.910 0.980 0.000 0.986 0.970 0.953 0.807 0.377 0.000 0.000 0.000 0.000 0.000 0.000 0.002 0.000 0.002 0.000 0.000 0.000 0.000 0.178 0.000 0.270 0.000 0.000 0.000 0.000 0.000 0.000 0.000 0.000 0.087 0.103 0.733 0.406 0.131
0.391 0.918 0.986 0.000 0.994 0.960 0.971 0.983 0.095 0.008 0.000 0.000 0.000 0.000 0.000 0.000 0.000 0.000 0.000 0.014 0.000 0.040 0.029 0.023 0.000 0.000 0.000 0.000 0.000 0.000 0.000 0.002 0.559 0.025 0.974 0.892 0.116
0.328 0.824 0.970 0.994 0.000 0.993 0.957 0.980 0.428 0.035 0.000 0.000 0.000 0.000 0.000 0.000 0.000 0.000 0.000 0.007 0.000 0.000 0.475 0.000 0.000 0.000 0.000 0.000 0.000 0.000 0.000 0.007 0.010 0.001 0.410 0.882 0.026
0.176 0.528 0.953 0.960 0.993 0.000 0.988 0.926 0.121 0.000 0.000 0.000 0.000 0.000 0.000 0.000 0.000 0.000 0.000 0.000 0.000 0.000 0.942 0.381 0.000 0.000 0.000 0.000 0.000 0.000 0.000 0.000 0.000 0.000 0.009 0.057 0.000
0.000 0.294 0.807 0.971 0.957 0.988 0.000 0.988 0.911 0.000 0.000 0.000 0.000 0.000 0.000 0.000 0.000 0.000 0.000 0.000 0.893 0.995 0.999 0.995 0.559 0.000 0.000 0.000 0.000 0.000 0.000 0.000 0.000 0.000 0.231 0.228 0.000
0.000 0.003 0.377 0.983 0.980 0.926 0.988 0.000 1.000 0.952 0.024 0.000 0.000 0.000 0.000 0.000 0.000 0.000 0.001 0.994 1.000 1.000 0.994 0.062 0.411 0.000 0.989 0.985 0.988 0.000 0.024 0.006 0.992 0.153 0.650 0.935 0.000
0.000 0.000 0.000 0.095 0.428 0.121 0.911 1.000 0.000 0.995 1.000 0.000 0.000 0.000 0.000 0.000 0.000 0.000 0.970 0.980 1.000 0.962 0.971 0.000 0.000 0.003 0.000 0.000 0.000 0.000 0.000 0.000 0.057 0.000 0.000 0.496 0.000
0.000 0.000 0.000 0.008 0.035 0.000 0.000 0.952 0.995 0.000 0.999 0.999 0.000 0.000 0.000 0.000 0.000 0.998 0.995 0.997 0.965 0.000 0.000 0.000 0.000 0.000 0.000 0.000 0.000 0.000 0.000 0.527 0.005 0.000 0.000 0.749 0.013
0.000 0.000 0.000 0.000 0.000 0.000 0.000 0.024 1.000 0.999 0.000 1.000 0.998 0.000 0.000 0.000 0.991 0.992 1.000 0.989 0.998 0.241 0.775 0.000 0.000 0.064 0.000 0.040 0.000 0.002 0.000 0.000 0.000 0.000 0.000 0.000 0.000
0.000 0.000 0.000 0.000 0.000 0.000 0.000 0.000 0.000 0.999 1.000 0.000 1.000 0.963 0.051 0.984 0.993 0.989 0.997 0.005 0.000 0.000 0.000 0.000 0.000 0.000 0.000 0.000 0.000 0.138 0.000 0.000 0.000 0.000 0.000 0.000 0.000
0.001 0.000 0.000 0.000 0.000 0.000 0.000 0.000 0.000 0.000 0.998 1.000 0.000 0.985 0.998 0.997 1.000 0.990 1.000 0.000 0.000 0.000 0.000 0.000 0.000 0.000 0.000 0.000 0.000 0.988 0.000 0.000 0.000 0.000 0.000 0.000 0.000
0.038 0.008 0.000 0.000 0.000 0.000 0.000 0.000 0.000 0.000 0.000 0.963 0.985 0.000 0.986 0.952 0.625 0.000 0.041 0.000 0.000 0.000 0.000 0.000 0.000 0.000 0.000 0.000 0.000 0.000 0.000 0.000 0.000 0.000 0.000 0.000 0.001
0.087 0.035 0.002 0.000 0.000 0.000 0.000 0.000 0.000 0.000 0.000 0.051 0.998 0.986 0.000 0.996 0.999 0.000 0.000 0.000 0.000 0.000 0.000 0.000 0.000 0.000 0.000 0.000 0.000 0.093 0.000 0.000 0.000 0.000 0.000 0.000 0.003
0.000 0.000 0.000 0.000 0.000 0.000 0.000 0.000 0.000 0.000 0.000 0.984 0.997 0.952 0.996 0.000 0.986 0.990 0.000 0.000 0.000 0.000 0.000 0.000 0.000 0.000 0.000 0.000 0.000 0.000 0.000 0.000 0.000 0.000 0.000 0.000 0.000
0.000 0.002 0.002 0.000 0.000 0.000 0.000 0.000 0.000 0.000 0.991 0.993 1.000 0.625 0.999 0.986 0.000 1.000 1.000 0.000 0.000 0.000 0.000 0.000 0.000 0.000 0.000 0.000 0.000 0.979 0.018 0.000 0.000 0.000 0.000 0.000 0.000
0.000 0.000 0.000 0.000 0.000 0.000 0.000 0.000 0.000 0.998 0.992 0.989 0.990 0.000 0.000 0.990 1.000 0.000 0.999 1.000 0.000 0.000 0.000 0.000 0.000 0.000 0.000 0.000 0.209 1.000 0.038 0.153 0.000 0.000 0.000 0.001 0.000
0.000 0.000 0.000 0.000 0.000 0.000 0.000 0.001 0.970 0.995 1.000 0.997 1.000 0.041 0.000 0.000 1.000 0.999 0.000 1.000 0.996 0.000 0.000 0.000 0.000 0.015 0.006 0.984 1.000 1.000 0.612 0.001 0.000 0.000 0.000 0.000 0.000
0.000 0.000 0.000 0.014 0.007 0.000 0.000 0.994 0.980 0.997 0.989 0.005 0.000 0.000 0.000 0.000 0.000 1.000 1.000 0.000 0.994 0.940 0.000 0.000 0.000 0.000 0.954 0.979 1.000 0.999 0.960 0.994 0.983 0.000 0.000 0.965 0.005
0.000 0.000 0.000 0.000 0.000 0.000 0.893 1.000 1.000 0.965 0.998 0.000 0.000 0.000 0.000 0.000 0.000 0.000 0.996 0.994 0.000 0.988 0.937 0.000 0.002 0.784 0.987 0.996 0.992 0.000 0.000 0.000 0.044 0.000 0.000 0.026 0.000
0.000 0.000 0.178 0.040 0.000 0.000 0.995 1.000 0.962 0.000 0.241 0.000 0.000 0.000 0.000 0.000 0.000 0.000 0.000 0.940 0.988 0.000 0.994 0.970 0.990 0.988 0.997 0.966 0.127 0.000 0.000 0.000 0.064 0.000 0.079 0.000 0.000
0.000 0.000 0.000 0.029 0.475 0.942 0.999 0.994 0.971 0.000 0.775 0.000 0.000 0.000 0.000 0.000 0.000 0.000 0.000 0.000 0.937 0.994 0.000 0.994 0.979 0.983 0.043 0.000 0.000 0.000 0.000 0.000 0.000 0.000 0.000 0.000 0.000
0.000 0.001 0.270 0.023 0.000 0.381 0.995 0.062 0.000 0.000 0.000 0.000 0.000 0.000 0.000 0.000 0.000 0.000 0.000 0.000 0.000 0.970 0.994 0.000 0.992 0.959 0.109 0.000 0.000 0.000 0.000 0.000 0.000 0.000 0.029 0.000 0.000
0.000 0.000 0.000 0.000 0.000 0.000 0.559 0.411 0.000 0.000 0.000 0.000 0.000 0.000 0.000 0.000 0.000 0.000 0.000 0.000 0.002 0.990 0.979 0.992 0.000 0.994 0.983 0.000 0.000 0.000 0.000 0.000 0.000 0.000 0.000 0.000 0.000
0.000 0.000 0.000 0.000 0.000 0.000 0.000 0.000 0.003 0.000 0.064 0.000 0.000 0.000 0.000 0.000 0.000 0.000 0.015 0.000 0.784 0.988 0.983 0.959 0.994 0.000 0.990 0.951 0.000 0.000 0.000 0.000 0.000 0.000 0.000 0.000 0.000
0.000 0.000 0.000 0.000 0.000 0.000 0.000 0.989 0.000 0.000 0.000 0.000 0.000 0.000 0.000 0.000 0.000 0.000 0.006 0.954 0.987 0.997 0.043 0.109 0.983 0.990 0.000 0.994 0.978 0.000 0.000 0.000 0.005 0.000 0.001 0.000 0.000
0.000 0.000 0.000 0.000 0.000 0.000 0.000 0.985 0.000 0.000 0.040 0.000 0.000 0.000 0.000 0.000 0.000 0.000 0.984 0.979 0.996 0.966 0.000 0.000 0.000 0.951 0.994 0.000 0.993 0.941 0.000 0.000 0.001 0.000 0.000 0.000 0.000
0.000 0.000 0.000 0.000 0.000 0.000 0.000 0.988 0.000 0.000 0.000 0.000 0.000 0.000 0.000 0.000 0.000 0.209 1.000 1.000 0.992 0.127 0.000 0.000 0.000 0.000 0.978 0.993 0.000 1.000 0.992 0.911 0.945 0.030 0.000 0.007 0.001
0.000 0.000 0.000 0.000 0.000 0.000 0.000 0.000 0.000 0.000 0.002 0.138 0.988 0.000 0.093 0.000 0.979 1.000 1.000 0.999 0.000 0.000 0.000 0.000 0.000 0.000 0.000 0.941 1.000 0.000 0.991 0.945 0.005 0.000 0.000 0.000 0.000
0.000 0.000 0.000 0.000 0.000 0.000 0.000 0.024 0.000 0.000 0.000 0.000 0.000 0.000 0.000 0.000 0.018 0.038 0.612 0.960 0.000 0.000 0.000 0.000 0.000 0.000 0.000 0.000 0.992 0.991 0.000 1.000 0.992 0.026 0.000 0.008 0.379
0.005 0.104 0.000 0.002 0.007 0.000 0.000 0.006 0.000 0.527 0.000 0.000 0.000 0.000 0.000 0.000 0.000 0.153 0.001 0.994 0.000 0.000 0.000 0.000 0.000 0.000 0.000 0.000 0.911 0.945 1.000 0.000 0.999 0.940 0.008 0.996 0.981
0.000 0.000 0.087 0.559 0.010 0.000 0.000 0.992 0.057 0.005 0.000 0.000 0.000 0.000 0.000 0.000 0.000 0.000 0.000 0.983 0.044 0.064 0.000 0.000 0.000 0.000 0.005 0.001 0.945 0.005 0.992 0.999 0.000 0.976 0.980 1.000 0.849
0.088 0.112 0.103 0.025 0.001 0.000 0.000 0.153 0.000 0.000 0.000 0.000 0.000 0.000 0.000 0.000 0.000 0.000 0.000 0.000 0.000 0.000 0.000 0.000 0.000 0.000 0.000 0.000 0.030 0.000 0.026 0.940 0.976 0.000 0.994 0.945 0.879
0.611 0.657 0.733 0.974 0.410 0.009 0.231 0.650 0.000 0.000 0.000 0.000 0.000 0.000 0.000 0.000 0.000 0.000 0.000 0.000 0.000 0.079 0.000 0.029 0.000 0.000 0.001 0.000 0.000 0.000 0.000 0.008 0.980 0.994 0.000 0.990 0.981
0.183 0.419 0.406 0.892 0.882 0.057 0.228 0.935 0.496 0.749 0.000 0.000 0.000 0.000 0.000 0.000 0.000 0.001 0.000 0.965 0.026 0.000 0.000 0.000 0.000 0.000 0.000 0.000 0.007 0.000 0.008 0.996 1.000 0.945 0.990 0.000 0.986
0.371 0.307 0.131 0.116 0.026 0.000 0.000 0.000 0.000 0.013 0.000 0.000 0.000 0.001 0.003 0.000 0.000 0.000 0.000 0.005 0.000 0.000 0.000 0.000 0.000 0.000 0.000 0.000 0.001 0.000 0.379 0.981 0.849 0.879 0.981 0.986 0.000
