0.000 0.976 0.904 0.446 0.193 0.305 0.233 0.018 0.002 0.005 0.000 0.000 0.000 0.000 0.000 0.000 0.000 0.000 0.000 0.000 0.000 0.004 0.017 0.179 0.005 0.000 0.000 0.000 0.000 0.000 0.000 0.000 0.000 0.022 0.279 0.026 0.039
0.976 0.000 0.989 0.894 0.340 0.429 0.179 0.001 0.000 0.000 0.000 0.000 0.000 0.000 0.000 0.000 0.000 0.000 0.000 0.000 0.000 0.000 0.000 0.097 0.000 0.000 0.000 0.000 0.000 0.000 0.000 0.000 0.000 0.000 0.071 0.002 0.013
0.904 0.989 0.000 0.972 0.952 0.917 0.815 0.242 0.001 0.001 0.000 0.000 0.000 0.000 0.000 0.000 0.000 0.000 0.000 0.000 0.000 0.001 0.004 0.126 0.000 0.000 0.000 0.000 0.000 0.000 0.000 0.000 0.000 0.001 0.146 0.009 0.011
0.446 0.894 0.972 0.000 0.983 0.913 0.910 0.853 0.000 0.000 0.000 0.000 0.000 0.000 0.000 0.000 0.000 0.000 0.000 0.000 0.000 0.159 0.000 0.162 0.005 0.000 0.000 0.000 0.000 0.000 0.000 0.000 0.185 0.019 0.817 0.596 0.048
0.193 0.340 0.952 0.983 0.000 0.991 0.963 0.955 0.189 0.019 0.000 0.000 0.000 0.000 0.000 0.000 0.000 0.000 0.000 0.001 0.000 0.013 0.026 0.000 0.000 0.000 0.000 0.000 0.000 0.000 0.000 0.001 0.027 0.002 0.540 0.895 0.239
0.305 0.429 0.917 0.913 0.991 0.000 0.990 0.975 0.333 0.000 0.000 0.000 0.000 0.000 0.000 0.000 0.000 0.000 0.000 0.000 0.000 0.000 0.820 0.007 0.000 0.000 0.000 0.000 0.000 0.000 0.000 0.000 0.000 0.000 0.022 0.096 0.000
0.233 0.179 0.815 0.910 0.963 0.990 0.000 0.998 0.965 0.000 0.002 0.000 0.000 0.000 0.000 0.000 0.000 0.000 0.000 0.000 0.832 0.964 0.994 0.998 0.841 0.000 0.000 0.000 0.000 0.000 0.000 0.000 0.000 0.000 0.357 0.105 0.000
0.018 0.001 0.242 0.853 0.955 0.975 0.998 0.000 0.998 0.909 0.003 0.000 0.000 0.000 0.000 0.000 0.000 0.000 0.000 0.986 0.998 0.999 0.986 0.196 0.434 0.000 0.925 0.926 0.988 0.000 0.023 0.002 0.989 0.081 0.878 0.985 0.000
0.002 0.000 0.001 0.000 0.189 0.333 0.965 0.998 0.000 0.978 0.998 0.000 0.000 0.000 0.000 0.000 0.000 0.000 0.740 0.857 0.932 0.844 0.987 0.000 0.000 0.000 0.000 0.000 0.000 0.000 0.000 0.000 0.036 0.000 0.000 0.404 0.000
0.005 0.000 0.001 0.000 0.019 0.000 0.000 0.909 0.978 0.000 0.999 0.932 0.000 0.000 0.000 0.000 0.000 0.909 0.875 0.962 0.818 0.000 0.000 0.000 0.000 0.000 0.000 0.000 0.000 0.000 0.000 0.333 0.003 0.000 0.000 0.679 0.042
0.000 0.000 0.000 0.000 0.000 0.000 0.002 0.003 0.998 0.999 0.000 0.985 0.891 0.000 0.000 0.000 0.852 0.941 0.995 0.924 0.982 0.005 0.617 0.000 0.000 0.000 0.000 0.075 0.000 0.000 0.000 0.000 0.000 0.000 0.000 0.000 0.000
0.000 0.000 0.000 0.000 0.000 0.000 0.000 0.000 0.000 0.932 0.985 0.000 0.993 0.923 0.038 0.974 0.965 0.982 0.928 0.009 0.000 0.000 0.000 0.000 0.000 0.000 0.000 0.000 0.000 0.000 0.000 0.000 0.000 0.000 0.000 0.000 0.000
0.000 0.000 0.000 0.000 0.000 0.000 0.000 0.000 0.000 0.000 0.891 0.993 0.000 0.996 0.989 0.978 0.994 0.974 0.983 0.000 0.000 0.000 0.000 0.000 0.000 0.000 0.000 0.000 0.000 0.024 0.000 0.000 0.000 0.000 0.000 0.000 0.000
0.000 0.000 0.000 0.000 0.000 0.000 0.000 0.000 0.000 0.000 0.000 0.923 0.996 0.000 0.988 0.974 0.585 0.000 0.065 0.000 0.000 0.000 0.000 0.000 0.000 0.000 0.000 0.000 0.000 0.000 0.000 0.000 0.000 0.004 0.000 0.000 0.012
0.000 0.000 0.000 0.000 0.000 0.000 0.000 0.000 0.000 0.000 0.000 0.038 0.989 0.988 0.000 0.989 0.993 0.000 0.000 0.000 0.000 0.000 0.000 0.000 0.000 0.000 0.000 0.000 0.000 0.000 0.000 0.000 0.000 0.000 0.000 0.000 0.006
0.000 0.000 0.000 0.000 0.000 0.000 0.000 0.000 0.000 0.000 0.000 0.974 0.978 0.974 0.989 0.000 0.978 0.945 0.000 0.000 0.000 0.000 0.000 0.000 0.000 0.000 0.000 0.000 0.000 0.000 0.000 0.000 0.000 0.000 0.000 0.000 0.000
0.000 0.000 0.000 0.000 0.000 0.000 0.000 0.000 0.000 0.000 0.852 0.965 0.994 0.585 0.993 0.978 0.000 1.000 0.934 0.002 0.000 0.000 0.000 0.000 0.000 0.000 0.000 0.000 0.000 0.262 0.029 0.002 0.000 0.000 0.000 0.000 0.001
0.000 0.000 0.000 0.000 0.000 0.000 0.000 0.000 0.000 0.909 0.941 0.982 0.974 0.000 0.000 0.945 1.000 0.000 0.985 0.997 0.000 0.000 0.000 0.000 0.000 0.000 0.000 0.000 0.136 0.932 0.126 0.180 0.000 0.000 0.000 0.001 0.000
0.000 0.000 0.000 0.000 0.000 0.000 0.000 0.000 0.740 0.875 0.995 0.928 0.983 0.065 0.000 0.000 0.934 0.985 0.000 1.000 0.967 0.000 0.000 0.000 0.000 0.000 0.005 0.966 0.996 0.986 0.636 0.004 0.000 0.000 0.000 0.000 0.000
0.000 0.000 0.000 0.000 0.001 0.000 0.000 0.986 0.857 0.962 0.924 0.009 0.000 0.000 0.000 0.000 0.002 0.997 1.000 0.000 0.953 0.878 0.000 0.000 0.000 0.000 0.914 0.991 1.000 0.971 0.986 1.000 0.999 0.000 0.000 0.962 0.015
0.000 0.000 0.000 0.000 0.000 0.000 0.832 0.998 0.932 0.818 0.982 0.000 0.000 0.000 0.000 0.000 0.000 0.000 0.967 0.953 0.000 1.000 0.983 0.010 0.000 0.996 0.993 0.985 0.935 0.000 0.000 0.000 0.044 0.000 0.000 0.035 0.000
0.004 0.000 0.001 0.159 0.013 0.000 0.964 0.999 0.844 0.000 0.005 0.000 0.000 0.000 0.000 0.000 0.000 0.000 0.000 0.878 1.000 0.000 0.959 0.999 1.000 0.999 0.996 0.964 0.279 0.000 0.000 0.000 0.137 0.000 0.261 0.001 0.000
0.017 0.000 0.004 0.000 0.026 0.820 0.994 0.986 0.987 0.000 0.617 0.000 0.000 0.000 0.000 0.000 0.000 0.000 0.000 0.000 0.983 0.959 0.000 0.995 0.903 0.978 0.312 0.000 0.000 0.000 0.000 0.000 0.000 0.000 0.000 0.000 0.000
0.179 0.097 0.126 0.162 0.000 0.007 0.998 0.196 0.000 0.000 0.000 0.000 0.000 0.000 0.000 0.000 0.000 0.000 0.000 0.000 0.010 0.999 0.995 0.000 0.997 0.991 0.119 0.000 0.000 0.000 0.000 0.000 0.000 0.000 0.089 0.000 0.000
0.005 0.000 0.000 0.005 0.000 0.000 0.841 0.434 0.000 0.000 0.000 0.000 0.000 0.000 0.000 0.000 0.000 0.000 0.000 0.000 0.000 1.000 0.903 0.997 0.000 0.993 0.992 0.001 0.000 0.000 0.000 0.000 0.000 0.000 0.000 0.000 0.000
0.000 0.000 0.000 0.000 0.000 0.000 0.000 0.000 0.000 0.000 0.000 0.000 0.000 0.000 0.000 0.000 0.000 0.000 0.000 0.000 0.996 0.999 0.978 0.991 0.993 0.000 0.978 0.929 0.000 0.000 0.000 0.000 0.000 0.000 0.000 0.000 0.000
0.000 0.000 0.000 0.000 0.000 0.000 0.000 0.925 0.000 0.000 0.000 0.000 0.000 0.000 0.000 0.000 0.000 0.000 0.005 0.914 0.993 0.996 0.312 0.119 0.992 0.978 0.000 0.999 0.935 0.000 0.000 0.000 0.006 0.000 0.000 0.000 0.000
0.000 0.000 0.000 0.000 0.000 0.000 0.000 0.926 0.000 0.000 0.075 0.000 0.000 0.000 0.000 0.000 0.000 0.000 0.966 0.991 0.985 0.964 0.000 0.000 0.001 0.929 0.999 0.000 0.993 0.873 0.000 0.000 0.000 0.000 0.000 0.000 0.000
0.000 0.000 0.000 0.000 0.000 0.000 0.000 0.988 0.000 0.000 0.000 0.000 0.000 0.000 0.000 0.000 0.000 0.136 0.996 1.000 0.935 0.279 0.000 0.000 0.000 0.000 0.935 0.993 0.000 0.971 0.979 0.866 0.991 0.005 0.000 0.001 0.000
0.000 0.000 0.000 0.000 0.000 0.000 0.000 0.000 0.000 0.000 0.000 0.000 0.024 0.000 0.000 0.000 0.262 0.932 0.986 0.971 0.000 0.000 0.000 0.000 0.000 0.000 0.000 0.873 0.971 0.000 0.999 0.971 0.008 0.000 0.000 0.000 0.000
0.000 0.000 0.000 0.000 0.000 0.000 0.000 0.023 0.000 0.000 0.000 0.000 0.000 0.000 0.000 0.000 0.029 0.126 0.636 0.986 0.000 0.000 0.000 0.000 0.000 0.000 0.000 0.000 0.979 0.999 0.000 0.993 0.948 0.071 0.000 0.000 0.280
0.000 0.000 0.000 0.000 0.001 0.000 0.000 0.002 0.000 0.333 0.000 0.000 0.000 0.000 0.000 0.000 0.002 0.180 0.004 1.000 0.000 0.000 0.000 0.000 0.000 0.000 0.000 0.000 0.866 0.971 0.993 0.000 0.977 0.878 0.025 0.963 0.928
0.000 0.000 0.000 0.185 0.027 0.000 0.000 0.989 0.036 0.003 0.000 0.000 0.000 0.000 0.000 0.000 0.000 0.000 0.000 0.999 0.044 0.137 0.000 0.000 0.000 0.000 0.006 0.000 0.991 0.008 0.948 0.977 0.000 0.943 0.972 0.942 0.423
0.022 0.000 0.001 0.019 0.002 0.000 0.000 0.081 0.000 0.000 0.000 0.000 0.000 0.004 0.000 0.000 0.000 0.000 0.000 0.000 0.000 0.000 0.000 0.000 0.000 0.000 0.000 0.000 0.005 0.000 0.071 0.878 0.943 0.000 0.989 0.886 0.572
0.279 0.071 0.146 0.817 0.540 0.022 0.357 0.878 0.000 0.000 0.000 0.000 0.000 0.000 0.000 0.000 0.000 0.000 0.000 0.000 0.000 0.261 0.000 0.089 0.000 0.000 0.000 0.000 0.000 0.000 0.000 0.025 0.972 0.989 0.000 0.990 0.912
0.026 0.002 0.009 0.596 0.895 0.096 0.105 0.985 0.404 0.679 0.000 0.000 0.000 0.000 0.000 0.000 0.000 0.001 0.000 0.962 0.035 0.001 0.000 0.000 0.000 0.000 0.000 0.000 0.001 0.000 0.000 0.963 0.942 0.886 0.990 0.000 0.975
0.039 0.013 0.011 0.048 0.239 0.000 0.000 0.000 0.000 0.042 0.000 0.000 0.000 0.012 0.006 0.000 0.001 0.000 0.000 0.015 0.000 0.000 0.000 0.000 0.000 0.000 0.000 0.000 0.000 0.000 0.280 0.928 0.423 0.572 0.912 0.975 0.000
