0.000 0.988 0.953 0.868 0.693 0.264 0.130 0.085 0.000 0.002 0.000 0.004 0.000 0.001 0.009 0.008 0.001 0.000 0.000 0.000 0.000 0.014 0.000 0.073 0.000 0.000 0.000 0.000 0.000 0.000 0.000 0.027 0.000 0.093 0.811 0.558 0.476
0.988 0.000 0.995 0.979 0.835 0.693 0.277 0.003 0.000 0.000 0.000 0.006 0.000 0.001 0.003 0.001 0.007 0.000 0.000 0.000 0.000 0.000 0.000 0.035 0.000 0.000 0.000 0.000 0.000 0.003 0.000 0.007 0.000 0.001 0.172 0.104 0.070
0.953 0.995 0.000 0.998 0.976 0.991 0.964 0.610 0.000 0.000 0.000 0.005 0.000 0.002 0.001 0.004 0.000 0.000 0.000 0.000 0.000 0.100 0.000 0.226 0.000 0.000 0.000 0.000 0.000 0.000 0.000 0.000 0.000 0.000 0.360 0.204 0.035
0.868 0.979 0.998 0.000 0.994 0.994 0.994 0.989 0.090 0.005 0.000 0.000 0.000 0.000 0.000 0.000 0.000 0.000 0.000 0.001 0.000 0.043 0.002 0.021 0.000 0.000 0.000 0.000 0.000 0.000 0.000 0.003 0.266 0.000 0.940 0.971 0.176
0.693 0.835 0.976 0.994 0.000 1.000 0.973 0.967 0.363 0.039 0.000 0.000 0.000 0.005 0.008 0.000 0.004 0.000 0.000 0.013 0.000 0.000 0.089 0.001 0.000 0.000 0.000 0.000 0.000 0.000 0.000 0.005 0.000 0.000 0.142 0.789 0.081
0.264 0.693 0.991 0.994 1.000 0.000 0.993 0.984 0.131 0.000 0.000 0.000 0.000 0.000 0.001 0.000 0.002 0.000 0.000 0.000 0.000 0.000 0.872 0.249 0.000 0.000 0.000 0.000 0.000 0.001 0.000 0.000 0.000 0.000 0.010 0.025 0.000
0.130 0.277 0.964 0.994 0.973 0.993 0.000 1.000 0.985 0.000 0.000 0.000 0.000 0.013 0.005 0.000 0.000 0.000 0.000 0.000 0.970 0.993 0.998 1.000 0.845 0.000 0.000 0.000 0.000 0.000 0.000 0.000 0.000 0.000 0.820 0.113 0.000
0.085 0.003 0.610 0.989 0.967 0.984 1.000 0.000 0.998 0.940 0.003 0.000 0.000 0.000 0.000 0.000 0.000 0.000 0.000 0.999 0.998 1.000 0.998 0.225 0.363 0.000 0.934 0.864 0.960 0.000 0.015 0.001 1.000 0.054 0.987 0.995 0.000
0.000 0.000 0.000 0.090 0.363 0.131 0.985 0.998 0.000 0.996 0.933 0.000 0.000 0.000 0.000 0.000 0.000 0.000 0.885 0.980 1.000 0.984 0.999 0.000 0.000 0.000 0.000 0.000 0.000 0.000 0.000 0.000 0.025 0.000 0.000 0.345 0.000
0.002 0.000 0.000 0.005 0.039 0.000 0.000 0.940 0.996 0.000 0.986 0.847 0.000 0.000 0.000 0.000 0.000 0.930 0.966 0.994 0.957 0.000 0.000 0.000 0.000 0.000 0.000 0.000 0.000 0.000 0.000 0.492 0.005 0.000 0.000 0.641 0.002
0.000 0.000 0.000 0.000 0.000 0.000 0.000 0.003 0.933 0.986 0.000 0.984 0.970 0.255 0.000 0.000 0.913 0.997 1.000 0.984 0.990 0.001 0.000 0.000 0.000 0.000 0.010 0.982 0.918 0.810 0.000 0.000 0.000 0.000 0.000 0.000 0.000
0.004 0.006 0.005 0.000 0.000 0.000 0.000 0.000 0.000 0.847 0.984 0.000 0.994 0.943 0.026 0.967 0.977 0.977 0.888 0.001 0.000 0.000 0.000 0.020 0.000 0.000 0.000 0.000 0.000 0.031 0.000 0.000 0.000 0.000 0.000 0.000 0.000
0.000 0.000 0.000 0.000 0.000 0.000 0.000 0.000 0.000 0.000 0.970 0.994 0.000 1.000 0.996 0.978 1.000 0.995 0.932 0.000 0.000 0.000 0.000 0.004 0.000 0.000 0.000 0.061 0.000 0.892 0.000 0.000 0.000 0.000 0.000 0.000 0.000
0.001 0.001 0.002 0.000 0.005 0.000 0.013 0.000 0.000 0.000 0.255 0.943 1.000 0.000 0.999 0.998 0.557 0.000 0.000 0.000 0.000 0.000 0.000 0.082 0.010 0.000 0.000 0.000 0.000 0.030 0.000 0.000 0.000 0.000 0.000 0.000 0.000
0.009 0.003 0.001 0.000 0.008 0.001 0.005 0.000 0.000 0.000 0.000 0.026 0.996 0.999 0.000 0.993 0.998 0.000 0.000 0.000 0.000 0.000 0.000 0.091 0.014 0.000 0.000 0.000 0.000 0.126 0.000 0.000 0.000 0.000 0.000 0.000 0.000
0.008 0.001 0.004 0.000 0.000 0.000 0.000 0.000 0.000 0.000 0.000 0.967 0.978 0.998 0.993 0.000 0.975 0.872 0.000 0.000 0.000 0.000 0.000 0.042 0.000 0.000 0.000 0.000 0.000 0.002 0.000 0.000 0.000 0.000 0.000 0.000 0.000
0.001 0.007 0.000 0.000 0.004 0.002 0.000 0.000 0.000 0.000 0.913 0.977 1.000 0.557 0.998 0.975 0.000 0.997 0.906 0.024 0.000 0.000 0.000 0.008 0.000 0.000 0.000 0.000 0.001 0.709 0.137 0.003 0.000 0.000 0.000 0.000 0.000
0.000 0.000 0.000 0.000 0.000 0.000 0.000 0.000 0.000 0.930 0.997 0.977 0.995 0.000 0.000 0.872 0.997 0.000 0.994 0.932 0.000 0.000 0.000 0.000 0.000 0.000 0.000 0.000 0.179 0.939 0.148 0.143 0.000 0.000 0.000 0.000 0.000
0.000 0.000 0.000 0.000 0.000 0.000 0.000 0.000 0.885 0.966 1.000 0.888 0.932 0.000 0.000 0.000 0.906 0.994 0.000 0.996 0.946 0.000 0.000 0.000 0.000 0.000 0.000 0.948 0.972 0.992 0.575 0.006 0.000 0.000 0.000 0.000 0.000
0.000 0.000 0.000 0.001 0.013 0.000 0.000 0.999 0.980 0.994 0.984 0.001 0.000 0.000 0.000 0.000 0.024 0.932 0.996 0.000 1.000 0.950 0.000 0.000 0.000 0.000 0.996 1.000 0.999 0.986 0.996 1.000 1.000 0.000 0.000 0.959 0.000
0.000 0.000 0.000 0.000 0.000 0.000 0.970 0.998 1.000 0.957 0.990 0.000 0.000 0.000 0.000 0.000 0.000 0.000 0.946 1.000 0.000 0.999 0.993 0.009 0.001 1.000 0.992 0.986 0.972 0.002 0.000 0.000 0.028 0.000 0.000 0.033 0.000
0.014 0.000 0.100 0.043 0.000 0.000 0.993 1.000 0.984 0.000 0.001 0.000 0.000 0.000 0.000 0.000 0.000 0.000 0.000 0.950 0.999 0.000 0.992 0.999 0.993 0.999 0.986 0.934 0.505 0.000 0.000 0.000 0.165 0.000 0.546 0.004 0.000
0.000 0.000 0.000 0.002 0.089 0.872 0.998 0.998 0.999 0.000 0.000 0.000 0.000 0.000 0.000 0.000 0.000 0.000 0.000 0.000 0.993 0.992 0.000 0.994 0.964 0.979 0.401 0.000 0.000 0.000 0.000 0.000 0.000 0.000 0.000 0.000 0.000
0.073 0.035 0.226 0.021 0.001 0.249 1.000 0.225 0.000 0.000 0.000 0.020 0.004 0.082 0.091 0.042 0.008 0.000 0.000 0.000 0.009 0.999 0.994 0.000 0.997 0.987 0.150 0.000 0.000 0.000 0.000 0.000 0.000 0.000 0.211 0.000 0.000
0.000 0.000 0.000 0.000 0.000 0.000 0.845 0.363 0.000 0.000 0.000 0.000 0.000 0.010 0.014 0.000 0.000 0.000 0.000 0.000 0.001 0.993 0.964 0.997 0.000 0.999 0.993 0.003 0.028 0.000 0.000 0.000 0.000 0.000 0.001 0.000 0.000
0.000 0.000 0.000 0.000 0.000 0.000 0.000 0.000 0.000 0.000 0.000 0.000 0.000 0.000 0.000 0.000 0.000 0.000 0.000 0.000 1.000 0.999 0.979 0.987 0.999 0.000 1.000 0.984 0.000 0.000 0.000 0.000 0.000 0.000 0.000 0.000 0.000
0.000 0.000 0.000 0.000 0.000 0.000 0.000 0.934 0.000 0.000 0.010 0.000 0.000 0.000 0.000 0.000 0.000 0.000 0.000 0.996 0.992 0.986 0.401 0.150 0.993 1.000 0.000 1.000 0.998 0.019 0.000 0.000 0.002 0.000 0.002 0.000 0.000
0.000 0.000 0.000 0.000 0.000 0.000 0.000 0.864 0.000 0.000 0.982 0.000 0.061 0.000 0.000 0.000 0.000 0.000 0.948 1.000 0.986 0.934 0.000 0.000 0.003 0.984 1.000 0.000 1.000 0.996 0.000 0.000 0.001 0.000 0.000 0.000 0.000
0.000 0.000 0.000 0.000 0.000 0.000 0.000 0.960 0.000 0.000 0.918 0.000 0.000 0.000 0.000 0.000 0.001 0.179 0.972 0.999 0.972 0.505 0.000 0.000 0.028 0.000 0.998 1.000 0.000 1.000 1.000 0.763 0.958 0.007 0.000 0.002 0.000
0.000 0.003 0.000 0.000 0.000 0.001 0.000 0.000 0.000 0.000 0.810 0.031 0.892 0.030 0.126 0.002 0.709 0.939 0.992 0.986 0.002 0.000 0.000 0.000 0.000 0.000 0.019 0.996 1.000 0.000 1.000 0.977 0.011 0.000 0.000 0.000 0.000
0.000 0.000 0.000 0.000 0.000 0.000 0.000 0.015 0.000 0.000 0.000 0.000 0.000 0.000 0.000 0.000 0.137 0.148 0.575 0.996 0.000 0.000 0.000 0.000 0.000 0.000 0.000 0.000 1.000 1.000 0.000 0.993 0.967 0.080 0.000 0.001 0.207
0.027 0.007 0.000 0.003 0.005 0.000 0.000 0.001 0.000 0.492 0.000 0.000 0.000 0.000 0.000 0.000 0.003 0.143 0.006 1.000 0.000 0.000 0.000 0.000 0.000 0.000 0.000 0.000 0.763 0.977 0.993 0.000 1.000 0.990 0.002 0.991 0.835
0.000 0.000 0.000 0.266 0.000 0.000 0.000 1.000 0.025 0.005 0.000 0.000 0.000 0.000 0.000 0.000 0.000 0.000 0.000 1.000 0.028 0.165 0.000 0.000 0.000 0.000 0.002 0.001 0.958 0.011 0.967 1.000 0.000 0.996 0.989 0.988 0.806
0.093 0.001 0.000 0.000 0.000 0.000 0.000 0.054 0.000 0.000 0.000 0.000 0.000 0.000 0.000 0.000 0.000 0.000 0.000 0.000 0.000 0.000 0.000 0.000 0.000 0.000 0.000 0.000 0.007 0.000 0.080 0.990 0.996 0.000 1.000 0.993 0.957
0.811 0.172 0.360 0.940 0.142 0.010 0.820 0.987 0.000 0.000 0.000 0.000 0.000 0.000 0.000 0.000 0.000 0.000 0.000 0.000 0.000 0.546 0.000 0.211 0.001 0.000 0.002 0.000 0.000 0.000 0.000 0.002 0.989 1.000 0.000 1.000 0.972
0.558 0.104 0.204 0.971 0.789 0.025 0.113 0.995 0.345 0.641 0.000 0.000 0.000 0.000 0.000 0.000 0.000 0.000 0.000 0.959 0.033 0.004 0.000 0.000 0.000 0.000 0.000 0.000 0.002 0.000 0.001 0.991 0.988 0.993 1.000 0.000 0.989
0.476 0.070 0.035 0.176 0.081 0.000 0.000 0.000 0.000 0.002 0.000 0.000 0.000 0.000 0.000 0.000 0.000 0.000 0.000 0.000 0.000 0.000 0.000 0.000 0.000 0.000 0.000 0.000 0.000 0.000 0.207 0.835 0.806 0.957 0.972 0.989 0.000
