0.000 0.993 0.958 0.242 0.031 0.023 0.006 0.007 0.000 0.000 0.000 0.000 0.000 0.000 0.000 0.000 0.000 0.000 0.001 0.000 0.000 0.002 0.000 0.000 0.000 0.000 0.000 0.000 0.000 0.000 0.643 0.054 0.063 0.029
0.993 0.000 0.997 0.961 0.013 0.975 0.950 0.997 0.000 0.000 0.000 0.000 0.000 0.000 0.000 0.000 0.003 0.000 0.999 0.168 0.000 0.000 0.000 0.000 0.000 0.000 0.000 0.000 0.000 0.000 0.975 0.988 0.180 0.014
0.958 0.997 0.000 1.000 0.951 0.983 0.000 0.000 0.000 0.000 0.000 0.000 0.000 0.000 0.000 0.000 0.000 0.000 0.006 0.000 0.388 0.000 0.001 0.000 0.000 0.000 0.000 0.000 0.000 0.000 0.559 0.987 0.996 0.979
0.242 0.961 1.000 0.000 0.986 0.994 0.000 0.000 0.000 0.000 0.000 0.000 0.000 0.000 0.000 0.000 0.000 0.000 0.000 0.000 0.947 0.085 0.932 0.143 0.000 0.000 0.000 0.000 0.000 0.000 0.000 0.000 0.044 0.736
0.031 0.013 0.951 0.986 0.000 1.000 0.983 0.000 0.004 0.000 0.000 0.000 0.000 0.000 0.000 0.000 0.000 0.000 0.000 0.982 0.999 1.000 0.996 0.591 0.000 0.000 0.000 0.000 0.000 0.000 0.000 0.000 0.000 0.002
0.023 0.975 0.983 0.994 1.000 0.000 1.000 0.965 0.000 0.000 0.000 0.000 0.000 0.000 0.000 0.000 0.000 0.035 1.000 1.000 1.000 0.979 0.200 0.897 0.000 1.000 1.000 1.000 0.000 0.000 0.000 0.994 0.366 0.735
0.006 0.950 0.000 0.000 0.983 1.000 0.000 0.999 1.000 0.000 0.000 0.000 0.000 0.000 0.000 0.000 0.000 0.995 1.000 1.000 0.999 0.794 0.000 0.000 0.000 0.000 0.000 0.000 0.000 0.000 0.000 0.347 0.000 0.000
0.007 0.997 0.000 0.000 0.000 0.965 0.999 0.000 1.000 1.000 0.000 0.000 0.000 0.000 0.000 0.001 1.000 0.996 0.999 0.976 0.000 0.000 0.000 0.000 0.000 0.000 0.000 0.000 0.000 0.000 0.364 0.010 0.000 0.000
0.000 0.000 0.000 0.000 0.004 0.000 1.000 1.000 0.000 0.997 0.997 0.006 0.000 0.000 0.000 0.935 0.997 1.000 0.999 1.000 0.060 0.646 0.000 0.000 0.000 0.000 0.633 0.000 0.000 0.000 0.000 0.000 0.000 0.000
0.000 0.000 0.000 0.000 0.000 0.000 0.000 1.000 0.997 0.000 1.000 0.993 0.262 0.179 0.612 0.993 1.000 0.980 0.000 0.000 0.000 0.000 0.000 0.000 0.000 0.000 0.000 0.000 0.014 0.000 0.000 0.000 0.000 0.000
0.000 0.000 0.000 0.000 0.000 0.000 0.000 0.000 0.997 1.000 0.000 0.998 0.978 0.490 0.500 0.991 0.998 0.994 0.000 0.000 0.000 0.000 0.000 0.000 0.000 0.000 0.000 0.000 0.369 0.000 0.000 0.000 0.000 0.000
0.000 0.000 0.000 0.000 0.000 0.000 0.000 0.000 0.006 0.993 0.998 0.000 0.995 0.932 0.479 0.574 0.020 0.602 0.000 0.000 0.000 0.000 0.000 0.000 0.000 0.000 0.000 0.000 0.260 0.000 0.000 0.000 0.000 0.000
0.000 0.000 0.000 0.000 0.000 0.000 0.000 0.000 0.000 0.262 0.978 0.995 0.000 0.977 0.944 0.555 0.006 0.001 0.000 0.000 0.000 0.000 0.000 0.000 0.000 0.000 0.000 0.000 0.082 0.000 0.000 0.000 0.000 0.000
0.000 0.000 0.000 0.000 0.000 0.000 0.000 0.000 0.000 0.179 0.490 0.932 0.977 0.000 0.998 0.983 0.024 0.075 0.000 0.000 0.000 0.000 0.000 0.000 0.000 0.000 0.000 0.000 0.083 0.000 0.000 0.000 0.000 0.000
0.000 0.000 0.000 0.000 0.000 0.000 0.000 0.000 0.000 0.612 0.500 0.479 0.944 0.998 0.000 0.977 0.991 0.000 0.000 0.000 0.000 0.000 0.000 0.000 0.000 0.000 0.000 0.000 0.005 0.000 0.000 0.000 0.000 0.000
0.000 0.000 0.000 0.000 0.000 0.000 0.000 0.001 0.935 0.993 0.991 0.574 0.555 0.983 0.977 0.000 1.000 0.964 0.000 0.000 0.000 0.000 0.000 0.000 0.000 0.000 0.000 0.000 0.590 0.000 0.000 0.000 0.000 0.000
0.000 0.003 0.000 0.000 0.000 0.000 0.000 1.000 0.997 1.000 0.998 0.020 0.006 0.024 0.991 1.000 0.000 0.995 0.997 0.000 0.000 0.000 0.000 0.000 0.000 0.000 0.000 0.019 0.991 0.188 0.433 0.000 0.000 0.000
0.000 0.000 0.000 0.000 0.000 0.035 0.995 0.996 1.000 0.980 0.994 0.602 0.001 0.075 0.000 0.964 0.995 0.000 1.000 1.000 0.004 0.000 0.000 0.000 0.000 0.005 0.999 1.000 1.000 0.204 0.000 0.000 0.000 0.000
0.001 0.999 0.006 0.000 0.000 1.000 1.000 0.999 0.999 0.000 0.000 0.000 0.000 0.000 0.000 0.000 0.997 1.000 0.000 1.000 1.000 0.000 0.000 0.000 0.000 0.999 1.000 1.000 1.000 1.000 1.000 1.000 0.000 0.000
0.000 0.168 0.000 0.000 0.982 1.000 1.000 0.976 1.000 0.000 0.000 0.000 0.000 0.000 0.000 0.000 0.000 1.000 1.000 0.000 1.000 0.989 0.000 0.000 0.364 1.000 1.000 0.999 0.000 0.000 0.000 0.252 0.000 0.000
0.000 0.000 0.388 0.947 0.999 1.000 0.999 0.000 0.060 0.000 0.000 0.000 0.000 0.000 0.000 0.000 0.000 0.004 1.000 1.000 0.000 0.998 0.993 0.999 0.999 1.000 1.000 0.011 0.000 0.000 0.000 0.172 0.000 0.433
0.002 0.000 0.000 0.085 1.000 0.979 0.794 0.000 0.646 0.000 0.000 0.000 0.000 0.000 0.000 0.000 0.000 0.000 0.000 0.989 0.998 0.000 0.998 0.982 0.999 0.384 0.000 0.000 0.000 0.000 0.000 0.000 0.000 0.000
0.000 0.000 0.001 0.932 0.996 0.200 0.000 0.000 0.000 0.000 0.000 0.000 0.000 0.000 0.000 0.000 0.000 0.000 0.000 0.000 0.993 0.998 0.000 1.000 0.989 0.244 0.000 0.000 0.000 0.000 0.000 0.000 0.000 0.008
0.000 0.000 0.000 0.143 0.591 0.897 0.000 0.000 0.000 0.000 0.000 0.000 0.000 0.000 0.000 0.000 0.000 0.000 0.000 0.000 0.999 0.982 1.000 0.000 0.990 0.992 0.000 0.000 0.000 0.000 0.000 0.000 0.000 0.100
0.000 0.000 0.000 0.000 0.000 0.000 0.000 0.000 0.000 0.000 0.000 0.000 0.000 0.000 0.000 0.000 0.000 0.000 0.000 0.364 0.999 0.999 0.989 0.990 0.000 0.999 0.998 0.000 0.000 0.000 0.000 0.000 0.000 0.000
0.000 0.000 0.000 0.000 0.000 1.000 0.000 0.000 0.000 0.000 0.000 0.000 0.000 0.000 0.000 0.000 0.000 0.005 0.999 1.000 1.000 0.384 0.244 0.992 0.999 0.000 1.000 1.000 0.000 0.000 0.000 0.000 0.000 0.003
0.000 0.000 0.000 0.000 0.000 1.000 0.000 0.000 0.633 0.000 0.000 0.000 0.000 0.000 0.000 0.000 0.000 0.999 1.000 1.000 1.000 0.000 0.000 0.000 0.998 1.000 0.000 1.000 1.000 0.000 0.000 0.000 0.000 0.000
0.000 0.000 0.000 0.000 0.000 1.000 0.000 0.000 0.000 0.000 0.000 0.000 0.000 0.000 0.000 0.000 0.019 1.000 1.000 0.999 0.011 0.000 0.000 0.000 0.000 1.000 1.000 0.000 1.000 0.998 0.970 0.998 0.876 0.276
0.000 0.000 0.000 0.000 0.000 0.000 0.000 0.000 0.000 0.014 0.369 0.260 0.082 0.083 0.005 0.590 0.991 1.000 1.000 0.000 0.000 0.000 0.000 0.000 0.000 0.000 1.000 1.000 0.000 0.999 0.967 0.026 0.000 0.000
0.000 0.000 0.000 0.000 0.000 0.000 0.000 0.000 0.000 0.000 0.000 0.000 0.000 0.000 0.000 0.000 0.188 0.204 1.000 0.000 0.000 0.000 0.000 0.000 0.000 0.000 0.000 0.998 0.999 0.000 0.997 1.000 0.041 0.000
0.643 0.975 0.559 0.000 0.000 0.000 0.000 0.364 0.000 0.000 0.000 0.000 0.000 0.000 0.000 0.000 0.433 0.000 1.000 0.000 0.000 0.000 0.000 0.000 0.000 0.000 0.000 0.970 0.967 0.997 0.000 0.994 0.932 0.015
0.054 0.988 0.987 0.000 0.000 0.994 0.347 0.010 0.000 0.000 0.000 0.000 0.000 0.000 0.000 0.000 0.000 0.000 1.000 0.252 0.172 0.000 0.000 0.000 0.000 0.000 0.000 0.998 0.026 1.000 0.994 0.000 0.970 0.932
0.063 0.180 0.996 0.044 0.000 0.366 0.000 0.000 0.000 0.000 0.000 0.000 0.000 0.000 0.000 0.000 0.000 0.000 0.000 0.000 0.000 0.000 0.000 0.000 0.000 0.000 0.000 0.876 0.000 0.041 0.932 0.970 0.000 0.998
0.029 0.014 0.979 0.736 0.002 0.735 0.000 0.000 0.000 0.000 0.000 0.000 0.000 0.000 0.000 0.000 0.000 0.000 0.000 0.000 0.433 0.000 0.008 0.100 0.000 0.003 0.000 0.276 0.000 0.000 0.015 0.932 0.998 0.000
