0.000 1.000 0.963 0.249 0.012 0.007 0.002 0.011 0.000 0.000 0.002 0.018 0.041 0.013 0.001 0.000 0.000 0.000 0.007 0.000 0.000 0.000 0.000 0.000 0.000 0.000 0.000 0.000 0.000 0.000 0.808 0.133 0.138 0.160
1.000 0.000 0.993 0.982 0.009 0.997 0.972 0.984 0.000 0.000 0.000 0.000 0.000 0.000 0.000 0.000 0.011 0.000 1.000 0.174 0.000 0.003 0.000 0.000 0.000 0.000 0.000 0.000 0.000 0.000 0.968 0.924 0.202 0.123
0.963 0.993 0.000 1.000 0.993 1.000 0.009 0.010 0.000 0.000 0.000 0.000 0.000 0.000 0.000 0.000 0.000 0.000 0.076 0.000 0.270 0.001 0.000 0.000 0.000 0.000 0.000 0.000 0.000 0.000 0.618 0.999 0.927 0.930
0.249 0.982 1.000 0.000 0.998 1.000 0.000 0.000 0.000 0.000 0.000 0.000 0.001 0.000 0.000 0.000 0.000 0.000 0.000 0.000 0.852 0.032 0.560 0.033 0.000 0.000 0.000 0.000 0.000 0.000 0.001 0.003 0.057 0.631
0.012 0.009 0.993 0.998 0.000 1.000 0.963 0.000 0.000 0.000 0.000 0.000 0.000 0.000 0.000 0.000 0.000 0.000 0.000 0.969 0.988 0.996 0.968 0.237 0.000 0.000 0.000 0.000 0.000 0.000 0.000 0.000 0.000 0.016
0.007 0.997 1.000 1.000 1.000 0.000 0.998 0.994 0.000 0.000 0.000 0.000 0.000 0.000 0.000 0.000 0.000 0.039 0.991 0.999 1.000 0.981 0.131 0.636 0.000 0.994 0.988 0.994 0.000 0.008 0.000 1.000 0.253 0.578
0.002 0.972 0.009 0.000 0.963 0.998 0.000 0.998 1.000 0.194 0.000 0.000 0.000 0.000 0.000 0.000 0.000 0.983 0.998 0.992 0.953 0.996 0.009 0.000 0.148 0.000 0.000 0.000 0.000 0.000 0.000 0.206 0.000 0.000
0.011 0.984 0.010 0.000 0.000 0.994 0.998 0.000 1.000 0.985 0.000 0.000 0.000 0.000 0.000 0.000 0.969 0.989 1.000 0.985 0.000 0.000 0.000 0.000 0.000 0.000 0.000 0.000 0.000 0.000 0.450 0.008 0.000 0.000
0.000 0.000 0.000 0.000 0.000 0.000 1.000 1.000 0.000 1.000 0.903 0.001 0.000 0.000 0.000 0.874 0.974 0.998 0.988 0.969 0.000 0.002 0.000 0.000 0.001 0.000 0.050 0.000 0.002 0.000 0.000 0.000 0.000 0.000
0.000 0.000 0.000 0.000 0.000 0.000 0.194 0.985 1.000 0.000 0.972 0.947 0.045 0.164 0.943 0.965 1.000 0.997 0.000 0.001 0.000 0.000 0.000 0.000 0.000 0.000 0.000 0.000 0.115 0.000 0.000 0.000 0.000 0.000
0.002 0.000 0.000 0.000 0.000 0.000 0.000 0.000 0.903 0.972 0.000 1.000 0.974 0.989 0.979 0.994 0.962 0.989 0.000 0.000 0.000 0.000 0.000 0.000 0.000 0.000 0.000 0.000 0.989 0.000 0.000 0.000 0.000 0.000
0.018 0.000 0.000 0.000 0.000 0.000 0.000 0.000 0.001 0.947 1.000 0.000 0.971 0.949 0.971 0.165 0.000 0.618 0.000 0.000 0.000 0.000 0.000 0.000 0.000 0.000 0.000 0.000 0.000 0.000 0.000 0.000 0.000 0.000
0.041 0.000 0.000 0.001 0.000 0.000 0.000 0.000 0.000 0.045 0.974 0.971 0.000 0.988 0.916 0.039 0.000 0.000 0.000 0.000 0.000 0.000 0.000 0.000 0.000 0.000 0.000 0.000 0.000 0.000 0.000 0.000 0.000 0.001
0.013 0.000 0.000 0.000 0.000 0.000 0.000 0.000 0.000 0.164 0.989 0.949 0.988 0.000 0.967 0.992 0.000 0.000 0.000 0.000 0.000 0.000 0.000 0.000 0.000 0.000 0.000 0.000 0.715 0.000 0.000 0.000 0.000 0.000
0.001 0.000 0.000 0.000 0.000 0.000 0.000 0.000 0.000 0.943 0.979 0.971 0.916 0.967 0.000 0.999 0.961 0.000 0.000 0.000 0.000 0.000 0.000 0.000 0.000 0.000 0.000 0.000 0.001 0.000 0.000 0.000 0.000 0.000
0.000 0.000 0.000 0.000 0.000 0.000 0.000 0.000 0.874 0.965 0.994 0.165 0.039 0.992 0.999 0.000 0.987 0.968 0.003 0.000 0.000 0.000 0.000 0.000 0.000 0.000 0.000 0.000 0.980 0.099 0.000 0.000 0.000 0.000
0.000 0.011 0.000 0.000 0.000 0.000 0.000 0.969 0.974 1.000 0.962 0.000 0.000 0.000 0.961 0.987 0.000 0.990 0.946 0.000 0.000 0.000 0.000 0.000 0.000 0.000 0.000 0.070 0.949 0.105 0.309 0.000 0.000 0.000
0.000 0.000 0.000 0.000 0.000 0.039 0.983 0.989 0.998 0.997 0.989 0.618 0.000 0.000 0.000 0.968 0.990 0.000 1.000 1.000 0.002 0.000 0.000 0.000 0.005 0.039 0.980 0.955 0.988 0.179 0.000 0.000 0.000 0.000
0.007 1.000 0.076 0.000 0.000 0.991 0.998 1.000 0.988 0.000 0.000 0.000 0.000 0.000 0.000 0.003 0.946 1.000 0.000 1.000 0.991 0.000 0.000 0.000 0.000 0.948 0.980 0.973 0.912 0.921 0.995 0.976 0.000 0.000
0.000 0.174 0.000 0.000 0.969 0.999 0.992 0.985 0.969 0.001 0.000 0.000 0.000 0.000 0.000 0.000 0.000 1.000 1.000 0.000 0.992 0.996 0.000 0.000 0.827 0.950 0.978 0.936 0.000 0.000 0.000 0.192 0.000 0.000
0.000 0.000 0.270 0.852 0.988 1.000 0.953 0.000 0.000 0.000 0.000 0.000 0.000 0.000 0.000 0.000 0.000 0.002 0.991 0.992 0.000 0.996 0.990 0.987 0.979 0.990 0.976 0.049 0.000 0.000 0.000 0.085 0.000 0.272
0.000 0.003 0.001 0.032 0.996 0.981 0.996 0.000 0.002 0.000 0.000 0.000 0.000 0.000 0.000 0.000 0.000 0.000 0.000 0.996 0.996 0.000 0.994 0.949 0.978 0.134 0.000 0.000 0.000 0.000 0.000 0.000 0.000 0.000
0.000 0.000 0.000 0.560 0.968 0.131 0.009 0.000 0.000 0.000 0.000 0.000 0.000 0.000 0.000 0.000 0.000 0.000 0.000 0.000 0.990 0.994 0.000 0.999 0.998 0.145 0.000 0.000 0.000 0.000 0.000 0.000 0.000 0.002
0.000 0.000 0.000 0.033 0.237 0.636 0.000 0.000 0.000 0.000 0.000 0.000 0.000 0.000 0.000 0.000 0.000 0.000 0.000 0.000 0.987 0.949 0.999 0.000 0.997 0.996 0.000 0.000 0.000 0.000 0.000 0.000 0.000 0.018
0.000 0.000 0.000 0.000 0.000 0.000 0.148 0.000 0.001 0.000 0.000 0.000 0.000 0.000 0.000 0.000 0.000 0.005 0.000 0.827 0.979 0.978 0.998 0.997 0.000 0.987 0.959 0.000 0.000 0.000 0.000 0.000 0.000 0.000
0.000 0.000 0.000 0.000 0.000 0.994 0.000 0.000 0.000 0.000 0.000 0.000 0.000 0.000 0.000 0.000 0.000 0.039 0.948 0.950 0.990 0.134 0.145 0.996 0.987 0.000 0.999 0.977 0.000 0.000 0.000 0.000 0.000 0.001
0.000 0.000 0.000 0.000 0.000 0.988 0.000 0.000 0.050 0.000 0.000 0.000 0.000 0.000 0.000 0.000 0.000 0.980 0.980 0.978 0.976 0.000 0.000 0.000 0.959 0.999 0.000 1.000 0.918 0.000 0.000 0.000 0.000 0.000
0.000 0.000 0.000 0.000 0.000 0.994 0.000 0.000 0.000 0.000 0.000 0.000 0.000 0.000 0.000 0.000 0.070 0.955 0.973 0.936 0.049 0.000 0.000 0.000 0.000 0.977 1.000 0.000 0.982 0.988 0.959 0.989 0.781 0.051
0.000 0.000 0.000 0.000 0.000 0.000 0.000 0.000 0.002 0.115 0.989 0.000 0.000 0.715 0.001 0.980 0.949 0.988 0.912 0.000 0.000 0.000 0.000 0.000 0.000 0.000 0.918 0.982 0.000 0.997 0.918 0.009 0.000 0.000
0.000 0.000 0.000 0.000 0.000 0.008 0.000 0.000 0.000 0.000 0.000 0.000 0.000 0.000 0.000 0.099 0.105 0.179 0.921 0.000 0.000 0.000 0.000 0.000 0.000 0.000 0.000 0.988 0.997 0.000 0.997 0.959 0.026 0.000
0.808 0.968 0.618 0.001 0.000 0.000 0.000 0.450 0.000 0.000 0.000 0.000 0.000 0.000 0.000 0.000 0.309 0.000 0.995 0.000 0.000 0.000 0.000 0.000 0.000 0.000 0.000 0.959 0.918 0.997 0.000 0.988 0.963 0.024
0.133 0.924 0.999 0.003 0.000 1.000 0.206 0.008 0.000 0.000 0.000 0.000 0.000 0.000 0.000 0.000 0.000 0.000 0.976 0.192 0.085 0.000 0.000 0.000 0.000 0.000 0.000 0.989 0.009 0.959 0.988 0.000 0.976 0.947
0.138 0.202 0.927 0.057 0.000 0.253 0.000 0.000 0.000 0.000 0.000 0.000 0.000 0.000 0.000 0.000 0.000 0.000 0.000 0.000 0.000 0.000 0.000 0.000 0.000 0.000 0.000 0.781 0.000 0.026 0.963 0.976 0.000 0.996
0.160 0.123 0.930 0.631 0.016 0.578 0.000 0.000 0.000 0.000 0.000 0.000 0.001 0.000 0.000 0.000 0.000 0.000 0.000 0.000 0.272 0.000 0.002 0.018 0.000 0.001 0.000 0.051 0.000 0.000 0.024 0.947 0.996 0.000
