0.000 0.998 0.987 0.000 0.000 0.000 0.000 0.000 0.000 0.000 0.000 0.000 0.000 0.000 0.000 0.000 0.000 0.000 0.000 0.000 0.000 0.000 0.000 0.000 0.000 0.000 0.992 0.507 0.052 0.000 0.000 0.000 0.000 0.000 0.000 0.000 0.000 0.000 0.000 0.000 0.000 0.000 0.000 0.000 0.000 0.000 0.000 0.000 0.000 0.000 0.000 0.000 0.000 0.000 0.000 0.026 0.010 0.081
0.998 0.000 0.999 0.942 0.000 0.000 0.000 0.000 0.000 0.000 0.000 0.000 0.000 0.000 0.000 0.000 0.000 0.000 0.000 0.000 0.000 0.000 0.000 0.000 0.000 0.924 0.989 0.996 0.024 0.000 0.978 0.000 0.000 0.000 0.000 0.000 0.583 0.000 0.000 0.000 0.000 0.000 0.000 0.000 0.000 0.000 0.000 0.000 0.000 0.000 0.000 0.000 0.000 0.000 0.000 0.547 0.414 0.113
0.987 0.999 0.000 0.995 0.947 0.000 0.000 0.000 0.000 0.000 0.000 0.000 0.000 0.000 0.000 0.000 0.000 0.000 0.000 0.000 0.000 0.000 0.000 0.000 0.989 0.993 1.000 0.999 0.000 0.000 0.002 0.000 0.000 0.000 0.000 0.000 0.096 0.000 0.000 0.008 0.000 0.012 0.000 0.000 0.000 0.000 0.000 0.000 0.000 0.000 0.000 0.000 0.000 0.000 0.920 0.960 0.998 0.912
0.000 0.942 0.995 0.000 1.000 0.999 0.000 0.000 0.000 0.000 0.000 0.000 0.000 0.000 0.000 0.000 0.000 0.000 0.000 0.000 0.000 0.000 0.000 0.999 1.000 1.000 0.946 0.998 0.000 0.000 0.039 0.000 0.000 0.000 0.000 0.000 0.995 0.000 0.946 0.000 0.000 0.000 0.000 0.000 0.000 0.000 0.000 0.000 1.000 0.000 0.276 0.000 0.000 1.000 1.000 0.974 0.998 0.007
0.000 0.000 0.947 1.000 0.000 1.000 1.000 0.001 0.000 0.000 0.000 0.000 0.000 0.000 0.000 0.000 0.000 0.000 0.000 0.000 0.000 0.033 1.000 1.000 1.000 1.000 0.000 0.000 0.000 0.000 0.000 0.000 0.000 0.000 0.000 0.000 0.000 0.000 0.000 0.000 0.000 0.000 0.000 0.000 0.000 0.000 0.000 0.000 0.000 0.000 0.000 0.000 0.982 1.000 1.000 0.967 0.999 0.022
0.000 0.000 0.000 0.999 1.000 0.000 1.000 1.000 0.864 0.019 0.000 0.000 0.000 0.000 0.000 0.000 0.000 0.000 0.000 1.000 1.000 1.000 1.000 1.000 1.000 0.999 0.000 0.000 0.000 0.000 0.000 0.000 0.000 0.000 0.000 0.000 0.000 0.000 0.000 0.000 0.000 0.000 0.000 0.000 0.000 0.000 0.000 0.000 0.009 0.000 0.000 0.000 1.000 1.000 0.995 0.000 0.000 0.000
0.000 0.000 0.000 0.000 1.000 1.000 0.000 1.000 1.000 0.000 0.000 0.000 0.000 0.000 0.000 0.000 0.000 0.000 0.000 0.992 0.001 1.000 1.000 0.000 0.000 0.000 0.000 0.000 0.000 0.000 0.000 0.000 0.000 0.000 0.000 0.000 0.000 0.000 0.000 0.000 0.000 0.000 0.000 0.000 0.000 0.000 0.000 0.000 0.000 0.000 0.201 0.978 1.000 1.000 1.000 0.001 0.000 0.000
0.000 0.000 0.000 0.000 0.001 1.000 1.000 0.000 1.000 1.000 0.004 0.001 0.001 0.000 0.000 0.000 0.000 0.000 0.000 1.000 0.999 1.000 0.942 0.010 0.000 0.000 0.000 0.000 0.000 0.000 0.000 0.000 0.000 0.000 0.000 0.000 0.000 0.000 0.000 0.000 0.000 0.000 0.000 0.000 0.000 0.000 0.000 0.000 0.000 0.000 0.000 0.970 1.000 0.896 0.000 0.000 0.000 0.000
0.000 0.000 0.000 0.000 0.000 0.864 1.000 1.000 0.000 1.000 1.000 0.000 0.000 0.000 0.000 0.000 0.000 0.000 0.000 1.000 1.000 1.000 0.000 0.000 0.000 0.000 0.000 0.000 0.000 0.000 0.000 0.000 0.000 0.000 0.000 0.000 0.000 0.000 0.000 0.000 0.000 0.000 0.000 0.000 0.000 0.000 0.000 0.000 0.000 0.000 0.000 0.000 0.614 0.000 0.000 0.000 0.000 0.000
0.000 0.000 0.000 0.000 0.000 0.019 0.000 1.000 1.000 0.000 1.000 1.000 0.955 0.087 0.000 0.000 0.999 0.999 1.000 1.000 1.000 0.401 0.000 0.000 0.000 0.000 0.000 0.000 0.000 0.000 0.000 0.000 0.000 0.000 0.000 0.005 0.000 0.000 0.000 0.000 0.000 0.000 0.000 0.000 0.000 0.000 0.000 0.293 0.814 0.572 0.000 0.000 1.000 0.000 0.000 0.000 0.000 0.000
0.000 0.000 0.000 0.000 0.000 0.000 0.000 0.004 1.000 1.000 0.000 1.000 0.991 0.073 0.000 0.000 0.692 0.416 1.000 0.999 0.068 0.000 0.000 0.000 0.000 0.000 0.000 0.000 0.000 0.000 0.000 0.000 0.000 0.000 0.000 0.000 0.000 0.000 0.000 0.000 0.000 0.000 0.000 0.000 0.000 0.000 0.000 0.000 0.000 0.000 0.000 0.000 0.004 0.000 0.000 0.000 0.000 0.000
0.000 0.000 0.000 0.000 0.000 0.000 0.000 0.001 0.000 1.000 1.000 0.000 0.997 0.944 0.006 0.000 1.000 0.381 0.921 0.071 0.000 0.000 0.000 0.000 0.000 0.000 0.000 0.000 0.000 0.000 0.000 0.000 0.000 0.000 0.000 0.000 0.000 0.000 0.000 0.000 0.000 0.000 0.000 0.000 0.000 0.000 0.000 0.001 0.000 0.000 0.000 0.000 0.001 0.000 0.000 0.000 0.000 0.000
0.000 0.000 0.000 0.000 0.000 0.000 0.000 0.001 0.000 0.955 0.991 0.997 0.000 1.000 0.922 0.004 1.000 0.000 0.005 0.000 0.000 0.000 0.000 0.000 0.000 0.000 0.000 0.000 0.000 0.000 0.000 0.000 0.000 0.000 0.000 0.000 0.000 0.000 0.000 0.000 0.000 0.000 0.000 0.000 0.000 0.000 0.000 0.000 0.000 0.003 0.000 0.000 0.020 0.000 0.000 0.000 0.000 0.000
0.000 0.000 0.000 0.000 0.000 0.000 0.000 0.000 0.000 0.087 0.073 0.944 1.000 0.000 0.996 0.993 1.000 0.000 0.009 0.000 0.000 0.000 0.000 0.000 0.000 0.000 0.000 0.000 0.000 0.000 0.000 0.000 0.000 0.000 0.000 0.010 0.000 0.000 0.000 0.000 0.000 0.000 0.000 0.000 0.000 0.000 0.000 0.487 0.000 0.000 0.000 0.000 0.000 0.000 0.000 0.000 0.000 0.000
0.000 0.000 0.000 0.000 0.000 0.000 0.000 0.000 0.000 0.000 0.000 0.006 0.922 0.996 0.000 1.000 0.969 0.002 0.010 0.000 0.000 0.000 0.000 0.000 0.000 0.000 0.000 0.000 0.000 0.000 0.000 0.000 0.000 0.000 0.000 0.000 0.000 0.000 0.000 0.000 0.000 0.000 0.000 0.000 0.074 0.021 0.051 0.000 0.000 0.000 0.000 0.000 0.000 0.000 0.000 0.000 0.000 0.000
0.000 0.000 0.000 0.000 0.000 0.000 0.000 0.000 0.000 0.000 0.000 0.000 0.004 0.993 1.000 0.000 0.965 0.860 0.000 0.000 0.000 0.000 0.000 0.000 0.000 0.000 0.000 0.000 0.000 0.000 0.000 0.004 0.004 0.000 0.000 0.094 0.000 0.194 0.000 0.000 0.000 0.000 0.000 0.000 0.008 0.466 0.988 0.993 0.000 0.000 0.000 0.000 0.000 0.000 0.000 0.000 0.000 0.000
0.000 0.000 0.000 0.000 0.000 0.000 0.000 0.000 0.000 0.999 0.692 1.000 1.000 1.000 0.969 0.965 0.000 1.000 0.995 0.019 0.000 0.000 0.000 0.000 0.000 0.000 0.000 0.000 0.000 0.000 0.000 0.000 0.000 0.000 0.000 0.804 0.000 0.000 0.000 0.000 0.000 0.000 0.000 0.000 0.148 0.198 0.936 1.000 0.982 0.257 0.000 0.000 0.076 0.000 0.000 0.000 0.000 0.000
0.000 0.000 0.000 0.000 0.000 0.000 0.000 0.000 0.000 0.999 0.416 0.381 0.000 0.000 0.002 0.860 1.000 0.000 1.000 1.000 0.000 0.000 0.000 0.008 0.000 1.000 0.013 0.000 0.000 0.000 0.000 0.000 0.000 0.000 0.000 0.000 0.000 0.014 1.000 0.968 1.000 0.000 0.004 0.000 0.950 0.902 0.984 1.000 1.000 0.000 0.000 0.000 0.000 0.000 0.000 0.000 0.000 0.000
0.000 0.000 0.000 0.000 0.000 0.000 0.000 0.000 0.000 1.000 1.000 0.921 0.005 0.009 0.010 0.000 0.995 1.000 0.000 1.000 1.000 0.000 0.000 0.371 0.000 0.738 0.000 0.000 0.000 0.000 0.000 0.000 0.000 0.000 0.000 0.000 0.000 0.000 0.000 0.000 0.880 0.000 0.004 0.000 0.535 0.029 0.057 0.000 0.049 0.000 0.000 0.000 0.000 0.000 0.000 0.000 0.000 0.000
0.000 0.000 0.000 0.000 0.000 1.000 0.992 1.000 1.000 1.000 0.999 0.071 0.000 0.000 0.000 0.000 0.019 1.000 1.000 0.000 1.000 1.000 0.081 0.997 0.000 1.000 0.000 0.000 0.000 0.000 0.000 0.000 0.000 0.000 0.000 0.000 0.000 0.000 0.007 0.000 0.549 0.001 0.000 0.000 0.009 0.000 0.000 0.846 1.000 0.993 0.000 0.000 1.000 0.998 0.000 0.000 0.000 0.000
0.000 0.000 0.000 0.000 0.000 1.000 0.001 0.999 1.000 1.000 0.068 0.000 0.000 0.000 0.000 0.000 0.000 0.000 1.000 1.000 0.000 1.000 1.000 1.000 0.001 0.219 0.000 0.000 0.000 0.000 0.000 0.000 0.000 0.000 0.000 0.000 0.000 0.000 0.000 0.000 0.007 0.004 0.008 0.000 0.002 0.000 0.000 0.000 0.000 0.000 0.000 0.000 0.000 0.000 0.000 0.000 0.000 0.000
0.000 0.000 0.000 0.000 0.033 1.000 1.000 1.000 1.000 0.401 0.000 0.000 0.000 0.000 0.000 0.000 0.000 0.000 0.000 1.000 1.000 0.000 1.000 1.000 0.000 0.000 0.000 0.000 0.000 0.000 0.000 0.000 0.000 0.000 0.000 0.000 0.000 0.000 0.000 0.000 0.000 0.000 0.000 0.000 0.000 0.000 0.000 0.000 0.000 0.000 0.000 0.000 0.000 0.000 0.003 0.000 0.000 0.000
0.000 0.000 0.000 0.000 1.000 1.000 1.000 0.942 0.000 0.000 0.000 0.000 0.000 0.000 0.000 0.000 0.000 0.000 0.000 0.081 1.000 1.000 0.000 1.000 1.000 0.000 0.000 0.000 0.000 0.000 0.000 0.000 0.000 0.000 0.000 0.000 0.000 0.000 0.000 0.000 0.000 0.000 0.000 0.000 0.000 0.000 0.000 0.000 0.000 0.000 0.000 0.000 0.000 0.000 0.033 0.000 0.000 0.000
0.000 0.000 0.000 0.999 1.000 1.000 0.000 0.010 0.000 0.000 0.000 0.000 0.000 0.000 0.000 0.000 0.000 0.008 0.371 0.997 1.000 1.000 1.000 0.000 1.000 1.000 0.000 0.000 0.000 0.000 0.000 0.000 0.000 0.000 0.000 0.000 0.000 0.000 0.000 0.000 0.444 0.485 0.031 0.000 0.001 0.000 0.000 0.000 0.000 0.000 0.000 0.000 0.000 0.041 0.000 0.000 0.000 0.000
0.000 0.000 0.989 1.000 1.000 1.000 0.000 0.000 0.000 0.000 0.000 0.000 0.000 0.000 0.000 0.000 0.000 0.000 0.000 0.000 0.001 0.000 1.000 1.000 0.000 1.000 0.962 0.000 0.000 0.000 0.000 0.000 0.000 0.000 0.000 0.000 0.000 0.000 0.000 0.718 0.954 0.922 0.000 0.000 0.000 0.000 0.000 0.000 0.000 0.000 0.000 0.000 0.000 0.000 0.000 0.000 0.990 0.053
0.000 0.924 0.993 1.000 1.000 0.999 0.000 0.000 0.000 0.000 0.000 0.000 0.000 0.000 0.000 0.000 0.000 1.000 0.738 1.000 0.219 0.000 0.000 1.000 1.000 0.000 0.975 0.999 0.000 0.000 0.000 0.000 0.000 0.000 0.000 0.000 0.000 0.000 0.998 0.940 0.984 0.945 0.000 0.000 0.097 0.004 0.005 0.000 1.000 0.000 0.000 0.000 0.000 1.000 0.000 0.000 0.377 0.000
0.992 0.989 1.000 0.946 0.000 0.000 0.000 0.000 0.000 0.000 0.000 0.000 0.000 0.000 0.000 0.000 0.000 0.013 0.000 0.000 0.000 0.000 0.000 0.000 0.962 0.975 0.000 1.000 1.000 0.000 0.000 0.000 0.000 0.000 0.000 0.000 0.000 0.940 1.000 1.000 0.989 0.008 0.000 0.000 0.000 0.006 0.000 0.000 0.018 0.000 0.000 0.000 0.000 0.000 0.000 0.000 0.000 0.000
0.507 0.996 0.999 0.998 0.000 0.000 0.000 0.000 0.000 0.000 0.000 0.000 0.000 0.000 0.000 0.000 0.000 0.000 0.000 0.000 0.000 0.000 0.000 0.000 0.000 0.999 1.000 0.000 0.997 0.986 0.996 0.003 0.000 0.000 0.000 0.000 0.999 1.000 1.000 0.993 0.000 0.000 0.000 0.000 0.000 0.000 0.000 0.000 0.978 0.000 0.072 0.000 0.000 0.924 0.000 0.043 0.002 0.000
0.052 0.024 0.000 0.000 0.000 0.000 0.000 0.000 0.000 0.000 0.000 0.000 0.000 0.000 0.000 0.000 0.000 0.000 0.000 0.000 0.000 0.000 0.000 0.000 0.000 0.000 1.000 0.997 0.000 1.000 0.951 0.000 0.000 0.000 0.000 0.000 0.513 1.000 0.981 0.999 0.001 0.000 0.000 0.283 0.000 0.989 0.017 0.000 0.000 0.000 0.000 0.000 0.000 0.000 0.000 0.000 0.000 0.000
0.000 0.000 0.000 0.000 0.000 0.000 0.000 0.000 0.000 0.000 0.000 0.000 0.000 0.000 0.000 0.000 0.000 0.000 0.000 0.000 0.000 0.000 0.000 0.000 0.000 0.000 0.000 0.986 1.000 0.000 1.000 1.000 0.001 0.000 0.000 0.073 0.892 0.999 0.927 0.000 0.000 0.000 0.000 0.000 0.000 0.385 0.000 0.040 0.000 0.000 0.000 0.000 0.000 0.000 0.000 0.000 0.000 0.000
0.000 0.978 0.002 0.039 0.000 0.000 0.000 0.000 0.000 0.000 0.000 0.000 0.000 0.000 0.000 0.000 0.000 0.000 0.000 0.000 0.000 0.000 0.000 0.000 0.000 0.000 0.000 0.996 0.951 1.000 0.000 1.000 0.964 0.348 0.000 0.904 0.986 0.996 0.000 0.000 0.000 0.000 0.000 0.000 0.000 0.000 0.000 0.000 0.001 0.000 0.036 0.000 0.000 0.000 0.000 0.224 0.000 0.000
0.000 0.000 0.000 0.000 0.000 0.000 0.000 0.000 0.000 0.000 0.000 0.000 0.000 0.000 0.000 0.004 0.000 0.000 0.000 0.000 0.000 0.000 0.000 0.000 0.000 0.000 0.000 0.003 0.000 1.000 1.000 0.000 0.984 0.787 0.000 0.897 0.908 0.987 0.000 0.000 0.000 0.000 0.000 0.000 0.000 0.000 0.000 0.953 0.000 0.000 0.000 0.000 0.000 0.000 0.000 0.000 0.000 0.000
0.000 0.000 0.000 0.000 0.000 0.000 0.000 0.000 0.000 0.000 0.000 0.000 0.000 0.000 0.000 0.004 0.000 0.000 0.000 0.000 0.000 0.000 0.000 0.000 0.000 0.000 0.000 0.000 0.000 0.001 0.964 0.984 0.000 0.985 0.957 0.971 0.963 0.016 0.000 0.000 0.000 0.000 0.000 0.000 0.000 0.000 0.000 0.405 0.000 0.006 0.176 0.000 0.000 0.000 0.000 0.000 0.000 0.000
0.000 0.000 0.000 0.000 0.000 0.000 0.000 0.000 0.000 0.000 0.000 0.000 0.000 0.000 0.000 0.000 0.000 0.000 0.000 0.000 0.000 0.000 0.000 0.000 0.000 0.000 0.000 0.000 0.000 0.000 0.348 0.787 0.985 0.000 0.997 0.900 0.899 0.000 0.000 0.000 0.000 0.000 0.000 0.000 0.000 0.000 0.000 0.000 0.000 0.002 0.887 0.000 0.000 0.000 0.000 0.000 0.000 0.000
0.000 0.000 0.000 0.000 0.000 0.000 0.000 0.000 0.000 0.000 0.000 0.000 0.000 0.000 0.000 0.000 0.000 0.000 0.000 0.000 0.000 0.000 0.000 0.000 0.000 0.000 0.000 0.000 0.000 0.000 0.000 0.000 0.957 0.997 0.000 1.000 0.980 0.000 0.000 0.000 0.000 0.000 0.000 0.000 0.000 0.000 0.000 0.000 0.950 1.000 1.000 0.882 0.000 0.000 0.000 0.000 0.000 0.000
0.000 0.000 0.000 0.000 0.000 0.000 0.000 0.000 0.000 0.005 0.000 0.000 0.000 0.010 0.000 0.094 0.804 0.000 0.000 0.000 0.000 0.000 0.000 0.000 0.000 0.000 0.000 0.000 0.000 0.073 0.904 0.897 0.971 0.900 1.000 0.000 1.000 0.914 0.000 0.000 0.000 0.000 0.000 0.000 0.000 0.000 0.000 0.994 0.994 0.991 0.990 0.000 0.000 0.000 0.000 0.000 0.000 0.000
0.000 0.583 0.096 0.995 0.000 0.000 0.000 0.000 0.000 0.000 0.000 0.000 0.000 0.000 0.000 0.000 0.000 0.000 0.000 0.000 0.000 0.000 0.000 0.000 0.000 0.000 0.000 0.999 0.513 0.892 0.986 0.908 0.963 0.899 0.980 1.000 0.000 0.954 0.995 0.000 0.000 0.000 0.000 0.000 0.000 0.000 0.950 1.000 1.000 0.984 0.999 0.000 0.000 0.852 0.036 0.534 0.001 0.000
0.000 0.000 0.000 0.000 0.000 0.000 0.000 0.000 0.000 0.000 0.000 0.000 0.000 0.000 0.000 0.194 0.000 0.014 0.000 0.000 0.000 0.000 0.000 0.000 0.000 0.000 0.940 1.000 1.000 0.999 0.996 0.987 0.016 0.000 0.000 0.914 0.954 0.000 0.995 0.959 0.000 0.000 0.000 0.000 0.000 0.999 0.983 0.993 0.877 0.000 0.000 0.000 0.000 0.000 0.000 0.000 0.000 0.000
0.000 0.000 0.000 0.946 0.000 0.000 0.000 0.000 0.000 0.000 0.000 0.000 0.000 0.000 0.000 0.000 0.000 1.000 0.000 0.007 0.000 0.000 0.000 0.000 0.000 0.998 1.000 1.000 0.981 0.927 0.000 0.000 0.000 0.000 0.000 0.000 0.995 0.995 0.000 0.999 0.965 0.000 0.000 0.000 0.951 0.947 0.999 0.990 0.974 0.000 0.000 0.000 0.000 0.002 0.000 0.000 0.000 0.000
0.000 0.000 0.008 0.000 0.000 0.000 0.000 0.000 0.000 0.000 0.000 0.000 0.000 0.000 0.000 0.000 0.000 0.968 0.000 0.000 0.000 0.000 0.000 0.000 0.718 0.940 1.000 0.993 0.999 0.000 0.000 0.000 0.000 0.000 0.000 0.000 0.000 0.959 0.999 0.000 1.000 0.989 0.179 0.998 0.998 0.994 0.966 0.000 0.035 0.000 0.000 0.000 0.000 0.000 0.000 0.000 0.000 0.000
0.000 0.000 0.000 0.000 0.000 0.000 0.000 0.000 0.000 0.000 0.000 0.000 0.000 0.000 0.000 0.000 0.000 1.000 0.880 0.549 0.007 0.000 0.000 0.444 0.954 0.984 0.989 0.000 0.001 0.000 0.000 0.000 0.000 0.000 0.000 0.000 0.000 0.000 0.965 1.000 0.000 1.000 1.000 0.968 0.973 0.914 0.023 0.000 0.000 0.000 0.000 0.000 0.000 0.000 0.000 0.000 0.000 0.000
0.000 0.000 0.012 0.000 0.000 0.000 0.000 0.000 0.000 0.000 0.000 0.000 0.000 0.000 0.000 0.000 0.000 0.000 0.000 0.001 0.004 0.000 0.000 0.485 0.922 0.945 0.008 0.000 0.000 0.000 0.000 0.000 0.000 0.000 0.000 0.000 0.000 0.000 0.000 0.989 1.000 0.000 1.000 0.954 0.635 0.000 0.000 0.000 0.000 0.000 0.000 0.000 0.000 0.000 0.000 0.000 0.000 0.000
0.000 0.000 0.000 0.000 0.000 0.000 0.000 0.000 0.000 0.000 0.000 0.000 0.000 0.000 0.000 0.000 0.000 0.004 0.004 0.000 0.008 0.000 0.000 0.031 0.000 0.000 0.000 0.000 0.000 0.000 0.000 0.000 0.000 0.000 0.000 0.000 0.000 0.000 0.000 0.179 1.000 1.000 0.000 0.999 1.000 0.000 0.000 0.000 0.000 0.000 0.000 0.000 0.000 0.000 0.000 0.000 0.000 0.000
0.000 0.000 0.000 0.000 0.000 0.000 0.000 0.000 0.000 0.000 0.000 0.000 0.000 0.000 0.000 0.000 0.000 0.000 0.000 0.000 0.000 0.000 0.000 0.000 0.000 0.000 0.000 0.000 0.283 0.000 0.000 0.000 0.000 0.000 0.000 0.000 0.000 0.000 0.000 0.998 0.968 0.954 0.999 0.000 0.996 0.998 0.000 0.000 0.000 0.000 0.000 0.000 0.000 0.000 0.000 0.000 0.000 0.000
0.000 0.000 0.000 0.000 0.000 0.000 0.000 0.000 0.000 0.000 0.000 0.000 0.000 0.000 0.074 0.008 0.148 0.950 0.535 0.009 0.002 0.000 0.000 0.001 0.000 0.097 0.000 0.000 0.000 0.000 0.000 0.000 0.000 0.000 0.000 0.000 0.000 0.000 0.951 0.998 0.973 0.635 1.000 0.996 0.000 1.000 0.992 0.000 0.000 0.000 0.000 0.000 0.000 0.000 0.000 0.000 0.000 0.000
0.000 0.000 0.000 0.000 0.000 0.000 0.000 0.000 0.000 0.000 0.000 0.000 0.000 0.000 0.021 0.466 0.198 0.902 0.029 0.000 0.000 0.000 0.000 0.000 0.000 0.004 0.006 0.000 0.989 0.385 0.000 0.000 0.000 0.000 0.000 0.000 0.000 0.999 0.947 0.994 0.914 0.000 0.000 0.998 1.000 0.000 0.994 0.855 0.000 0.000 0.000 0.000 0.000 0.000 0.000 0.000 0.000 0.000
0.000 0.000 0.000 0.000 0.000 0.000 0.000 0.000 0.000 0.000 0.000 0.000 0.000 0.000 0.051 0.988 0.936 0.984 0.057 0.000 0.000 0.000 0.000 0.000 0.000 0.005 0.000 0.000 0.017 0.000 0.000 0.000 0.000 0.000 0.000 0.000 0.950 0.983 0.999 0.966 0.023 0.000 0.000 0.000 0.992 0.994 0.000 0.995 0.906 0.000 0.000 0.000 0.000 0.000 0.000 0.000 0.000 0.000
0.000 0.000 0.000 0.000 0.000 0.000 0.000 0.000 0.000 0.293 0.000 0.001 0.000 0.487 0.000 0.993 1.000 1.000 0.000 0.846 0.000 0.000 0.000 0.000 0.000 0.000 0.000 0.000 0.000 0.040 0.000 0.953 0.405 0.000 0.000 0.994 1.000 0.993 0.990 0.000 0.000 0.000 0.000 0.000 0.000 0.855 0.995 0.000 1.000 0.989 0.000 0.000 0.000 0.000 0.000 0.000 0.000 0.000
0.000 0.000 0.000 1.000 0.000 0.009 0.000 0.000 0.000 0.814 0.000 0.000 0.000 0.000 0.000 0.000 0.982 1.000 0.049 1.000 0.000 0.000 0.000 0.000 0.000 1.000 0.018 0.978 0.000 0.000 0.001 0.000 0.000 0.000 0.950 0.994 1.000 0.877 0.974 0.035 0.000 0.000 0.000 0.000 0.000 0.000 0.906 1.000 0.000 1.000 0.982 0.002 0.945 1.000 0.000 0.000 0.000 0.000
0.000 0.000 0.000 0.000 0.000 0.000 0.000 0.000 0.000 0.572 0.000 0.000 0.003 0.000 0.000 0.000 0.257 0.000 0.000 0.993 0.000 0.000 0.000 0.000 0.000 0.000 0.000 0.000 0.000 0.000 0.000 0.000 0.006 0.002 1.000 0.991 0.984 0.000 0.000 0.000 0.000 0.000 0.000 0.000 0.000 0.000 0.000 0.989 1.000 0.000 1.000 1.000 1.000 0.999 0.000 0.000 0.000 0.000
0.000 0.000 0.000 0.276 0.000 0.000 0.201 0.000 0.000 0.000 0.000 0.000 0.000 0.000 0.000 0.000 0.000 0.000 0.000 0.000 0.000 0.000 0.000 0.000 0.000 0.000 0.000 0.072 0.000 0.000 0.036 0.000 0.176 0.887 1.000 0.990 0.999 0.000 0.000 0.000 0.000 0.000 0.000 0.000 0.000 0.000 0.000 0.000 0.982 1.000 0.000 1.000 0.999 0.993 0.105 0.048 0.000 0.000
0.000 0.000 0.000 0.000 0.000 0.000 0.978 0.970 0.000 0.000 0.000 0.000 0.000 0.000 0.000 0.000 0.000 0.000 0.000 0.000 0.000 0.000 0.000 0.000 0.000 0.000 0.000 0.000 0.000 0.000 0.000 0.000 0.000 0.000 0.882 0.000 0.000 0.000 0.000 0.000 0.000 0.000 0.000 0.000 0.000 0.000 0.000 0.000 0.002 1.000 1.000 0.000 0.996 0.966 0.000 0.001 0.000 0.000
0.000 0.000 0.000 0.000 0.982 1.000 1.000 1.000 0.614 1.000 0.004 0.001 0.020 0.000 0.000 0.000 0.076 0.000 0.000 1.000 0.000 0.000 0.000 0.000 0.000 0.000 0.000 0.000 0.000 0.000 0.000 0.000 0.000 0.000 0.000 0.000 0.000 0.000 0.000 0.000 0.000 0.000 0.000 0.000 0.000 0.000 0.000 0.000 0.945 1.000 0.999 0.996 0.000 1.000 0.995 0.000 0.000 0.000
0.000 0.000 0.000 1.000 1.000 1.000 1.000 0.896 0.000 0.000 0.000 0.000 0.000 0.000 0.000 0.000 0.000 0.000 0.000 0.998 0.000 0.000 0.000 0.041 0.000 1.000 0.000 0.924 0.000 0.000 0.000 0.000 0.000 0.000 0.000 0.000 0.852 0.000 0.002 0.000 0.000 0.000 0.000 0.000 0.000 0.000 0.000 0.000 1.000 0.999 0.993 0.966 1.000 0.000 1.000 0.948 0.000 0.000
0.000 0.000 0.920 1.000 1.000 0.995 1.000 0.000 0.000 0.000 0.000 0.000 0.000 0.000 0.000 0.000 0.000 0.000 0.000 0.000 0.000 0.003 0.033 0.000 0.000 0.000 0.000 0.000 0.000 0.000 0.000 0.000 0.000 0.000 0.000 0.000 0.036 0.000 0.000 0.000 0.000 0.000 0.000 0.000 0.000 0.000 0.000 0.000 0.000 0.000 0.105 0.000 0.995 1.000 0.000 0.999 0.999 0.002
0.026 0.547 0.960 0.974 0.967 0.000 0.001 0.000 0.000 0.000 0.000 0.000 0.000 0.000 0.000 0.000 0.000 0.000 0.000 0.000 0.000 0.000 0.000 0.000 0.000 0.000 0.000 0.043 0.000 0.000 0.224 0.000 0.000 0.000 0.000 0.000 0.534 0.000 0.000 0.000 0.000 0.000 0.000 0.000 0.000 0.000 0.000 0.000 0.000 0.000 0.048 0.001 0.000 0.948 0.999 0.000 0.998 0.970
0.010 0.414 0.998 0.998 0.999 0.000 0.000 0.000 0.000 0.000 0.000 0.000 0.000 0.000 0.000 0.000 0.000 0.000 0.000 0.000 0.000 0.000 0.000 0.000 0.990 0.377 0.000 0.002 0.000 0.000 0.000 0.000 0.000 0.000 0.000 0.000 0.001 0.000 0.000 0.000 0.000 0.000 0.000 0.000 0.000 0.000 0.000 0.000 0.000 0.000 0.000 0.000 0.000 0.000 0.999 0.998 0.000 0.999
0.081 0.113 0.912 0.007 0.022 0.000 0.000 0.000 0.000 0.000 0.000 0.000 0.000 0.000 0.000 0.000 0.000 0.000 0.000 0.000 0.000 0.000 0.000 0.000 0.053 0.000 0.000 0.000 0.000 0.000 0.000 0.000 0.000 0.000 0.000 0.000 0.000 0.000 0.000 0.000 0.000 0.000 0.000 0.000 0.000 0.000 0.000 0.000 0.000 0.000 0.000 0.000 0.000 0.000 0.002 0.970 0.999 0.000
