0.000 0.998 0.977 0.234 0.010 0.009 0.000 0.003 0.000 0.000 0.000 0.000 0.007 0.000 0.000 0.000 0.000 0.000 0.001 0.000 0.000 0.000 0.000 0.000 0.000 0.000 0.000 0.000 0.000 0.000 0.535 0.100 0.188 0.249
0.998 0.000 0.995 0.968 0.007 0.969 0.947 0.960 0.000 0.000 0.000 0.000 0.000 0.000 0.000 0.000 0.000 0.000 0.973 0.125 0.000 0.000 0.000 0.000 0.000 0.000 0.000 0.000 0.000 0.000 0.980 0.972 0.377 0.227
0.977 0.995 0.000 1.000 0.944 0.992 0.005 0.000 0.000 0.000 0.000 0.000 0.000 0.000 0.000 0.000 0.000 0.000 0.007 0.000 0.326 0.000 0.000 0.000 0.000 0.000 0.000 0.004 0.000 0.000 0.461 0.984 0.985 0.570
0.234 0.968 1.000 0.000 0.996 0.999 0.010 0.000 0.000 0.000 0.000 0.000 0.000 0.000 0.000 0.000 0.000 0.000 0.000 0.000 0.864 0.004 0.798 0.049 0.000 0.000 0.000 0.000 0.000 0.000 0.000 0.000 0.020 0.259
0.010 0.007 0.944 0.996 0.000 0.999 0.977 0.000 0.000 0.000 0.000 0.000 0.000 0.000 0.000 0.000 0.000 0.000 0.000 0.929 0.979 0.979 0.996 0.453 0.000 0.000 0.000 0.000 0.000 0.000 0.000 0.000 0.000 0.000
0.009 0.969 0.992 0.999 0.999 0.000 0.995 0.902 0.000 0.000 0.000 0.000 0.000 0.000 0.000 0.000 0.000 0.039 0.991 0.993 0.999 0.970 0.219 0.710 0.000 0.963 0.940 0.997 0.000 0.005 0.000 0.986 0.190 0.016
0.000 0.947 0.005 0.010 0.977 0.995 0.000 0.989 0.981 0.110 0.000 0.000 0.000 0.000 0.000 0.000 0.000 0.916 0.979 0.999 0.969 0.996 0.006 0.000 0.025 0.000 0.000 0.000 0.000 0.000 0.000 0.276 0.000 0.000
0.003 0.960 0.000 0.000 0.000 0.902 0.989 0.000 0.982 0.844 0.000 0.000 0.000 0.000 0.000 0.000 0.990 0.960 0.999 0.901 0.000 0.000 0.000 0.000 0.000 0.000 0.000 0.000 0.000 0.000 0.366 0.007 0.000 0.000
0.000 0.000 0.000 0.000 0.000 0.000 0.981 0.982 0.000 0.999 0.891 0.002 0.000 0.000 0.000 0.922 0.985 1.000 0.982 0.833 0.000 0.000 0.000 0.000 0.000 0.000 0.001 0.000 0.001 0.000 0.000 0.000 0.000 0.000
0.000 0.000 0.000 0.000 0.000 0.000 0.110 0.844 0.999 0.000 0.995 0.966 0.019 0.082 0.989 0.997 0.967 0.994 0.000 0.001 0.000 0.000 0.000 0.000 0.000 0.000 0.000 0.000 0.017 0.000 0.001 0.000 0.000 0.000
0.000 0.000 0.000 0.000 0.000 0.000 0.000 0.000 0.891 0.995 0.000 0.997 0.980 0.998 0.987 0.995 0.875 0.958 0.000 0.000 0.000 0.000 0.000 0.000 0.000 0.000 0.010 0.000 0.819 0.000 0.000 0.000 0.000 0.000
0.000 0.000 0.000 0.000 0.000 0.000 0.000 0.000 0.002 0.966 0.997 0.000 0.993 0.973 0.945 0.165 0.000 0.574 0.000 0.000 0.000 0.000 0.000 0.000 0.000 0.000 0.000 0.000 0.000 0.000 0.000 0.000 0.000 0.000
0.007 0.000 0.000 0.000 0.000 0.000 0.000 0.000 0.000 0.019 0.980 0.993 0.000 0.989 0.944 0.039 0.000 0.000 0.000 0.000 0.000 0.000 0.000 0.000 0.000 0.000 0.000 0.000 0.000 0.000 0.000 0.000 0.000 0.000
0.000 0.000 0.000 0.000 0.000 0.000 0.000 0.000 0.000 0.082 0.998 0.973 0.989 0.000 0.991 0.986 0.000 0.001 0.000 0.000 0.000 0.000 0.000 0.000 0.000 0.000 0.000 0.000 0.314 0.000 0.000 0.000 0.000 0.000
0.000 0.000 0.000 0.000 0.000 0.000 0.000 0.000 0.000 0.989 0.987 0.945 0.944 0.991 0.000 0.997 0.933 0.000 0.000 0.000 0.000 0.000 0.000 0.000 0.000 0.000 0.000 0.000 0.000 0.000 0.000 0.000 0.000 0.000
0.000 0.000 0.000 0.000 0.000 0.000 0.000 0.000 0.922 0.997 0.995 0.165 0.039 0.986 0.997 0.000 0.989 0.990 0.000 0.000 0.000 0.000 0.000 0.000 0.000 0.000 0.000 0.000 0.946 0.077 0.000 0.000 0.000 0.000
0.000 0.000 0.000 0.000 0.000 0.000 0.000 0.990 0.985 0.967 0.875 0.000 0.000 0.000 0.933 0.989 0.000 0.995 0.992 0.000 0.000 0.000 0.000 0.000 0.000 0.000 0.000 0.207 0.989 0.069 0.079 0.000 0.000 0.000
0.000 0.000 0.000 0.000 0.000 0.039 0.916 0.960 1.000 0.994 0.958 0.574 0.000 0.001 0.000 0.990 0.995 0.000 0.998 0.984 0.009 0.000 0.000 0.000 0.001 0.154 0.984 0.992 1.000 0.264 0.000 0.000 0.000 0.000
0.001 0.973 0.007 0.000 0.000 0.991 0.979 0.999 0.982 0.000 0.000 0.000 0.000 0.000 0.000 0.000 0.992 0.998 0.000 0.993 0.941 0.000 0.000 0.000 0.000 0.942 0.988 0.999 0.997 0.999 0.997 0.993 0.000 0.000
0.000 0.125 0.000 0.000 0.929 0.993 0.999 0.901 0.833 0.001 0.000 0.000 0.000 0.000 0.000 0.000 0.000 0.984 0.993 0.000 0.997 0.982 0.023 0.001 0.995 0.995 0.996 0.975 0.000 0.000 0.000 0.137 0.000 0.000
0.000 0.000 0.326 0.864 0.979 0.999 0.969 0.000 0.000 0.000 0.000 0.000 0.000 0.000 0.000 0.000 0.000 0.009 0.941 0.997 0.000 0.991 0.997 0.997 0.991 0.998 0.953 0.091 0.000 0.000 0.000 0.061 0.000 0.000
0.000 0.000 0.000 0.004 0.979 0.970 0.996 0.000 0.000 0.000 0.000 0.000 0.000 0.000 0.000 0.000 0.000 0.000 0.000 0.982 0.991 0.000 0.994 0.969 0.978 0.265 0.000 0.000 0.000 0.000 0.000 0.000 0.000 0.000
0.000 0.000 0.000 0.798 0.996 0.219 0.006 0.000 0.000 0.000 0.000 0.000 0.000 0.000 0.000 0.000 0.000 0.000 0.000 0.023 0.997 0.994 0.000 0.993 0.963 0.235 0.000 0.000 0.000 0.000 0.000 0.000 0.000 0.000
0.000 0.000 0.000 0.049 0.453 0.710 0.000 0.000 0.000 0.000 0.000 0.000 0.000 0.000 0.000 0.000 0.000 0.000 0.000 0.001 0.997 0.969 0.993 0.000 0.998 0.994 0.000 0.000 0.000 0.000 0.000 0.000 0.000 0.000
0.000 0.000 0.000 0.000 0.000 0.000 0.025 0.000 0.000 0.000 0.000 0.000 0.000 0.000 0.000 0.000 0.000 0.001 0.000 0.995 0.991 0.978 0.963 0.998 0.000 0.997 0.974 0.000 0.000 0.000 0.000 0.000 0.000 0.000
0.000 0.000 0.000 0.000 0.000 0.963 0.000 0.000 0.000 0.000 0.000 0.000 0.000 0.000 0.000 0.000 0.000 0.154 0.942 0.995 0.998 0.265 0.235 0.994 0.997 0.000 0.994 0.963 0.000 0.000 0.000 0.000 0.000 0.000
0.000 0.000 0.000 0.000 0.000 0.940 0.000 0.000 0.001 0.000 0.010 0.000 0.000 0.000 0.000 0.000 0.000 0.984 0.988 0.996 0.953 0.000 0.000 0.000 0.974 0.994 0.000 0.994 0.983 0.000 0.000 0.000 0.000 0.000
0.000 0.000 0.004 0.000 0.000 0.997 0.000 0.000 0.000 0.000 0.000 0.000 0.000 0.000 0.000 0.000 0.207 0.992 0.999 0.975 0.091 0.000 0.000 0.000 0.000 0.963 0.994 0.000 0.999 0.986 0.877 0.991 0.688 0.106
0.000 0.000 0.000 0.000 0.000 0.000 0.000 0.000 0.001 0.017 0.819 0.000 0.000 0.314 0.000 0.946 0.989 1.000 0.997 0.000 0.000 0.000 0.000 0.000 0.000 0.000 0.983 0.999 0.000 0.987 0.930 0.031 0.000 0.000
0.000 0.000 0.000 0.000 0.000 0.005 0.000 0.000 0.000 0.000 0.000 0.000 0.000 0.000 0.000 0.077 0.069 0.264 0.999 0.000 0.000 0.000 0.000 0.000 0.000 0.000 0.000 0.986 0.987 0.000 0.994 0.990 0.033 0.077
0.535 0.980 0.461 0.000 0.000 0.000 0.000 0.366 0.000 0.001 0.000 0.000 0.000 0.000 0.000 0.000 0.079 0.000 0.997 0.000 0.000 0.000 0.000 0.000 0.000 0.000 0.000 0.877 0.930 0.994 0.000 0.998 0.979 0.607
0.100 0.972 0.984 0.000 0.000 0.986 0.276 0.007 0.000 0.000 0.000 0.000 0.000 0.000 0.000 0.000 0.000 0.000 0.993 0.137 0.061 0.000 0.000 0.000 0.000 0.000 0.000 0.991 0.031 0.990 0.998 0.000 0.996 0.981
0.188 0.377 0.985 0.020 0.000 0.190 0.000 0.000 0.000 0.000 0.000 0.000 0.000 0.000 0.000 0.000 0.000 0.000 0.000 0.000 0.000 0.000 0.000 0.000 0.000 0.000 0.000 0.688 0.000 0.033 0.979 0.996 0.000 0.987
0.249 0.227 0.570 0.259 0.000 0.016 0.000 0.000 0.000 0.000 0.000 0.000 0.000 0.000 0.000 0.000 0.000 0.000 0.000 0.000 0.000 0.000 0.000 0.000 0.000 0.000 0.000 0.106 0.000 0.077 0.607 0.981 0.987 0.000
