0.000 0.987 0.933 0.028 0.001 0.000 0.000 0.006 0.028 0.075 0.000 0.022 0.001 0.001 0.000 0.000 0.001 0.000 0.000 0.000 0.000 0.000 0.000 0.000 0.834 0.839 0.804 0.536 0.778
0.987 0.000 1.000 0.972 0.144 0.000 0.000 0.000 0.003 0.027 0.000 0.008 0.000 0.000 0.000 0.001 0.000 0.000 0.000 0.000 0.000 0.000 0.000 0.915 0.971 0.981 0.652 0.491 0.650
0.933 1.000 0.000 0.996 0.999 0.306 0.001 0.000 0.000 0.031 0.000 0.070 0.000 0.000 0.001 0.000 0.015 0.000 0.001 0.553 0.783 0.843 0.994 0.989 0.995 0.968 0.000 0.000 0.001
0.028 0.972 0.996 0.000 0.989 0.968 0.326 0.000 0.000 0.000 0.000 0.000 0.000 0.000 0.000 0.000 0.000 0.000 0.000 0.012 0.001 0.254 0.965 0.999 0.988 0.992 0.244 0.154 0.073
0.001 0.144 0.999 0.989 0.000 0.997 0.988 0.000 0.000 0.000 0.000 0.004 0.000 0.002 0.075 0.000 0.027 0.000 0.123 0.978 0.711 0.666 0.973 0.828 0.000 0.010 0.000 0.000 0.000
0.000 0.000 0.306 0.968 0.997 0.000 0.995 0.870 0.003 0.000 0.000 0.000 0.000 0.005 0.974 0.015 0.000 0.000 0.905 0.960 0.609 0.950 0.948 0.736 0.000 0.008 0.000 0.000 0.000
0.000 0.000 0.001 0.326 0.988 0.995 0.000 0.983 0.864 0.012 0.350 0.002 0.039 0.102 0.908 0.000 0.000 0.000 0.004 0.494 0.000 0.000 0.031 0.040 0.000 0.012 0.000 0.000 0.000
0.006 0.000 0.000 0.000 0.000 0.870 0.983 0.000 0.993 0.980 0.984 0.934 0.874 0.676 0.940 0.000 0.000 0.000 0.006 0.028 0.000 0.000 0.000 0.000 0.000 0.000 0.000 0.000 0.000
0.028 0.003 0.000 0.000 0.000 0.003 0.864 0.993 0.000 0.992 0.940 0.324 0.064 0.001 0.391 0.000 0.000 0.000 0.008 0.000 0.000 0.000 0.000 0.000 0.019 0.000 0.000 0.000 0.000
0.075 0.027 0.031 0.000 0.000 0.000 0.012 0.980 0.992 0.000 0.987 0.953 0.610 0.004 0.022 0.000 0.000 0.000 0.004 0.000 0.000 0.000 0.000 0.000 0.053 0.000 0.010 0.000 0.012
0.000 0.000 0.000 0.000 0.000 0.000 0.350 0.984 0.940 0.987 0.000 0.992 0.931 0.021 0.016 0.000 0.000 0.000 0.000 0.000 0.000 0.000 0.000 0.000 0.017 0.000 0.001 0.000 0.000
0.022 0.008 0.070 0.000 0.004 0.000 0.002 0.934 0.324 0.953 0.992 0.000 0.981 0.913 0.161 0.025 0.000 0.000 0.014 0.000 0.000 0.000 0.000 0.000 0.038 0.000 0.013 0.000 0.000
0.001 0.000 0.000 0.000 0.000 0.000 0.039 0.874 0.064 0.610 0.931 0.981 0.000 0.989 0.901 0.000 0.000 0.000 0.001 0.002 0.000 0.000 0.000 0.000 0.001 0.000 0.009 0.000 0.000
0.001 0.000 0.000 0.000 0.002 0.005 0.102 0.676 0.001 0.004 0.021 0.913 0.989 0.000 0.983 0.919 0.021 0.000 0.101 0.047 0.000 0.000 0.000 0.000 0.001 0.000 0.010 0.000 0.000
0.000 0.000 0.001 0.000 0.075 0.974 0.908 0.940 0.391 0.022 0.016 0.161 0.901 0.983 0.000 0.997 0.968 0.004 0.985 0.985 0.076 0.147 0.000 0.000 0.000 0.000 0.000 0.000 0.000
0.000 0.001 0.000 0.000 0.000 0.015 0.000 0.000 0.000 0.000 0.000 0.025 0.000 0.919 0.997 0.000 0.990 0.999 0.988 0.980 0.822 0.000 0.000 0.000 0.000 0.000 0.001 0.018 0.000
0.001 0.000 0.015 0.000 0.027 0.000 0.000 0.000 0.000 0.000 0.000 0.000 0.000 0.021 0.968 0.990 0.000 0.993 0.947 0.992 0.984 0.386 0.000 0.000 0.000 0.000 0.055 0.120 0.104
0.000 0.000 0.000 0.000 0.000 0.000 0.000 0.000 0.000 0.000 0.000 0.000 0.000 0.000 0.004 0.999 0.993 0.000 0.999 0.980 0.978 0.877 0.001 0.000 0.000 0.000 0.048 0.097 0.051
0.000 0.000 0.001 0.000 0.123 0.905 0.004 0.006 0.008 0.004 0.000 0.014 0.001 0.101 0.985 0.988 0.947 0.999 0.000 0.987 0.964 0.989 0.377 0.009 0.000 0.000 0.000 0.000 0.000
0.000 0.000 0.553 0.012 0.978 0.960 0.494 0.028 0.000 0.000 0.000 0.000 0.002 0.047 0.985 0.980 0.992 0.980 0.987 0.000 1.000 0.973 0.580 0.000 0.000 0.000 0.000 0.000 0.000
0.000 0.000 0.783 0.001 0.711 0.609 0.000 0.000 0.000 0.000 0.000 0.000 0.000 0.000 0.076 0.822 0.984 0.978 0.964 1.000 0.000 0.983 0.909 0.002 0.004 0.000 0.001 0.005 0.021
0.000 0.000 0.843 0.254 0.666 0.950 0.000 0.000 0.000 0.000 0.000 0.000 0.000 0.000 0.147 0.000 0.386 0.877 0.989 0.973 0.983 0.000 0.989 0.894 0.017 0.000 0.000 0.000 0.000
0.000 0.000 0.994 0.965 0.973 0.948 0.031 0.000 0.000 0.000 0.000 0.000 0.000 0.000 0.000 0.000 0.000 0.001 0.377 0.580 0.909 0.989 0.000 0.980 0.931 0.000 0.000 0.000 0.000
0.000 0.915 0.989 0.999 0.828 0.736 0.040 0.000 0.000 0.000 0.000 0.000 0.000 0.000 0.000 0.000 0.000 0.000 0.009 0.000 0.002 0.894 0.980 0.000 0.996 0.987 0.106 0.000 0.000
0.834 0.971 0.995 0.988 0.000 0.000 0.000 0.000 0.019 0.053 0.017 0.038 0.001 0.001 0.000 0.000 0.000 0.000 0.000 0.000 0.004 0.017 0.931 0.996 0.000 0.992 0.975 0.004 0.006
0.839 0.981 0.968 0.992 0.010 0.008 0.012 0.000 0.000 0.000 0.000 0.000 0.000 0.000 0.000 0.000 0.000 0.000 0.000 0.000 0.000 0.000 0.000 0.987 0.992 0.000 0.984 0.980 0.636
0.804 0.652 0.000 0.244 0.000 0.000 0.000 0.000 0.000 0.010 0.001 0.013 0.009 0.010 0.000 0.001 0.055 0.048 0.000 0.000 0.001 0.000 0.000 0.106 0.975 0.984 0.000 0.995 0.948
0.536 0.491 0.000 0.154 0.000 0.000 0.000 0.000 0.000 0.000 0.000 0.000 0.000 0.000 0.000 0.018 0.120 0.097 0.000 0.000 0.005 0.000 0.000 0.000 0.004 0.980 0.995 0.000 0.991
0.778 0.650 0.001 0.073 0.000 0.000 0.000 0.000 0.000 0.012 0.000 0.000 0.000 0.000 0.000 0.000 0.104 0.051 0.000 0.000 0.021 0.000 0.000 0.000 0.006 0.636 0.948 0.991 0.000
