0.000 0.985 0.932 0.069 0.000 0.000 0.000 0.000 0.000 0.000 0.000 0.083 0.001 0.909 0.121 0.015 0.000 0.000 0.000 0.000 0.000 0.000 0.000 0.000 0.000 0.000 0.789 0.992 0.998
0.985 0.000 0.972 0.896 0.000 0.000 0.000 0.000 0.000 0.000 0.000 0.004 0.021 0.917 0.002 0.001 0.000 0.000 0.000 0.000 0.000 0.000 0.000 0.000 0.000 0.997 0.973 0.994 0.907
0.932 0.972 0.000 0.995 0.978 0.007 0.000 0.000 0.000 0.000 0.079 0.974 0.958 0.985 0.239 0.000 0.000 0.000 0.000 0.000 0.000 0.000 0.000 0.041 0.913 0.976 0.992 0.941 0.961
0.069 0.896 0.995 0.000 0.999 0.946 0.000 0.000 0.000 0.000 0.932 0.956 0.992 0.969 0.988 0.994 0.994 0.022 0.065 0.987 0.000 0.000 0.000 0.999 0.982 0.990 0.954 0.000 0.000
0.000 0.000 0.978 0.999 0.000 1.000 0.999 0.032 0.002 0.981 0.980 0.992 0.966 0.000 0.000 0.000 0.250 0.000 0.000 0.190 0.000 0.000 0.966 0.998 0.995 0.924 0.989 0.000 0.000
0.000 0.000 0.007 0.946 1.000 0.000 0.989 1.000 0.999 0.995 0.992 0.958 0.025 0.000 0.000 0.000 0.054 0.000 0.000 0.000 0.600 0.926 0.986 0.997 0.931 0.000 0.001 0.000 0.000
0.000 0.000 0.000 0.000 0.999 0.989 0.000 0.999 0.949 0.951 0.158 0.000 0.000 0.000 0.000 0.000 0.000 0.000 0.001 0.171 0.106 0.170 0.993 0.976 0.996 0.000 0.907 0.000 0.000
0.000 0.000 0.000 0.000 0.032 1.000 0.999 0.000 0.995 0.983 0.118 0.000 0.000 0.000 0.000 0.000 0.000 0.000 0.000 0.000 0.002 0.978 0.994 0.138 0.000 0.000 0.000 0.000 0.000
0.000 0.000 0.000 0.000 0.002 0.999 0.949 0.995 0.000 0.998 0.998 0.000 0.001 0.000 0.000 0.000 0.000 0.000 0.000 0.000 0.000 0.282 0.453 0.691 0.000 0.000 0.000 0.000 0.000
0.000 0.000 0.000 0.000 0.981 0.995 0.951 0.983 0.998 0.000 0.997 0.975 0.000 0.000 0.000 0.000 0.000 0.000 0.000 0.000 0.000 0.000 0.000 0.000 0.000 0.000 0.000 0.000 0.000
0.000 0.000 0.079 0.932 0.980 0.992 0.158 0.118 0.998 0.997 0.000 1.000 0.985 0.000 0.002 0.000 0.004 0.000 0.000 0.000 0.000 0.001 0.000 0.981 0.000 0.000 0.000 0.000 0.000
0.083 0.004 0.974 0.956 0.992 0.958 0.000 0.000 0.000 0.975 1.000 0.000 0.998 0.972 0.000 0.000 0.000 0.000 0.000 0.000 0.000 0.000 0.000 0.979 0.000 0.000 0.210 0.005 0.575
0.001 0.021 0.958 0.992 0.966 0.025 0.000 0.000 0.001 0.000 0.985 0.998 0.000 0.984 0.992 0.842 0.964 0.130 0.000 0.000 0.000 0.000 0.000 1.000 0.000 0.000 0.000 0.000 0.000
0.909 0.917 0.985 0.969 0.000 0.000 0.000 0.000 0.000 0.000 0.000 0.972 0.984 0.000 1.000 0.935 0.014 0.000 0.000 0.000 0.000 0.000 0.000 0.000 0.000 0.000 0.000 0.000 0.761
0.121 0.002 0.239 0.988 0.000 0.000 0.000 0.000 0.000 0.000 0.002 0.000 0.992 1.000 0.000 0.999 0.996 0.027 0.000 0.001 0.000 0.000 0.000 0.034 0.000 0.000 0.000 0.000 0.000
0.015 0.001 0.000 0.994 0.000 0.000 0.000 0.000 0.000 0.000 0.000 0.000 0.842 0.935 0.999 0.000 0.991 0.997 0.913 0.311 0.000 0.000 0.000 0.002 0.000 0.051 0.000 0.000 0.000
0.000 0.000 0.000 0.994 0.250 0.054 0.000 0.000 0.000 0.000 0.004 0.000 0.964 0.014 0.996 0.991 0.000 0.990 0.990 0.943 0.629 0.008 0.000 0.998 0.534 0.020 0.000 0.000 0.000
0.000 0.000 0.000 0.022 0.000 0.000 0.000 0.000 0.000 0.000 0.000 0.000 0.130 0.000 0.027 0.997 0.990 0.000 0.991 0.875 0.534 0.008 0.000 0.002 0.000 0.000 0.000 0.000 0.000
0.000 0.000 0.000 0.065 0.000 0.000 0.001 0.000 0.000 0.000 0.000 0.000 0.000 0.000 0.000 0.913 0.990 0.991 0.000 0.987 0.991 0.007 0.005 0.972 0.000 0.000 0.000 0.000 0.000
0.000 0.000 0.000 0.987 0.190 0.000 0.171 0.000 0.000 0.000 0.000 0.000 0.000 0.000 0.001 0.311 0.943 0.875 0.987 0.000 0.996 0.903 0.412 0.995 0.992 0.990 0.000 0.000 0.000
0.000 0.000 0.000 0.000 0.000 0.600 0.106 0.002 0.000 0.000 0.000 0.000 0.000 0.000 0.000 0.000 0.629 0.534 0.991 0.996 0.000 0.996 0.976 0.986 0.003 0.000 0.000 0.000 0.000
0.000 0.000 0.000 0.000 0.000 0.926 0.170 0.978 0.282 0.000 0.001 0.000 0.000 0.000 0.000 0.000 0.008 0.008 0.007 0.903 0.996 0.000 0.992 0.979 0.000 0.000 0.000 0.000 0.000
0.000 0.000 0.000 0.000 0.966 0.986 0.993 0.994 0.453 0.000 0.000 0.000 0.000 0.000 0.000 0.000 0.000 0.000 0.005 0.412 0.976 0.992 0.000 0.989 0.967 0.000 0.000 0.000 0.000
0.000 0.000 0.041 0.999 0.998 0.997 0.976 0.138 0.691 0.000 0.981 0.979 1.000 0.000 0.034 0.002 0.998 0.002 0.972 0.995 0.986 0.979 0.989 0.000 0.996 0.931 0.000 0.000 0.000
0.000 0.000 0.913 0.982 0.995 0.931 0.996 0.000 0.000 0.000 0.000 0.000 0.000 0.000 0.000 0.000 0.534 0.000 0.000 0.992 0.003 0.000 0.967 0.996 0.000 0.981 0.998 0.000 0.000
0.000 0.997 0.976 0.990 0.924 0.000 0.000 0.000 0.000 0.000 0.000 0.000 0.000 0.000 0.000 0.051 0.020 0.000 0.000 0.990 0.000 0.000 0.000 0.931 0.981 0.000 1.000 0.827 0.000
0.789 0.973 0.992 0.954 0.989 0.001 0.907 0.000 0.000 0.000 0.000 0.210 0.000 0.000 0.000 0.000 0.000 0.000 0.000 0.000 0.000 0.000 0.000 0.000 0.998 1.000 0.000 0.953 0.850
0.992 0.994 0.941 0.000 0.000 0.000 0.000 0.000 0.000 0.000 0.000 0.005 0.000 0.000 0.000 0.000 0.000 0.000 0.000 0.000 0.000 0.000 0.000 0.000 0.000 0.827 0.953 0.000 0.995
0.998 0.907 0.961 0.000 0.000 0.000 0.000 0.000 0.000 0.000 0.000 0.575 0.000 0.761 0.000 0.000 0.000 0.000 0.000 0.000 0.000 0.000 0.000 0.000 0.000 0.000 0.850 0.995 0.000
