0.000 0.993 0.979 0.002 0.000 0.000 0.000 0.000 0.000 0.000 0.000 0.000 0.000 0.006 0.006 0.025 0.000 0.000 0.000 0.000 0.000 0.000 0.000 0.000 0.000 0.000 0.000 0.000 0.000 0.784 0.997 0.996
0.993 0.000 0.974 0.855 0.000 0.000 0.000 0.000 0.000 0.000 0.000 0.000 0.000 0.000 0.001 0.000 0.000 0.000 0.000 0.000 0.000 0.000 0.000 0.000 0.000 0.000 0.000 0.000 0.992 0.963 1.000 0.893
0.979 0.974 0.000 0.998 0.980 0.000 0.000 0.000 0.000 0.000 0.000 0.000 0.000 0.000 0.000 0.000 0.000 0.000 0.000 0.000 0.000 0.000 0.000 0.000 0.000 0.000 0.000 0.879 0.960 0.999 0.972 0.964
0.002 0.855 0.998 0.000 0.997 0.949 0.000 0.000 0.000 0.000 0.000 0.000 0.000 0.000 0.000 0.000 0.000 0.000 0.000 0.000 0.000 0.000 0.000 0.000 0.000 0.000 0.990 0.988 0.989 0.985 0.000 0.000
0.000 0.000 0.980 0.997 0.000 1.000 0.999 0.000 0.000 0.000 0.000 0.000 0.000 0.000 0.000 0.000 0.000 0.000 0.000 0.000 0.000 0.000 0.000 0.000 0.000 0.986 0.990 0.992 0.936 0.994 0.000 0.002
0.000 0.000 0.000 0.949 1.000 0.000 0.998 0.982 0.000 0.000 0.000 0.000 0.000 0.000 0.000 0.000 0.000 0.000 0.000 0.000 0.000 0.000 0.021 0.008 1.000 0.988 0.976 0.981 0.000 0.000 0.000 0.000
0.000 0.000 0.000 0.000 0.999 0.998 0.000 1.000 0.999 0.047 0.217 0.000 0.003 0.000 0.000 0.000 0.000 0.000 0.000 0.000 0.000 0.000 0.000 0.930 0.999 1.000 0.971 0.999 0.001 0.083 0.000 0.000
0.000 0.000 0.000 0.000 0.000 0.982 1.000 0.000 1.000 0.992 0.357 0.036 0.139 0.009 0.029 0.033 0.197 0.011 0.047 0.004 0.161 0.969 0.954 0.997 1.000 0.998 0.000 0.002 0.000 0.000 0.000 0.000
0.000 0.000 0.000 0.000 0.000 0.000 0.999 1.000 0.000 0.996 0.923 0.001 0.117 0.004 0.008 0.000 0.481 0.000 0.000 0.001 0.750 0.814 0.761 0.953 0.928 0.867 0.000 0.000 0.000 0.000 0.000 0.000
0.000 0.000 0.000 0.000 0.000 0.000 0.047 0.992 0.996 0.000 0.996 0.987 0.995 0.914 0.807 0.699 0.995 0.060 0.007 0.000 0.744 0.869 0.379 0.476 0.050 0.579 0.000 0.000 0.000 0.000 0.000 0.000
0.000 0.000 0.000 0.000 0.000 0.000 0.217 0.357 0.923 0.996 0.000 1.000 0.971 0.044 0.001 0.219 0.627 0.024 0.000 0.000 0.319 0.078 0.014 0.171 0.011 0.436 0.000 0.043 0.000 0.000 0.000 0.000
0.000 0.000 0.000 0.000 0.000 0.000 0.000 0.036 0.001 0.987 1.000 0.000 0.996 0.996 0.357 0.520 0.397 0.000 0.000 0.000 0.008 0.000 0.000 0.000 0.000 0.176 0.000 0.000 0.000 0.000 0.000 0.000
0.000 0.000 0.000 0.000 0.000 0.000 0.003 0.139 0.117 0.995 0.971 0.996 0.000 0.976 0.978 0.402 0.316 0.000 0.002 0.000 0.000 0.340 0.000 0.000 0.000 0.159 0.000 0.000 0.000 0.000 0.001 0.000
0.006 0.000 0.000 0.000 0.000 0.000 0.000 0.009 0.004 0.914 0.044 0.996 0.976 0.000 0.994 1.000 0.625 0.000 0.000 0.000 0.000 0.004 0.000 0.000 0.000 0.002 0.000 0.000 0.000 0.000 0.001 0.000
0.006 0.001 0.000 0.000 0.000 0.000 0.000 0.029 0.008 0.807 0.001 0.357 0.978 0.994 0.000 0.988 0.973 0.216 0.042 0.000 0.000 0.222 0.000 0.000 0.000 0.000 0.000 0.000 0.000 0.000 0.000 0.000
0.025 0.000 0.000 0.000 0.000 0.000 0.000 0.033 0.000 0.699 0.219 0.520 0.402 1.000 0.988 0.000 0.990 0.933 0.102 0.001 0.039 0.026 0.000 0.000 0.000 0.001 0.000 0.000 0.000 0.000 0.000 0.001
0.000 0.000 0.000 0.000 0.000 0.000 0.000 0.197 0.481 0.995 0.627 0.397 0.316 0.625 0.973 0.990 0.000 1.000 0.961 0.050 0.979 0.984 0.078 0.106 0.000 0.162 0.000 0.000 0.000 0.000 0.000 0.000
0.000 0.000 0.000 0.000 0.000 0.000 0.000 0.011 0.000 0.060 0.024 0.000 0.000 0.000 0.216 0.933 1.000 0.000 0.996 0.993 0.988 0.989 0.693 0.000 0.000 0.000 0.000 0.000 0.000 0.000 0.002 0.000
0.000 0.000 0.000 0.000 0.000 0.000 0.000 0.047 0.000 0.007 0.000 0.000 0.002 0.000 0.042 0.102 0.961 0.996 0.000 1.000 0.977 0.986 0.920 0.363 0.000 0.000 0.000 0.000 0.000 0.000 0.000 0.000
0.000 0.000 0.000 0.000 0.000 0.000 0.000 0.004 0.001 0.000 0.000 0.000 0.000 0.000 0.000 0.001 0.050 0.993 1.000 0.000 1.000 1.000 0.930 0.778 0.000 0.024 0.000 0.000 0.000 0.000 0.000 0.000
0.000 0.000 0.000 0.000 0.000 0.000 0.000 0.161 0.750 0.744 0.319 0.008 0.000 0.000 0.000 0.039 0.979 0.988 0.977 1.000 0.000 1.000 0.984 0.981 0.066 0.377 0.000 0.000 0.000 0.000 0.000 0.000
0.000 0.000 0.000 0.000 0.000 0.000 0.000 0.969 0.814 0.869 0.078 0.000 0.340 0.004 0.222 0.026 0.984 0.989 0.986 1.000 1.000 0.000 1.000 0.998 0.116 0.101 0.000 0.000 0.000 0.000 0.000 0.000
0.000 0.000 0.000 0.000 0.000 0.021 0.000 0.954 0.761 0.379 0.014 0.000 0.000 0.000 0.000 0.000 0.078 0.693 0.920 0.930 0.984 1.000 0.000 1.000 0.996 0.055 0.000 0.000 0.000 0.000 0.000 0.000
0.000 0.000 0.000 0.000 0.000 0.008 0.930 0.997 0.953 0.476 0.171 0.000 0.000 0.000 0.000 0.000 0.106 0.000 0.363 0.778 0.981 0.998 1.000 0.000 1.000 0.997 0.000 0.000 0.000 0.000 0.000 0.000
0.000 0.000 0.000 0.000 0.000 1.000 0.999 1.000 0.928 0.050 0.011 0.000 0.000 0.000 0.000 0.000 0.000 0.000 0.000 0.000 0.066 0.116 0.996 1.000 0.000 0.999 0.970 0.000 0.000 0.000 0.000 0.000
0.000 0.000 0.000 0.000 0.986 0.988 1.000 0.998 0.867 0.579 0.436 0.176 0.159 0.002 0.000 0.001 0.162 0.000 0.000 0.024 0.377 0.101 0.055 0.997 0.999 0.000 1.000 1.000 0.000 0.000 0.000 0.000
0.000 0.000 0.000 0.990 0.990 0.976 0.971 0.000 0.000 0.000 0.000 0.000 0.000 0.000 0.000 0.000 0.000 0.000 0.000 0.000 0.000 0.000 0.000 0.000 0.970 1.000 0.000 1.000 0.969 0.000 0.000 0.000
0.000 0.000 0.879 0.988 0.992 0.981 0.999 0.002 0.000 0.000 0.043 0.000 0.000 0.000 0.000 0.000 0.000 0.000 0.000 0.000 0.000 0.000 0.000 0.000 0.000 1.000 1.000 0.000 0.993 0.984 0.000 0.000
0.000 0.992 0.960 0.989 0.936 0.000 0.001 0.000 0.000 0.000 0.000 0.000 0.000 0.000 0.000 0.000 0.000 0.000 0.000 0.000 0.000 0.000 0.000 0.000 0.000 0.000 0.969 0.993 0.000 0.993 0.873 0.000
0.784 0.963 0.999 0.985 0.994 0.000 0.083 0.000 0.000 0.000 0.000 0.000 0.000 0.000 0.000 0.000 0.000 0.000 0.000 0.000 0.000 0.000 0.000 0.000 0.000 0.000 0.000 0.984 0.993 0.000 0.983 0.875
0.997 1.000 0.972 0.000 0.000 0.000 0.000 0.000 0.000 0.000 0.000 0.000 0.001 0.001 0.000 0.000 0.000 0.002 0.000 0.000 0.000 0.000 0.000 0.000 0.000 0.000 0.000 0.000 0.873 0.983 0.000 0.995
0.996 0.893 0.964 0.000 0.002 0.000 0.000 0.000 0.000 0.000 0.000 0.000 0.000 0.000 0.000 0.001 0.000 0.000 0.000 0.000 0.000 0.000 0.000 0.000 0.000 0.000 0.000 0.000 0.000 0.875 0.995 0.000
