0.000 0.989 0.954 0.220 0.002 0.001 0.000 0.028 0.000 0.000 0.000 0.000 0.000 0.000 0.000 0.000 0.000 0.000 0.013 0.000 0.000 0.000 0.000 0.000 0.000 0.000 0.000 0.000 0.000 0.000 0.610 0.088 0.099 0.031
0.989 0.000 0.996 0.976 0.005 0.994 0.947 0.973 0.000 0.000 0.000 0.000 0.000 0.000 0.000 0.000 0.001 0.000 0.990 0.083 0.000 0.000 0.000 0.000 0.000 0.000 0.000 0.000 0.000 0.000 0.926 0.961 0.185 0.021
0.954 0.996 0.000 0.997 0.985 0.997 0.046 0.000 0.000 0.000 0.000 0.000 0.000 0.000 0.000 0.000 0.000 0.000 0.029 0.000 0.342 0.000 0.000 0.000 0.000 0.000 0.000 0.000 0.000 0.000 0.518 0.983 0.935 0.967
0.220 0.976 0.997 0.000 0.997 0.974 0.097 0.000 0.000 0.000 0.000 0.000 0.000 0.000 0.000 0.000 0.000 0.000 0.000 0.000 0.858 0.003 0.514 0.031 0.000 0.000 0.000 0.000 0.000 0.000 0.000 0.000 0.022 0.627
0.002 0.005 0.985 0.997 0.000 0.998 0.975 0.000 0.000 0.000 0.000 0.000 0.000 0.000 0.000 0.000 0.000 0.000 0.000 0.915 0.946 0.966 0.975 0.248 0.000 0.000 0.000 0.000 0.000 0.000 0.000 0.000 0.000 0.002
0.001 0.994 0.997 0.974 0.998 0.000 0.989 0.905 0.000 0.000 0.000 0.000 0.000 0.000 0.000 0.000 0.000 0.006 0.995 0.981 0.999 0.932 0.116 0.747 0.000 0.988 0.963 0.992 0.000 0.010 0.000 0.988 0.293 0.786
0.000 0.947 0.046 0.097 0.975 0.989 0.000 0.996 0.908 0.025 0.000 0.000 0.000 0.000 0.000 0.000 0.000 0.914 0.966 0.999 0.954 0.996 0.042 0.000 0.061 0.000 0.000 0.000 0.000 0.000 0.000 0.278 0.000 0.000
0.028 0.973 0.000 0.000 0.000 0.905 0.996 0.000 0.996 0.885 0.000 0.000 0.000 0.000 0.000 0.000 0.989 0.980 0.985 0.988 0.000 0.000 0.000 0.000 0.000 0.000 0.000 0.000 0.000 0.000 0.390 0.097 0.000 0.000
0.000 0.000 0.000 0.000 0.000 0.000 0.908 0.996 0.000 0.997 0.925 0.002 0.000 0.000 0.000 0.893 0.963 0.992 0.808 0.989 0.000 0.000 0.000 0.000 0.010 0.000 0.006 0.000 0.002 0.000 0.000 0.000 0.000 0.000
0.000 0.000 0.000 0.000 0.000 0.000 0.025 0.885 0.997 0.000 0.994 0.984 0.030 0.133 0.988 0.970 0.956 0.965 0.000 0.001 0.000 0.000 0.000 0.000 0.000 0.000 0.000 0.000 0.148 0.000 0.000 0.000 0.000 0.000
0.000 0.000 0.000 0.000 0.000 0.000 0.000 0.000 0.925 0.994 0.000 0.996 0.955 0.994 0.979 0.989 0.902 0.977 0.000 0.000 0.000 0.000 0.000 0.000 0.000 0.000 0.001 0.000 0.933 0.000 0.000 0.000 0.000 0.000
0.000 0.000 0.000 0.000 0.000 0.000 0.000 0.000 0.002 0.984 0.996 0.000 0.966 0.957 0.950 0.252 0.000 0.601 0.000 0.000 0.000 0.000 0.000 0.000 0.000 0.000 0.000 0.000 0.000 0.000 0.000 0.000 0.000 0.000
0.000 0.000 0.000 0.000 0.000 0.000 0.000 0.000 0.000 0.030 0.955 0.966 0.000 0.990 0.931 0.051 0.000 0.000 0.000 0.000 0.000 0.000 0.000 0.000 0.000 0.000 0.000 0.000 0.000 0.000 0.000 0.000 0.000 0.000
0.000 0.000 0.000 0.000 0.000 0.000 0.000 0.000 0.000 0.133 0.994 0.957 0.990 0.000 0.992 0.994 0.000 0.000 0.000 0.000 0.000 0.000 0.000 0.000 0.000 0.000 0.000 0.000 0.631 0.000 0.000 0.000 0.000 0.000
0.000 0.000 0.000 0.000 0.000 0.000 0.000 0.000 0.000 0.988 0.979 0.950 0.931 0.992 0.000 0.986 0.929 0.000 0.000 0.000 0.000 0.000 0.000 0.000 0.000 0.000 0.000 0.000 0.001 0.000 0.000 0.000 0.000 0.000
0.000 0.000 0.000 0.000 0.000 0.000 0.000 0.000 0.893 0.970 0.989 0.252 0.051 0.994 0.986 0.000 0.996 0.986 0.004 0.000 0.000 0.000 0.000 0.000 0.000 0.000 0.000 0.000 0.997 0.155 0.000 0.000 0.000 0.000
0.000 0.001 0.000 0.000 0.000 0.000 0.000 0.989 0.963 0.956 0.902 0.000 0.000 0.000 0.929 0.996 0.000 0.999 0.969 0.000 0.000 0.000 0.000 0.000 0.000 0.000 0.000 0.096 0.966 0.022 0.147 0.000 0.000 0.000
0.000 0.000 0.000 0.000 0.000 0.006 0.914 0.980 0.992 0.965 0.977 0.601 0.000 0.000 0.000 0.986 0.999 0.000 0.990 0.997 0.001 0.000 0.000 0.000 0.047 0.006 0.990 0.964 0.998 0.324 0.000 0.000 0.000 0.000
0.013 0.990 0.029 0.000 0.000 0.995 0.966 0.985 0.808 0.000 0.000 0.000 0.000 0.000 0.000 0.004 0.969 0.990 0.000 0.990 0.966 0.000 0.000 0.000 0.000 0.957 0.979 0.997 0.994 0.975 0.990 0.994 0.000 0.000
0.000 0.083 0.000 0.000 0.915 0.981 0.999 0.988 0.989 0.001 0.000 0.000 0.000 0.000 0.000 0.000 0.000 0.997 0.990 0.000 1.000 0.998 0.006 0.000 0.873 0.982 0.989 0.952 0.000 0.000 0.000 0.196 0.000 0.000
0.000 0.000 0.342 0.858 0.946 0.999 0.954 0.000 0.000 0.000 0.000 0.000 0.000 0.000 0.000 0.000 0.000 0.001 0.966 1.000 0.000 0.986 0.983 1.000 0.989 0.992 0.975 0.027 0.000 0.000 0.000 0.096 0.000 0.423
0.000 0.000 0.000 0.003 0.966 0.932 0.996 0.000 0.000 0.000 0.000 0.000 0.000 0.000 0.000 0.000 0.000 0.000 0.000 0.998 0.986 0.000 0.999 0.934 0.967 0.123 0.000 0.000 0.000 0.000 0.000 0.000 0.000 0.000
0.000 0.000 0.000 0.514 0.975 0.116 0.042 0.000 0.000 0.000 0.000 0.000 0.000 0.000 0.000 0.000 0.000 0.000 0.000 0.006 0.983 0.999 0.000 0.986 0.987 0.075 0.000 0.000 0.000 0.000 0.000 0.000 0.000 0.000
0.000 0.000 0.000 0.031 0.248 0.747 0.000 0.000 0.000 0.000 0.000 0.000 0.000 0.000 0.000 0.000 0.000 0.000 0.000 0.000 1.000 0.934 0.986 0.000 0.990 1.000 0.000 0.000 0.000 0.000 0.000 0.000 0.000 0.038
0.000 0.000 0.000 0.000 0.000 0.000 0.061 0.000 0.010 0.000 0.000 0.000 0.000 0.000 0.000 0.000 0.000 0.047 0.000 0.873 0.989 0.967 0.987 0.990 0.000 0.982 0.993 0.000 0.000 0.000 0.000 0.000 0.000 0.000
0.000 0.000 0.000 0.000 0.000 0.988 0.000 0.000 0.000 0.000 0.000 0.000 0.000 0.000 0.000 0.000 0.000 0.006 0.957 0.982 0.992 0.123 0.075 1.000 0.982 0.000 0.999 0.976 0.000 0.000 0.000 0.002 0.000 0.011
0.000 0.000 0.000 0.000 0.000 0.963 0.000 0.000 0.006 0.000 0.001 0.000 0.000 0.000 0.000 0.000 0.000 0.990 0.979 0.989 0.975 0.000 0.000 0.000 0.993 0.999 0.000 0.994 0.934 0.000 0.000 0.000 0.000 0.000
0.000 0.000 0.000 0.000 0.000 0.992 0.000 0.000 0.000 0.000 0.000 0.000 0.000 0.000 0.000 0.000 0.096 0.964 0.997 0.952 0.027 0.000 0.000 0.000 0.000 0.976 0.994 0.000 1.000 0.999 0.985 0.992 0.894 0.072
0.000 0.000 0.000 0.000 0.000 0.000 0.000 0.000 0.002 0.148 0.933 0.000 0.000 0.631 0.001 0.997 0.966 0.998 0.994 0.000 0.000 0.000 0.000 0.000 0.000 0.000 0.934 1.000 0.000 0.993 0.963 0.006 0.000 0.000
0.000 0.000 0.000 0.000 0.000 0.010 0.000 0.000 0.000 0.000 0.000 0.000 0.000 0.000 0.000 0.155 0.022 0.324 0.975 0.000 0.000 0.000 0.000 0.000 0.000 0.000 0.000 0.999 0.993 0.000 0.994 0.995 0.038 0.000
0.610 0.926 0.518 0.000 0.000 0.000 0.000 0.390 0.000 0.000 0.000 0.000 0.000 0.000 0.000 0.000 0.147 0.000 0.990 0.000 0.000 0.000 0.000 0.000 0.000 0.000 0.000 0.985 0.963 0.994 0.000 1.000 1.000 0.009
0.088 0.961 0.983 0.000 0.000 0.988 0.278 0.097 0.000 0.000 0.000 0.000 0.000 0.000 0.000 0.000 0.000 0.000 0.994 0.196 0.096 0.000 0.000 0.000 0.000 0.002 0.000 0.992 0.006 0.995 1.000 0.000 0.996 0.997
0.099 0.185 0.935 0.022 0.000 0.293 0.000 0.000 0.000 0.000 0.000 0.000 0.000 0.000 0.000 0.000 0.000 0.000 0.000 0.000 0.000 0.000 0.000 0.000 0.000 0.000 0.000 0.894 0.000 0.038 1.000 0.996 0.000 0.990
0.031 0.021 0.967 0.627 0.002 0.786 0.000 0.000 0.000 0.000 0.000 0.000 0.000 0.000 0.000 0.000 0.000 0.000 0.000 0.000 0.423 0.000 0.000 0.038 0.000 0.011 0.000 0.072 0.000 0.000 0.009 0.997 0.990 0.000
