0.000 0.989 0.856 0.211 0.010 0.008 0.001 0.005 0.000 0.000 0.000 0.000 0.000 0.000 0.001 0.001 0.000 0.000 0.000 0.000 0.000 0.000 0.000 0.000 0.000 0.002 0.000 0.000 0.000 0.000 0.000 0.000 0.000 0.000 0.547 0.227 0.301 0.510
0.989 0.000 0.990 0.929 0.006 0.969 0.967 0.957 0.000 0.000 0.000 0.000 0.000 0.000 0.000 0.000 0.000 0.000 0.000 0.000 0.000 0.000 0.980 0.167 0.000 0.000 0.000 0.000 0.000 0.000 0.000 0.000 0.000 0.000 0.941 0.964 0.423 0.395
0.856 0.990 0.000 0.997 0.945 0.999 0.000 0.000 0.000 0.000 0.000 0.000 0.000 0.000 0.000 0.000 0.000 0.000 0.000 0.000 0.000 0.000 0.004 0.000 0.290 0.001 0.000 0.000 0.000 0.000 0.000 0.000 0.000 0.000 0.343 0.988 0.960 0.913
0.211 0.929 0.997 0.000 0.986 0.986 0.000 0.000 0.000 0.000 0.000 0.000 0.000 0.000 0.000 0.000 0.000 0.000 0.000 0.000 0.000 0.000 0.000 0.000 0.878 0.087 0.809 0.013 0.000 0.000 0.000 0.000 0.000 0.000 0.000 0.000 0.011 0.423
0.010 0.006 0.945 0.986 0.000 0.997 0.948 0.000 0.000 0.000 0.000 0.000 0.000 0.000 0.000 0.000 0.000 0.000 0.000 0.000 0.000 0.000 0.000 0.955 0.977 0.969 0.937 0.238 0.000 0.000 0.000 0.000 0.000 0.000 0.000 0.000 0.000 0.000
0.008 0.969 0.999 0.986 0.997 0.000 0.992 0.834 0.000 0.000 0.000 0.000 0.000 0.000 0.000 0.000 0.000 0.000 0.000 0.000 0.000 0.019 0.987 0.998 0.997 0.922 0.152 0.551 0.000 0.912 0.927 0.995 0.000 0.008 0.000 0.987 0.157 0.030
0.001 0.967 0.000 0.000 0.948 0.992 0.000 0.954 1.000 0.000 0.000 0.000 0.000 0.000 0.000 0.000 0.000 0.000 0.000 0.000 0.000 0.895 0.985 1.000 0.920 0.954 0.000 0.000 0.000 0.000 0.000 0.000 0.000 0.000 0.000 0.236 0.000 0.000
0.005 0.957 0.000 0.000 0.000 0.834 0.954 0.000 0.999 0.958 0.039 0.000 0.000 0.000 0.000 0.000 0.000 0.000 0.191 0.007 0.962 0.987 0.985 0.841 0.000 0.000 0.000 0.000 0.000 0.000 0.000 0.000 0.003 0.000 0.350 0.002 0.000 0.000
0.000 0.000 0.000 0.000 0.000 0.000 1.000 0.999 0.000 0.994 0.862 0.000 0.000 0.000 0.000 0.000 0.000 0.000 0.061 0.754 0.961 0.999 0.951 0.988 0.001 0.788 0.000 0.000 0.014 0.000 0.101 0.000 0.000 0.000 0.000 0.000 0.000 0.000
0.000 0.000 0.000 0.000 0.000 0.000 0.000 0.958 0.994 0.000 0.983 0.919 0.001 0.000 0.000 0.000 0.000 0.000 0.502 0.940 0.987 0.984 0.000 0.000 0.000 0.000 0.000 0.000 0.000 0.000 0.000 0.000 0.002 0.000 0.000 0.000 0.000 0.000
0.000 0.000 0.000 0.000 0.000 0.000 0.000 0.039 0.862 0.983 0.000 0.995 0.908 0.001 0.000 0.000 0.000 0.002 0.873 0.937 0.906 0.649 0.000 0.000 0.000 0.000 0.000 0.000 0.000 0.000 0.000 0.000 0.057 0.000 0.000 0.000 0.000 0.000
0.000 0.000 0.000 0.000 0.000 0.000 0.000 0.000 0.000 0.919 0.995 0.000 0.994 0.939 0.000 0.000 0.000 0.906 0.982 0.982 0.241 0.167 0.000 0.000 0.000 0.000 0.000 0.000 0.000 0.000 0.000 0.000 0.027 0.000 0.000 0.000 0.000 0.000
0.000 0.000 0.000 0.000 0.000 0.000 0.000 0.000 0.000 0.001 0.908 0.994 0.000 0.989 0.902 0.127 0.972 0.982 0.981 0.954 0.006 0.000 0.000 0.000 0.000 0.000 0.000 0.000 0.000 0.000 0.000 0.000 0.000 0.000 0.000 0.000 0.000 0.000
0.000 0.000 0.000 0.000 0.000 0.000 0.000 0.000 0.000 0.000 0.001 0.939 0.989 0.000 0.985 0.992 0.992 0.995 0.964 0.936 0.150 0.000 0.000 0.000 0.000 0.000 0.000 0.000 0.000 0.000 0.000 0.000 0.037 0.000 0.000 0.000 0.000 0.000
0.001 0.000 0.000 0.000 0.000 0.000 0.000 0.000 0.000 0.000 0.000 0.000 0.902 0.985 0.000 0.986 0.938 0.612 0.000 0.001 0.000 0.000 0.000 0.000 0.000 0.000 0.002 0.000 0.000 0.000 0.000 0.000 0.001 0.000 0.000 0.000 0.000 0.000
0.001 0.000 0.000 0.000 0.000 0.000 0.000 0.000 0.000 0.000 0.000 0.000 0.127 0.992 0.986 0.000 0.980 0.990 0.000 0.000 0.000 0.000 0.000 0.000 0.000 0.000 0.009 0.000 0.000 0.000 0.000 0.000 0.001 0.000 0.000 0.000 0.000 0.000
0.000 0.000 0.000 0.000 0.000 0.000 0.000 0.000 0.000 0.000 0.000 0.000 0.972 0.992 0.938 0.980 0.000 0.991 0.949 0.000 0.000 0.000 0.000 0.000 0.000 0.000 0.000 0.000 0.000 0.000 0.000 0.000 0.000 0.000 0.000 0.000 0.000 0.000
0.000 0.000 0.000 0.000 0.000 0.000 0.000 0.000 0.000 0.000 0.002 0.906 0.982 0.995 0.612 0.990 0.991 0.000 0.989 0.963 0.025 0.000 0.000 0.000 0.000 0.000 0.000 0.000 0.000 0.000 0.000 0.000 0.002 0.000 0.000 0.000 0.000 0.000
0.000 0.000 0.000 0.000 0.000 0.000 0.000 0.191 0.061 0.502 0.873 0.982 0.981 0.964 0.000 0.000 0.949 0.989 0.000 0.994 0.968 0.007 0.007 0.000 0.000 0.000 0.000 0.000 0.000 0.000 0.000 0.000 0.012 0.000 0.001 0.000 0.000 0.000
0.000 0.000 0.000 0.000 0.000 0.000 0.000 0.007 0.754 0.940 0.937 0.982 0.954 0.936 0.001 0.000 0.000 0.963 0.994 0.000 0.996 0.911 0.000 0.000 0.000 0.000 0.000 0.000 0.000 0.000 0.000 0.000 0.660 0.000 0.000 0.000 0.000 0.000
0.000 0.000 0.000 0.000 0.000 0.000 0.000 0.962 0.961 0.987 0.906 0.241 0.006 0.150 0.000 0.000 0.000 0.025 0.968 0.996 0.000 0.988 0.922 0.000 0.000 0.000 0.000 0.000 0.000 0.000 0.000 0.019 0.892 0.019 0.034 0.000 0.000 0.000
0.000 0.000 0.000 0.000 0.000 0.019 0.895 0.987 0.999 0.984 0.649 0.167 0.000 0.000 0.000 0.000 0.000 0.000 0.007 0.911 0.988 0.000 0.999 0.983 0.001 0.000 0.000 0.000 0.000 0.034 0.957 0.931 0.982 0.263 0.000 0.000 0.000 0.000
0.000 0.980 0.004 0.000 0.000 0.987 0.985 0.985 0.951 0.000 0.000 0.000 0.000 0.000 0.000 0.000 0.000 0.000 0.007 0.000 0.922 0.999 0.000 0.997 0.905 0.000 0.000 0.000 0.000 0.868 0.923 0.997 0.973 0.954 0.984 0.985 0.000 0.000
0.000 0.167 0.000 0.000 0.955 0.998 1.000 0.841 0.988 0.000 0.000 0.000 0.000 0.000 0.000 0.000 0.000 0.000 0.000 0.000 0.000 0.983 0.997 0.000 0.995 0.994 0.020 0.000 0.974 0.960 0.984 0.904 0.001 0.000 0.000 0.161 0.000 0.000
0.000 0.000 0.290 0.878 0.977 0.997 0.920 0.000 0.001 0.000 0.000 0.000 0.000 0.000 0.000 0.000 0.000 0.000 0.000 0.000 0.000 0.001 0.905 0.995 0.000 0.988 0.992 0.987 0.988 0.994 0.973 0.069 0.000 0.000 0.000 0.047 0.000 0.000
0.002 0.000 0.001 0.087 0.969 0.922 0.954 0.000 0.788 0.000 0.000 0.000 0.000 0.000 0.000 0.000 0.000 0.000 0.000 0.000 0.000 0.000 0.000 0.994 0.988 0.000 0.993 0.938 0.982 0.354 0.000 0.000 0.000 0.000 0.000 0.000 0.000 0.000
0.000 0.000 0.000 0.809 0.937 0.152 0.000 0.000 0.000 0.000 0.000 0.000 0.000 0.000 0.002 0.009 0.000 0.000 0.000 0.000 0.000 0.000 0.000 0.020 0.992 0.993 0.000 0.995 0.990 0.182 0.000 0.000 0.000 0.000 0.000 0.000 0.000 0.000
0.000 0.000 0.000 0.013 0.238 0.551 0.000 0.000 0.000 0.000 0.000 0.000 0.000 0.000 0.000 0.000 0.000 0.000 0.000 0.000 0.000 0.000 0.000 0.000 0.987 0.938 0.995 0.000 0.990 0.980 0.002 0.000 0.000 0.000 0.000 0.000 0.000 0.000
0.000 0.000 0.000 0.000 0.000 0.000 0.000 0.000 0.014 0.000 0.000 0.000 0.000 0.000 0.000 0.000 0.000 0.000 0.000 0.000 0.000 0.000 0.000 0.974 0.988 0.982 0.990 0.990 0.000 0.989 0.940 0.000 0.000 0.000 0.000 0.000 0.000 0.000
0.000 0.000 0.000 0.000 0.000 0.912 0.000 0.000 0.000 0.000 0.000 0.000 0.000 0.000 0.000 0.000 0.000 0.000 0.000 0.000 0.000 0.034 0.868 0.960 0.994 0.354 0.182 0.980 0.989 0.000 0.997 0.898 0.001 0.000 0.000 0.000 0.000 0.000
0.000 0.000 0.000 0.000 0.000 0.927 0.000 0.000 0.101 0.000 0.000 0.000 0.000 0.000 0.000 0.000 0.000 0.000 0.000 0.000 0.000 0.957 0.923 0.984 0.973 0.000 0.000 0.002 0.940 0.997 0.000 0.966 0.900 0.000 0.000 0.000 0.000 0.000
0.000 0.000 0.000 0.000 0.000 0.995 0.000 0.000 0.000 0.000 0.000 0.000 0.000 0.000 0.000 0.000 0.000 0.000 0.000 0.000 0.019 0.931 0.997 0.904 0.069 0.000 0.000 0.000 0.000 0.898 0.966 0.000 0.991 0.984 0.937 0.998 0.737 0.000
0.000 0.000 0.000 0.000 0.000 0.000 0.000 0.003 0.000 0.002 0.057 0.027 0.000 0.037 0.001 0.001 0.000 0.002 0.012 0.660 0.892 0.982 0.973 0.001 0.000 0.000 0.000 0.000 0.000 0.001 0.900 0.991 0.000 0.997 0.948 0.020 0.000 0.000
0.000 0.000 0.000 0.000 0.000 0.008 0.000 0.000 0.000 0.000 0.000 0.000 0.000 0.000 0.000 0.000 0.000 0.000 0.000 0.000 0.019 0.263 0.954 0.000 0.000 0.000 0.000 0.000 0.000 0.000 0.000 0.984 0.997 0.000 0.998 0.982 0.054 0.000
0.547 0.941 0.343 0.000 0.000 0.000 0.000 0.350 0.000 0.000 0.000 0.000 0.000 0.000 0.000 0.000 0.000 0.000 0.001 0.000 0.034 0.000 0.984 0.000 0.000 0.000 0.000 0.000 0.000 0.000 0.000 0.937 0.948 0.998 0.000 0.984 0.967 0.224
0.227 0.964 0.988 0.000 0.000 0.987 0.236 0.002 0.000 0.000 0.000 0.000 0.000 0.000 0.000 0.000 0.000 0.000 0.000 0.000 0.000 0.000 0.985 0.161 0.047 0.000 0.000 0.000 0.000 0.000 0.000 0.998 0.020 0.982 0.984 0.000 0.989 0.890
0.301 0.423 0.960 0.011 0.000 0.157 0.000 0.000 0.000 0.000 0.000 0.000 0.000 0.000 0.000 0.000 0.000 0.000 0.000 0.000 0.000 0.000 0.000 0.000 0.000 0.000 0.000 0.000 0.000 0.000 0.000 0.737 0.000 0.054 0.967 0.989 0.000 0.990
0.510 0.395 0.913 0.423 0.000 0.030 0.000 0.000 0.000 0.000 0.000 0.000 0.000 0.000 0.000 0.000 0.000 0.000 0.000 0.000 0.000 0.000 0.000 0.000 0.000 0.000 0.000 0.000 0.000 0.000 0.000 0.000 0.000 0.000 0.224 0.890 0.990 0.000
