0.000 0.982 0.891 0.258 0.002 0.002 0.000 0.007 0.000 0.000 0.000 0.001 0.000 0.000 0.000 0.000 0.000 0.000 0.009 0.000 0.000 0.000 0.000 0.000 0.000 0.000 0.000 0.000 0.000 0.000 0.775 0.373 0.434 0.661
0.982 0.000 0.983 0.878 0.020 0.931 0.853 0.816 0.000 0.000 0.000 0.000 0.000 0.000 0.000 0.000 0.000 0.000 0.935 0.077 0.000 0.009 0.000 0.000 0.000 0.000 0.000 0.000 0.000 0.000 0.956 0.963 0.656 0.517
0.891 0.983 0.000 0.986 0.905 0.985 0.003 0.000 0.000 0.000 0.000 0.000 0.000 0.000 0.000 0.000 0.000 0.000 0.031 0.000 0.253 0.008 0.001 0.000 0.000 0.000 0.000 0.001 0.000 0.000 0.351 0.993 0.985 0.954
0.258 0.878 0.986 0.000 0.981 0.981 0.000 0.000 0.000 0.000 0.000 0.000 0.000 0.000 0.000 0.000 0.000 0.000 0.000 0.000 0.738 0.099 0.713 0.012 0.000 0.000 0.000 0.000 0.000 0.000 0.000 0.000 0.020 0.318
0.002 0.020 0.905 0.981 0.000 0.984 0.881 0.000 0.000 0.000 0.000 0.000 0.000 0.000 0.000 0.000 0.000 0.000 0.000 0.903 0.990 0.965 0.985 0.147 0.000 0.000 0.000 0.000 0.000 0.000 0.000 0.000 0.000 0.000
0.002 0.931 0.985 0.981 0.984 0.000 0.992 0.874 0.000 0.000 0.000 0.000 0.000 0.000 0.000 0.000 0.000 0.014 0.971 0.983 0.999 0.937 0.187 0.454 0.000 0.951 0.943 0.995 0.000 0.036 0.001 0.992 0.123 0.016
0.000 0.853 0.003 0.000 0.881 0.992 0.000 0.993 0.999 0.000 0.000 0.000 0.000 0.000 0.000 0.000 0.000 0.961 0.993 0.996 0.926 0.904 0.000 0.000 0.000 0.000 0.000 0.000 0.000 0.000 0.000 0.191 0.000 0.000
0.007 0.816 0.000 0.000 0.000 0.874 0.993 0.000 0.993 0.981 0.000 0.000 0.000 0.000 0.000 0.000 0.999 0.986 0.998 0.921 0.000 0.000 0.000 0.000 0.000 0.000 0.000 0.000 0.001 0.000 0.481 0.002 0.000 0.000
0.000 0.000 0.000 0.000 0.000 0.000 0.999 0.993 0.000 1.000 0.992 0.064 0.000 0.056 0.000 0.981 0.986 1.000 0.973 0.997 0.001 0.798 0.000 0.000 0.010 0.000 0.163 0.000 0.001 0.000 0.000 0.000 0.000 0.000
0.000 0.000 0.000 0.000 0.000 0.000 0.000 0.981 1.000 0.000 1.000 0.991 0.028 0.150 0.988 0.989 0.984 0.993 0.000 0.000 0.000 0.000 0.000 0.000 0.000 0.000 0.000 0.000 0.086 0.000 0.000 0.000 0.000 0.000
0.000 0.000 0.000 0.000 0.000 0.000 0.000 0.000 0.992 1.000 0.000 0.983 0.989 0.999 0.993 0.988 0.946 0.998 0.000 0.000 0.000 0.000 0.000 0.000 0.000 0.000 0.000 0.000 0.845 0.000 0.000 0.000 0.000 0.000
0.001 0.000 0.000 0.000 0.000 0.000 0.000 0.000 0.064 0.991 0.983 0.000 0.998 0.981 0.978 0.315 0.000 0.444 0.000 0.000 0.000 0.000 0.000 0.000 0.000 0.000 0.000 0.000 0.003 0.003 0.002 0.000 0.019 0.016
0.000 0.000 0.000 0.000 0.000 0.000 0.000 0.000 0.000 0.028 0.989 0.998 0.000 0.992 0.981 0.055 0.000 0.008 0.000 0.000 0.000 0.000 0.000 0.000 0.000 0.000 0.000 0.000 0.106 0.000 0.000 0.000 0.000 0.000
0.000 0.000 0.000 0.000 0.000 0.000 0.000 0.000 0.056 0.150 0.999 0.981 0.992 0.000 0.998 1.000 0.070 0.099 0.000 0.000 0.000 0.000 0.000 0.000 0.000 0.000 0.000 0.000 0.805 0.000 0.000 0.000 0.000 0.000
0.000 0.000 0.000 0.000 0.000 0.000 0.000 0.000 0.000 0.988 0.993 0.978 0.981 0.998 0.000 0.992 0.977 0.001 0.000 0.000 0.000 0.000 0.000 0.000 0.000 0.000 0.000 0.000 0.045 0.000 0.000 0.000 0.000 0.000
0.000 0.000 0.000 0.000 0.000 0.000 0.000 0.000 0.981 0.989 0.988 0.315 0.055 1.000 0.992 0.000 1.000 0.995 0.001 0.000 0.000 0.000 0.000 0.000 0.000 0.000 0.000 0.000 0.968 0.104 0.000 0.000 0.000 0.000
0.000 0.000 0.000 0.000 0.000 0.000 0.000 0.999 0.986 0.984 0.946 0.000 0.000 0.070 0.977 1.000 0.000 0.996 0.996 0.000 0.000 0.000 0.000 0.000 0.000 0.000 0.000 0.094 0.989 0.029 0.078 0.000 0.000 0.000
0.000 0.000 0.000 0.000 0.000 0.014 0.961 0.986 1.000 0.993 0.998 0.444 0.008 0.099 0.001 0.995 0.996 0.000 0.999 0.992 0.001 0.000 0.000 0.000 0.000 0.026 0.957 0.975 1.000 0.511 0.001 0.000 0.000 0.000
0.009 0.935 0.031 0.000 0.000 0.971 0.993 0.998 0.973 0.000 0.000 0.000 0.000 0.000 0.000 0.001 0.996 0.999 0.000 0.997 0.896 0.000 0.000 0.000 0.000 0.895 0.974 0.999 1.000 0.967 0.990 0.975 0.000 0.000
0.000 0.077 0.000 0.000 0.903 0.983 0.996 0.921 0.997 0.000 0.000 0.000 0.000 0.000 0.000 0.000 0.000 0.992 0.997 0.000 0.999 0.994 0.015 0.001 0.992 0.985 0.998 0.965 0.000 0.000 0.000 0.122 0.000 0.000
0.000 0.000 0.253 0.738 0.990 0.999 0.926 0.000 0.001 0.000 0.000 0.000 0.000 0.000 0.000 0.000 0.000 0.001 0.896 0.999 0.000 0.993 0.994 0.988 0.998 1.000 0.969 0.133 0.000 0.000 0.000 0.056 0.000 0.000
0.000 0.009 0.008 0.099 0.965 0.937 0.904 0.000 0.798 0.000 0.000 0.000 0.000 0.000 0.000 0.000 0.000 0.000 0.000 0.994 0.993 0.000 0.990 0.929 0.997 0.299 0.000 0.000 0.000 0.000 0.000 0.000 0.000 0.000
0.000 0.000 0.001 0.713 0.985 0.187 0.000 0.000 0.000 0.000 0.000 0.000 0.000 0.000 0.000 0.000 0.000 0.000 0.000 0.015 0.994 0.990 0.000 0.997 0.989 0.165 0.000 0.000 0.000 0.000 0.000 0.000 0.000 0.000
0.000 0.000 0.000 0.012 0.147 0.454 0.000 0.000 0.000 0.000 0.000 0.000 0.000 0.000 0.000 0.000 0.000 0.000 0.000 0.001 0.988 0.929 0.997 0.000 0.980 0.987 0.004 0.000 0.000 0.000 0.000 0.000 0.000 0.000
0.000 0.000 0.000 0.000 0.000 0.000 0.000 0.000 0.010 0.000 0.000 0.000 0.000 0.000 0.000 0.000 0.000 0.000 0.000 0.992 0.998 0.997 0.989 0.980 0.000 0.992 0.927 0.000 0.000 0.000 0.000 0.000 0.000 0.000
0.000 0.000 0.000 0.000 0.000 0.951 0.000 0.000 0.000 0.000 0.000 0.000 0.000 0.000 0.000 0.000 0.000 0.026 0.895 0.985 1.000 0.299 0.165 0.987 0.992 0.000 0.991 0.943 0.000 0.000 0.000 0.000 0.000 0.000
0.000 0.000 0.000 0.000 0.000 0.943 0.000 0.000 0.163 0.000 0.000 0.000 0.000 0.000 0.000 0.000 0.000 0.957 0.974 0.998 0.969 0.000 0.000 0.004 0.927 0.991 0.000 0.997 0.908 0.000 0.000 0.000 0.000 0.000
0.000 0.000 0.001 0.000 0.000 0.995 0.000 0.000 0.000 0.000 0.000 0.000 0.000 0.000 0.000 0.000 0.094 0.975 0.999 0.965 0.133 0.000 0.000 0.000 0.000 0.943 0.997 0.000 1.000 0.997 0.936 0.995 0.688 0.000
0.000 0.000 0.000 0.000 0.000 0.000 0.000 0.001 0.001 0.086 0.845 0.003 0.106 0.805 0.045 0.968 0.989 1.000 1.000 0.000 0.000 0.000 0.000 0.000 0.000 0.000 0.908 1.000 0.000 0.984 0.925 0.008 0.000 0.000
0.000 0.000 0.000 0.000 0.000 0.036 0.000 0.000 0.000 0.000 0.000 0.003 0.000 0.000 0.000 0.104 0.029 0.511 0.967 0.000 0.000 0.000 0.000 0.000 0.000 0.000 0.000 0.997 0.984 0.000 0.993 0.986 0.053 0.000
0.775 0.956 0.351 0.000 0.000 0.001 0.000 0.481 0.000 0.000 0.000 0.002 0.000 0.000 0.000 0.000 0.078 0.001 0.990 0.000 0.000 0.000 0.000 0.000 0.000 0.000 0.000 0.936 0.925 0.993 0.000 0.998 0.966 0.203
0.373 0.963 0.993 0.000 0.000 0.992 0.191 0.002 0.000 0.000 0.000 0.000 0.000 0.000 0.000 0.000 0.000 0.000 0.975 0.122 0.056 0.000 0.000 0.000 0.000 0.000 0.000 0.995 0.008 0.986 0.998 0.000 0.992 0.909
0.434 0.656 0.985 0.020 0.000 0.123 0.000 0.000 0.000 0.000 0.000 0.019 0.000 0.000 0.000 0.000 0.000 0.000 0.000 0.000 0.000 0.000 0.000 0.000 0.000 0.000 0.000 0.688 0.000 0.053 0.966 0.992 0.000 0.992
0.661 0.517 0.954 0.318 0.000 0.016 0.000 0.000 0.000 0.000 0.000 0.016 0.000 0.000 0.000 0.000 0.000 0.000 0.000 0.000 0.000 0.000 0.000 0.000 0.000 0.000 0.000 0.000 0.000 0.000 0.203 0.909 0.992 0.000
