0.000 0.999 0.998 0.218 0.004 0.005 0.001 0.005 0.000 0.000 0.000 0.000 0.001 0.001 0.000 0.000 0.000 0.000 0.001 0.000 0.000 0.000 0.000 0.000 0.000 0.000 0.000 0.000 0.000 0.000 0.745 0.285 0.297 0.482
0.999 0.000 1.000 0.997 0.008 1.000 0.997 0.998 0.000 0.000 0.000 0.000 0.000 0.000 0.000 0.000 0.000 0.000 1.000 0.187 0.000 0.001 0.000 0.000 0.000 0.000 0.000 0.000 0.000 0.000 0.991 1.000 0.452 0.370
0.998 1.000 0.000 1.000 0.995 1.000 0.000 0.000 0.000 0.000 0.000 0.000 0.000 0.000 0.000 0.000 0.000 0.000 0.003 0.000 0.272 0.000 0.000 0.000 0.000 0.000 0.000 0.000 0.000 0.000 0.416 1.000 0.994 0.951
0.218 0.997 1.000 0.000 1.000 1.000 0.000 0.000 0.000 0.000 0.000 0.000 0.000 0.000 0.000 0.000 0.000 0.000 0.000 0.000 0.847 0.018 0.742 0.014 0.000 0.000 0.000 0.000 0.000 0.000 0.000 0.000 0.006 0.525
0.004 0.008 0.995 1.000 0.000 1.000 0.993 0.000 0.000 0.000 0.000 0.000 0.000 0.000 0.000 0.000 0.000 0.000 0.000 0.993 1.000 1.000 0.969 0.195 0.000 0.000 0.000 0.000 0.000 0.000 0.000 0.000 0.000 0.000
0.005 1.000 1.000 1.000 1.000 0.000 1.000 1.000 0.000 0.000 0.000 0.000 0.000 0.000 0.000 0.000 0.000 0.030 1.000 1.000 1.000 0.995 0.154 0.604 0.000 0.985 0.990 1.000 0.000 0.030 0.001 1.000 0.138 0.026
0.001 0.997 0.000 0.000 0.993 1.000 0.000 1.000 1.000 0.000 0.000 0.000 0.000 0.000 0.000 0.000 0.000 1.000 1.000 1.000 0.994 0.975 0.000 0.000 0.000 0.000 0.000 0.000 0.000 0.000 0.000 0.274 0.000 0.000
0.005 0.998 0.000 0.000 0.000 1.000 1.000 0.000 1.000 1.000 0.000 0.000 0.000 0.000 0.000 0.000 0.997 1.000 1.000 1.000 0.000 0.000 0.000 0.000 0.000 0.000 0.000 0.000 0.000 0.000 0.541 0.001 0.000 0.000
0.000 0.000 0.000 0.000 0.000 0.000 1.000 1.000 0.000 1.000 0.993 0.111 0.000 0.001 0.000 0.981 0.996 1.000 1.000 1.000 0.000 0.865 0.000 0.000 0.008 0.000 0.165 0.000 0.000 0.000 0.000 0.000 0.000 0.000
0.000 0.000 0.000 0.000 0.000 0.000 0.000 1.000 1.000 0.000 0.999 1.000 0.012 0.039 0.960 0.994 1.000 1.000 0.000 0.000 0.000 0.000 0.000 0.000 0.000 0.000 0.000 0.000 0.104 0.000 0.000 0.000 0.000 0.000
0.000 0.000 0.000 0.000 0.000 0.000 0.000 0.000 0.993 0.999 0.000 1.000 0.990 0.986 0.999 1.000 0.999 0.998 0.000 0.000 0.000 0.000 0.000 0.000 0.000 0.000 0.000 0.000 0.794 0.000 0.000 0.000 0.000 0.000
0.000 0.000 0.000 0.000 0.000 0.000 0.000 0.000 0.111 1.000 1.000 0.000 0.995 0.982 0.996 0.327 0.000 0.651 0.000 0.000 0.000 0.000 0.000 0.000 0.000 0.000 0.000 0.000 0.020 0.000 0.000 0.000 0.029 0.085
0.001 0.000 0.000 0.000 0.000 0.000 0.000 0.000 0.000 0.012 0.990 0.995 0.000 1.000 0.996 0.074 0.000 0.001 0.000 0.000 0.000 0.000 0.000 0.000 0.000 0.000 0.000 0.000 0.059 0.000 0.000 0.000 0.000 0.001
0.001 0.000 0.000 0.000 0.000 0.000 0.000 0.000 0.001 0.039 0.986 0.982 1.000 0.000 0.994 0.999 0.009 0.042 0.000 0.000 0.000 0.000 0.000 0.000 0.000 0.000 0.000 0.000 0.598 0.000 0.000 0.000 0.000 0.000
0.000 0.000 0.000 0.000 0.000 0.000 0.000 0.000 0.000 0.960 0.999 0.996 0.996 0.994 0.000 0.999 0.982 0.000 0.000 0.000 0.000 0.000 0.000 0.000 0.000 0.000 0.000 0.000 0.006 0.000 0.000 0.000 0.000 0.000
0.000 0.000 0.000 0.000 0.000 0.000 0.000 0.000 0.981 0.994 1.000 0.327 0.074 0.999 0.999 0.000 1.000 0.996 0.002 0.000 0.000 0.000 0.000 0.000 0.000 0.000 0.012 0.015 0.970 0.027 0.000 0.000 0.000 0.000
0.000 0.000 0.000 0.000 0.000 0.000 0.000 0.997 0.996 1.000 0.999 0.000 0.000 0.009 0.982 1.000 0.000 1.000 1.000 0.000 0.000 0.000 0.000 0.000 0.000 0.000 0.000 0.108 0.999 0.039 0.143 0.000 0.000 0.000
0.000 0.000 0.000 0.000 0.000 0.030 1.000 1.000 1.000 1.000 0.998 0.651 0.001 0.042 0.000 0.996 1.000 0.000 1.000 1.000 0.001 0.000 0.000 0.000 0.000 0.031 1.000 1.000 0.996 0.555 0.000 0.000 0.000 0.000
0.001 1.000 0.003 0.000 0.000 1.000 1.000 1.000 1.000 0.000 0.000 0.000 0.000 0.000 0.000 0.002 1.000 1.000 0.000 1.000 0.994 0.000 0.000 0.000 0.000 0.984 1.000 1.000 0.992 0.999 1.000 1.000 0.000 0.000
0.000 0.187 0.000 0.000 0.993 1.000 1.000 1.000 1.000 0.000 0.000 0.000 0.000 0.000 0.000 0.000 0.000 1.000 1.000 0.000 1.000 1.000 0.008 0.001 0.978 0.996 1.000 0.999 0.000 0.000 0.000 0.183 0.000 0.000
0.000 0.000 0.272 0.847 1.000 1.000 0.994 0.000 0.000 0.000 0.000 0.000 0.000 0.000 0.000 0.000 0.000 0.001 0.994 1.000 0.000 1.000 0.992 0.969 0.980 1.000 1.000 0.088 0.000 0.000 0.000 0.064 0.000 0.000
0.000 0.001 0.000 0.018 1.000 0.995 0.975 0.000 0.865 0.000 0.000 0.000 0.000 0.000 0.000 0.000 0.000 0.000 0.000 1.000 1.000 0.000 0.997 0.969 0.992 0.281 0.000 0.000 0.000 0.000 0.000 0.000 0.000 0.000
0.000 0.000 0.000 0.742 0.969 0.154 0.000 0.000 0.000 0.000 0.000 0.000 0.000 0.000 0.000 0.000 0.000 0.000 0.000 0.008 0.992 0.997 0.000 1.000 1.000 0.166 0.000 0.000 0.000 0.000 0.000 0.000 0.000 0.000
0.000 0.000 0.000 0.014 0.195 0.604 0.000 0.000 0.000 0.000 0.000 0.000 0.000 0.000 0.000 0.000 0.000 0.000 0.000 0.001 0.969 0.969 1.000 0.000 0.999 0.995 0.003 0.000 0.000 0.000 0.000 0.000 0.000 0.000
0.000 0.000 0.000 0.000 0.000 0.000 0.000 0.000 0.008 0.000 0.000 0.000 0.000 0.000 0.000 0.000 0.000 0.000 0.000 0.978 0.980 0.992 1.000 0.999 0.000 0.996 0.948 0.000 0.000 0.000 0.000 0.000 0.000 0.000
0.000 0.000 0.000 0.000 0.000 0.985 0.000 0.000 0.000 0.000 0.000 0.000 0.000 0.000 0.000 0.000 0.000 0.031 0.984 0.996 1.000 0.281 0.166 0.995 0.996 0.000 1.000 0.985 0.000 0.000 0.000 0.000 0.000 0.000
0.000 0.000 0.000 0.000 0.000 0.990 0.000 0.000 0.165 0.000 0.000 0.000 0.000 0.000 0.000 0.012 0.000 1.000 1.000 1.000 1.000 0.000 0.000 0.003 0.948 1.000 0.000 1.000 0.982 0.000 0.000 0.000 0.000 0.000
0.000 0.000 0.000 0.000 0.000 1.000 0.000 0.000 0.000 0.000 0.000 0.000 0.000 0.000 0.000 0.015 0.108 1.000 1.000 0.999 0.088 0.000 0.000 0.000 0.000 0.985 1.000 0.000 0.999 1.000 0.999 1.000 0.721 0.000
0.000 0.000 0.000 0.000 0.000 0.000 0.000 0.000 0.000 0.104 0.794 0.020 0.059 0.598 0.006 0.970 0.999 0.996 0.992 0.000 0.000 0.000 0.000 0.000 0.000 0.000 0.982 0.999 0.000 1.000 0.996 0.019 0.000 0.000
0.000 0.000 0.000 0.000 0.000 0.030 0.000 0.000 0.000 0.000 0.000 0.000 0.000 0.000 0.000 0.027 0.039 0.555 0.999 0.000 0.000 0.000 0.000 0.000 0.000 0.000 0.000 1.000 1.000 0.000 1.000 0.994 0.043 0.000
0.745 0.991 0.416 0.000 0.000 0.001 0.000 0.541 0.000 0.000 0.000 0.000 0.000 0.000 0.000 0.000 0.143 0.000 1.000 0.000 0.000 0.000 0.000 0.000 0.000 0.000 0.000 0.999 0.996 1.000 0.000 0.999 0.983 0.157
0.285 1.000 1.000 0.000 0.000 1.000 0.274 0.001 0.000 0.000 0.000 0.000 0.000 0.000 0.000 0.000 0.000 0.000 1.000 0.183 0.064 0.000 0.000 0.000 0.000 0.000 0.000 1.000 0.019 0.994 0.999 0.000 0.984 0.921
0.297 0.452 0.994 0.006 0.000 0.138 0.000 0.000 0.000 0.000 0.000 0.029 0.000 0.000 0.000 0.000 0.000 0.000 0.000 0.000 0.000 0.000 0.000 0.000 0.000 0.000 0.000 0.721 0.000 0.043 0.983 0.984 0.000 0.997
0.482 0.370 0.951 0.525 0.000 0.026 0.000 0.000 0.000 0.000 0.000 0.085 0.001 0.000 0.000 0.000 0.000 0.000 0.000 0.000 0.000 0.000 0.000 0.000 0.000 0.000 0.000 0.000 0.000 0.000 0.157 0.921 0.997 0.000
