0.000 0.994 0.930 0.218 0.008 0.007 0.000 0.004 0.000 0.000 0.000 0.000 0.008 0.001 0.000 0.002 0.000 0.000 0.002 0.000 0.000 0.000 0.000 0.000 0.000 0.000 0.000 0.000 0.000 0.000 0.801 0.128 0.163 0.308
0.994 0.000 1.000 0.981 0.006 0.999 0.956 0.960 0.000 0.000 0.000 0.000 0.000 0.000 0.000 0.000 0.000 0.000 0.994 0.187 0.000 0.003 0.000 0.000 0.000 0.000 0.000 0.000 0.000 0.000 0.993 0.997 0.268 0.238
0.930 1.000 0.000 0.999 0.984 0.981 0.001 0.000 0.000 0.000 0.000 0.000 0.000 0.000 0.000 0.000 0.000 0.000 0.007 0.000 0.190 0.003 0.000 0.000 0.000 0.000 0.000 0.002 0.000 0.000 0.528 0.966 0.972 0.933
0.218 0.981 0.999 0.000 0.983 0.965 0.000 0.000 0.000 0.000 0.000 0.000 0.000 0.000 0.000 0.005 0.000 0.000 0.000 0.000 0.740 0.028 0.566 0.011 0.000 0.000 0.000 0.000 0.000 0.000 0.000 0.000 0.021 0.506
0.008 0.006 0.984 0.983 0.000 1.000 0.989 0.000 0.000 0.000 0.000 0.000 0.000 0.000 0.000 0.000 0.000 0.000 0.000 0.975 0.996 0.977 0.980 0.147 0.000 0.000 0.000 0.000 0.000 0.000 0.000 0.000 0.000 0.025
0.007 0.999 0.981 0.965 1.000 0.000 0.988 0.953 0.000 0.000 0.000 0.000 0.000 0.000 0.000 0.000 0.000 0.016 1.000 0.979 1.000 0.966 0.148 0.598 0.000 0.941 0.904 1.000 0.000 0.037 0.002 1.000 0.223 0.309
0.000 0.956 0.001 0.000 0.989 0.988 0.000 1.000 0.999 0.000 0.000 0.000 0.000 0.000 0.000 0.000 0.000 0.967 1.000 1.000 0.994 0.991 0.000 0.000 0.000 0.000 0.000 0.000 0.000 0.000 0.000 0.330 0.000 0.000
0.004 0.960 0.000 0.000 0.000 0.953 1.000 0.000 0.992 0.834 0.000 0.000 0.000 0.000 0.000 0.000 0.996 0.989 0.999 0.989 0.000 0.000 0.000 0.000 0.000 0.000 0.000 0.000 0.000 0.000 0.619 0.002 0.000 0.000
0.000 0.000 0.000 0.000 0.000 0.000 0.999 0.992 0.000 0.984 0.873 0.020 0.000 0.000 0.000 0.866 0.993 1.000 0.965 0.991 0.001 0.792 0.000 0.000 0.015 0.000 0.147 0.000 0.000 0.000 0.000 0.000 0.000 0.000
0.000 0.000 0.000 0.000 0.000 0.000 0.000 0.834 0.984 0.000 0.999 0.972 0.055 0.073 0.928 0.978 0.960 0.967 0.000 0.000 0.000 0.000 0.000 0.000 0.000 0.000 0.000 0.000 0.088 0.000 0.000 0.000 0.000 0.000
0.000 0.000 0.000 0.000 0.000 0.000 0.000 0.000 0.873 0.999 0.000 0.989 0.968 0.923 0.935 0.984 0.873 0.983 0.000 0.000 0.000 0.000 0.000 0.000 0.000 0.000 0.000 0.000 0.893 0.000 0.000 0.000 0.000 0.000
0.000 0.000 0.000 0.000 0.000 0.000 0.000 0.000 0.020 0.972 0.989 0.000 0.996 0.933 0.939 0.194 0.000 0.539 0.000 0.000 0.000 0.000 0.000 0.000 0.000 0.000 0.000 0.000 0.010 0.000 0.000 0.000 0.000 0.000
0.008 0.000 0.000 0.000 0.000 0.000 0.000 0.000 0.000 0.055 0.968 0.996 0.000 0.982 0.959 0.045 0.000 0.000 0.000 0.000 0.000 0.000 0.000 0.000 0.000 0.000 0.000 0.000 0.004 0.000 0.000 0.000 0.000 0.000
0.001 0.000 0.000 0.000 0.000 0.000 0.000 0.000 0.000 0.073 0.923 0.933 0.982 0.000 0.995 0.991 0.000 0.004 0.000 0.000 0.000 0.000 0.000 0.000 0.000 0.000 0.000 0.000 0.477 0.000 0.000 0.000 0.000 0.000
0.000 0.000 0.000 0.000 0.000 0.000 0.000 0.000 0.000 0.928 0.935 0.939 0.959 0.995 0.000 0.969 0.853 0.000 0.000 0.000 0.000 0.000 0.000 0.000 0.000 0.000 0.000 0.000 0.007 0.000 0.000 0.000 0.000 0.000
0.002 0.000 0.000 0.005 0.000 0.000 0.000 0.000 0.866 0.978 0.984 0.194 0.045 0.991 0.969 0.000 0.981 0.933 0.000 0.000 0.000 0.003 0.009 0.000 0.000 0.000 0.000 0.000 0.935 0.022 0.000 0.000 0.000 0.000
0.000 0.000 0.000 0.000 0.000 0.000 0.000 0.996 0.993 0.960 0.873 0.000 0.000 0.000 0.853 0.981 0.000 0.992 0.961 0.000 0.000 0.000 0.000 0.000 0.000 0.000 0.000 0.092 0.990 0.037 0.083 0.000 0.000 0.000
0.000 0.000 0.000 0.000 0.000 0.016 0.967 0.989 1.000 0.967 0.983 0.539 0.000 0.004 0.000 0.933 0.992 0.000 0.995 1.000 0.000 0.000 0.000 0.000 0.000 0.028 1.000 0.978 0.974 0.507 0.000 0.000 0.000 0.000
0.002 0.994 0.007 0.000 0.000 1.000 1.000 0.999 0.965 0.000 0.000 0.000 0.000 0.000 0.000 0.000 0.961 0.995 0.000 1.000 0.994 0.000 0.000 0.000 0.000 0.955 0.962 1.000 0.967 0.993 0.999 0.999 0.000 0.000
0.000 0.187 0.000 0.000 0.975 0.979 1.000 0.989 0.991 0.000 0.000 0.000 0.000 0.000 0.000 0.000 0.000 1.000 1.000 0.000 0.998 1.000 0.011 0.000 0.978 0.987 0.999 0.973 0.000 0.000 0.000 0.216 0.000 0.000
0.000 0.000 0.190 0.740 0.996 1.000 0.994 0.000 0.001 0.000 0.000 0.000 0.000 0.000 0.000 0.000 0.000 0.000 0.994 0.998 0.000 0.999 1.000 0.981 0.984 0.991 0.948 0.093 0.000 0.000 0.000 0.085 0.000 0.190
0.000 0.003 0.003 0.028 0.977 0.966 0.991 0.000 0.792 0.000 0.000 0.000 0.000 0.000 0.000 0.003 0.000 0.000 0.000 1.000 0.999 0.000 0.992 0.937 0.982 0.236 0.000 0.000 0.000 0.000 0.000 0.000 0.000 0.000
0.000 0.000 0.000 0.566 0.980 0.148 0.000 0.000 0.000 0.000 0.000 0.000 0.000 0.000 0.000 0.009 0.000 0.000 0.000 0.011 1.000 0.992 0.000 1.000 0.974 0.164 0.000 0.000 0.000 0.000 0.000 0.000 0.000 0.003
0.000 0.000 0.000 0.011 0.147 0.598 0.000 0.000 0.000 0.000 0.000 0.000 0.000 0.000 0.000 0.000 0.000 0.000 0.000 0.000 0.981 0.937 1.000 0.000 0.989 1.000 0.005 0.000 0.000 0.000 0.000 0.000 0.000 0.006
0.000 0.000 0.000 0.000 0.000 0.000 0.000 0.000 0.015 0.000 0.000 0.000 0.000 0.000 0.000 0.000 0.000 0.000 0.000 0.978 0.984 0.982 0.974 0.989 0.000 0.996 0.979 0.000 0.000 0.000 0.000 0.000 0.000 0.000
0.000 0.000 0.000 0.000 0.000 0.941 0.000 0.000 0.000 0.000 0.000 0.000 0.000 0.000 0.000 0.000 0.000 0.028 0.955 0.987 0.991 0.236 0.164 1.000 0.996 0.000 1.000 0.984 0.000 0.000 0.000 0.000 0.000 0.000
0.000 0.000 0.000 0.000 0.000 0.904 0.000 0.000 0.147 0.000 0.000 0.000 0.000 0.000 0.000 0.000 0.000 1.000 0.962 0.999 0.948 0.000 0.000 0.005 0.979 1.000 0.000 0.997 0.923 0.000 0.000 0.000 0.000 0.000
0.000 0.000 0.002 0.000 0.000 1.000 0.000 0.000 0.000 0.000 0.000 0.000 0.000 0.000 0.000 0.000 0.092 0.978 1.000 0.973 0.093 0.000 0.000 0.000 0.000 0.984 0.997 0.000 0.984 0.998 0.968 0.996 0.716 0.036
0.000 0.000 0.000 0.000 0.000 0.000 0.000 0.000 0.000 0.088 0.893 0.010 0.004 0.477 0.007 0.935 0.990 0.974 0.967 0.000 0.000 0.000 0.000 0.000 0.000 0.000 0.923 0.984 0.000 0.995 0.946 0.009 0.000 0.000
0.000 0.000 0.000 0.000 0.000 0.037 0.000 0.000 0.000 0.000 0.000 0.000 0.000 0.000 0.000 0.022 0.037 0.507 0.993 0.000 0.000 0.000 0.000 0.000 0.000 0.000 0.000 0.998 0.995 0.000 0.998 0.978 0.032 0.000
0.801 0.993 0.528 0.000 0.000 0.002 0.000 0.619 0.000 0.000 0.000 0.000 0.000 0.000 0.000 0.000 0.083 0.000 0.999 0.000 0.000 0.000 0.000 0.000 0.000 0.000 0.000 0.968 0.946 0.998 0.000 0.999 0.918 0.125
0.128 0.997 0.966 0.000 0.000 1.000 0.330 0.002 0.000 0.000 0.000 0.000 0.000 0.000 0.000 0.000 0.000 0.000 0.999 0.216 0.085 0.000 0.000 0.000 0.000 0.000 0.000 0.996 0.009 0.978 0.999 0.000 0.951 0.838
0.163 0.268 0.972 0.021 0.000 0.223 0.000 0.000 0.000 0.000 0.000 0.000 0.000 0.000 0.000 0.000 0.000 0.000 0.000 0.000 0.000 0.000 0.000 0.000 0.000 0.000 0.000 0.716 0.000 0.032 0.918 0.951 0.000 0.989
0.308 0.238 0.933 0.506 0.025 0.309 0.000 0.000 0.000 0.000 0.000 0.000 0.000 0.000 0.000 0.000 0.000 0.000 0.000 0.000 0.190 0.000 0.003 0.006 0.000 0.000 0.000 0.036 0.000 0.000 0.125 0.838 0.989 0.000
