0.000 0.975 0.848 0.155 0.006 0.006 0.005 0.042 0.000 0.000 0.000 0.016 0.007 0.003 0.000 0.000 0.000 0.000 0.008 0.000 0.000 0.000 0.000 0.000 0.000 0.000 0.000 0.000 0.000 0.000 0.741 0.170 0.210 0.418
0.975 0.000 0.998 0.891 0.003 0.990 0.975 0.989 0.000 0.000 0.000 0.000 0.000 0.000 0.000 0.000 0.001 0.000 0.990 0.242 0.000 0.002 0.000 0.000 0.000 0.000 0.000 0.000 0.000 0.000 0.970 0.994 0.365 0.338
0.848 0.998 0.000 0.974 0.962 0.991 0.000 0.000 0.000 0.000 0.000 0.010 0.000 0.000 0.000 0.000 0.000 0.000 0.011 0.000 0.129 0.003 0.000 0.000 0.000 0.000 0.000 0.000 0.000 0.000 0.434 0.966 0.968 0.939
0.155 0.891 0.974 0.000 0.994 0.894 0.000 0.000 0.000 0.000 0.000 0.005 0.000 0.000 0.000 0.000 0.000 0.000 0.000 0.000 0.597 0.056 0.403 0.001 0.000 0.000 0.000 0.000 0.000 0.000 0.001 0.000 0.011 0.460
0.006 0.003 0.962 0.994 0.000 0.994 0.942 0.000 0.000 0.000 0.000 0.000 0.000 0.000 0.000 0.000 0.000 0.000 0.000 0.915 0.984 0.991 0.953 0.169 0.000 0.000 0.000 0.000 0.000 0.000 0.000 0.000 0.000 0.000
0.006 0.990 0.991 0.894 0.994 0.000 1.000 0.974 0.000 0.000 0.000 0.000 0.000 0.000 0.000 0.000 0.000 0.008 0.999 1.000 1.000 0.914 0.154 0.063 0.000 0.979 0.985 0.999 0.000 0.065 0.001 1.000 0.181 0.035
0.005 0.975 0.000 0.000 0.942 1.000 0.000 0.999 0.993 0.000 0.000 0.000 0.000 0.000 0.000 0.000 0.000 0.956 1.000 0.999 0.993 0.894 0.000 0.000 0.000 0.000 0.000 0.000 0.000 0.000 0.000 0.243 0.000 0.000
0.042 0.989 0.000 0.000 0.000 0.974 0.999 0.000 0.992 0.980 0.000 0.000 0.000 0.000 0.000 0.000 0.992 0.989 1.000 0.986 0.000 0.000 0.000 0.000 0.000 0.000 0.000 0.000 0.000 0.000 0.535 0.001 0.000 0.000
0.000 0.000 0.000 0.000 0.000 0.000 0.993 0.992 0.000 1.000 0.992 0.044 0.000 0.000 0.000 0.987 0.993 1.000 1.000 1.000 0.000 0.793 0.000 0.000 0.011 0.000 0.261 0.000 0.000 0.000 0.000 0.000 0.000 0.000
0.000 0.000 0.000 0.000 0.000 0.000 0.000 0.980 1.000 0.000 1.000 0.988 0.030 0.092 0.970 1.000 1.000 1.000 0.000 0.000 0.000 0.000 0.000 0.000 0.000 0.000 0.000 0.000 0.001 0.000 0.000 0.000 0.000 0.000
0.000 0.000 0.000 0.000 0.000 0.000 0.000 0.000 0.992 1.000 0.000 0.991 0.970 0.999 0.989 1.000 0.999 0.998 0.000 0.000 0.000 0.000 0.000 0.000 0.000 0.000 0.000 0.000 0.774 0.000 0.000 0.000 0.000 0.000
0.016 0.000 0.010 0.005 0.000 0.000 0.000 0.000 0.044 0.988 0.991 0.000 1.000 0.993 0.985 0.301 0.000 0.465 0.000 0.000 0.000 0.000 0.017 0.000 0.001 0.000 0.000 0.000 0.000 0.000 0.000 0.000 0.033 0.131
0.007 0.000 0.000 0.000 0.000 0.000 0.000 0.000 0.000 0.030 0.970 1.000 0.000 0.993 0.977 0.056 0.000 0.000 0.000 0.000 0.000 0.000 0.000 0.000 0.000 0.000 0.000 0.000 0.012 0.000 0.000 0.000 0.000 0.011
0.003 0.000 0.000 0.000 0.000 0.000 0.000 0.000 0.000 0.092 0.999 0.993 0.993 0.000 1.000 0.999 0.001 0.025 0.000 0.000 0.000 0.000 0.000 0.000 0.000 0.000 0.000 0.000 0.307 0.000 0.000 0.000 0.000 0.000
0.000 0.000 0.000 0.000 0.000 0.000 0.000 0.000 0.000 0.970 0.989 0.985 0.977 1.000 0.000 0.995 0.979 0.000 0.000 0.000 0.000 0.000 0.000 0.000 0.000 0.000 0.000 0.000 0.000 0.000 0.000 0.000 0.000 0.000
0.000 0.000 0.000 0.000 0.000 0.000 0.000 0.000 0.987 1.000 1.000 0.301 0.056 0.999 0.995 0.000 1.000 0.993 0.000 0.000 0.000 0.000 0.000 0.000 0.000 0.000 0.000 0.000 0.914 0.039 0.001 0.000 0.000 0.000
0.000 0.001 0.000 0.000 0.000 0.000 0.000 0.992 0.993 1.000 0.999 0.000 0.000 0.001 0.979 1.000 0.000 0.997 0.992 0.000 0.000 0.000 0.000 0.000 0.000 0.000 0.000 0.104 0.999 0.013 0.109 0.000 0.000 0.000
0.000 0.000 0.000 0.000 0.000 0.008 0.956 0.989 1.000 1.000 0.998 0.465 0.000 0.025 0.000 0.993 0.997 0.000 1.000 0.996 0.001 0.000 0.000 0.000 0.000 0.032 0.997 0.998 1.000 0.365 0.001 0.000 0.000 0.000
0.008 0.990 0.011 0.000 0.000 0.999 1.000 1.000 1.000 0.000 0.000 0.000 0.000 0.000 0.000 0.000 0.992 1.000 0.000 1.000 0.992 0.000 0.000 0.000 0.000 0.997 1.000 1.000 0.998 0.982 0.991 0.999 0.000 0.000
0.000 0.242 0.000 0.000 0.915 1.000 0.999 0.986 1.000 0.000 0.000 0.000 0.000 0.000 0.000 0.000 0.000 0.996 1.000 0.000 0.999 0.995 0.007 0.001 0.940 1.000 1.000 0.999 0.000 0.000 0.000 0.175 0.000 0.000
0.000 0.000 0.129 0.597 0.984 1.000 0.993 0.000 0.000 0.000 0.000 0.000 0.000 0.000 0.000 0.000 0.000 0.001 0.992 0.999 0.000 0.999 0.958 0.984 0.999 1.000 0.993 0.314 0.000 0.000 0.000 0.063 0.000 0.000
0.000 0.002 0.003 0.056 0.991 0.914 0.894 0.000 0.793 0.000 0.000 0.000 0.000 0.000 0.000 0.000 0.000 0.000 0.000 0.995 0.999 0.000 0.989 0.957 0.985 0.728 0.000 0.000 0.000 0.000 0.000 0.000 0.000 0.000
0.000 0.000 0.000 0.403 0.953 0.154 0.000 0.000 0.000 0.000 0.000 0.017 0.000 0.000 0.000 0.000 0.000 0.000 0.000 0.007 0.958 0.989 0.000 0.972 0.938 0.162 0.000 0.000 0.000 0.000 0.000 0.000 0.000 0.000
0.000 0.000 0.000 0.001 0.169 0.063 0.000 0.000 0.000 0.000 0.000 0.000 0.000 0.000 0.000 0.000 0.000 0.000 0.000 0.001 0.984 0.957 0.972 0.000 0.990 0.960 0.000 0.000 0.000 0.000 0.000 0.000 0.000 0.000
0.000 0.000 0.000 0.000 0.000 0.000 0.000 0.000 0.011 0.000 0.000 0.001 0.000 0.000 0.000 0.000 0.000 0.000 0.000 0.940 0.999 0.985 0.938 0.990 0.000 0.996 0.978 0.000 0.000 0.000 0.000 0.000 0.000 0.000
0.000 0.000 0.000 0.000 0.000 0.979 0.000 0.000 0.000 0.000 0.000 0.000 0.000 0.000 0.000 0.000 0.000 0.032 0.997 1.000 1.000 0.728 0.162 0.960 0.996 0.000 1.000 0.998 0.001 0.000 0.000 0.000 0.000 0.000
0.000 0.000 0.000 0.000 0.000 0.985 0.000 0.000 0.261 0.000 0.000 0.000 0.000 0.000 0.000 0.000 0.000 0.997 1.000 1.000 0.993 0.000 0.000 0.000 0.978 1.000 0.000 1.000 0.985 0.000 0.000 0.000 0.000 0.000
0.000 0.000 0.000 0.000 0.000 0.999 0.000 0.000 0.000 0.000 0.000 0.000 0.000 0.000 0.000 0.000 0.104 0.998 1.000 0.999 0.314 0.000 0.000 0.000 0.000 0.998 1.000 0.000 0.998 0.998 0.985 0.986 0.607 0.000
0.000 0.000 0.000 0.000 0.000 0.000 0.000 0.000 0.000 0.001 0.774 0.000 0.012 0.307 0.000 0.914 0.999 1.000 0.998 0.000 0.000 0.000 0.000 0.000 0.000 0.001 0.985 0.998 0.000 1.000 0.974 0.018 0.000 0.000
0.000 0.000 0.000 0.000 0.000 0.065 0.000 0.000 0.000 0.000 0.000 0.000 0.000 0.000 0.000 0.039 0.013 0.365 0.982 0.000 0.000 0.000 0.000 0.000 0.000 0.000 0.000 0.998 1.000 0.000 0.994 0.977 0.033 0.000
0.741 0.970 0.434 0.001 0.000 0.001 0.000 0.535 0.000 0.000 0.000 0.000 0.000 0.000 0.000 0.001 0.109 0.001 0.991 0.000 0.000 0.000 0.000 0.000 0.000 0.000 0.000 0.985 0.974 0.994 0.000 0.995 0.929 0.186
0.170 0.994 0.966 0.000 0.000 1.000 0.243 0.001 0.000 0.000 0.000 0.000 0.000 0.000 0.000 0.000 0.000 0.000 0.999 0.175 0.063 0.000 0.000 0.000 0.000 0.000 0.000 0.986 0.018 0.977 0.995 0.000 0.978 0.816
0.210 0.365 0.968 0.011 0.000 0.181 0.000 0.000 0.000 0.000 0.000 0.033 0.000 0.000 0.000 0.000 0.000 0.000 0.000 0.000 0.000 0.000 0.000 0.000 0.000 0.000 0.000 0.607 0.000 0.033 0.929 0.978 0.000 0.970
0.418 0.338 0.939 0.460 0.000 0.035 0.000 0.000 0.000 0.000 0.000 0.131 0.011 0.000 0.000 0.000 0.000 0.000 0.000 0.000 0.000 0.000 0.000 0.000 0.000 0.000 0.000 0.000 0.000 0.000 0.186 0.816 0.970 0.000
