0.000 0.991 0.952 0.187 0.001 0.002 0.000 0.009 0.000 0.000 0.000 0.015 0.042 0.025 0.002 0.000 0.000 0.000 0.001 0.000 0.000 0.000 0.000 0.000 0.000 0.000 0.000 0.000 0.000 0.000 0.748 0.092 0.137 0.408
0.991 0.000 1.000 0.978 0.007 0.999 0.981 0.925 0.000 0.000 0.000 0.000 0.000 0.000 0.000 0.000 0.000 0.000 0.958 0.173 0.000 0.002 0.000 0.000 0.000 0.000 0.000 0.000 0.000 0.000 0.967 0.987 0.312 0.345
0.952 1.000 0.000 1.000 0.967 0.985 0.002 0.000 0.000 0.000 0.000 0.000 0.001 0.000 0.000 0.000 0.000 0.000 0.010 0.000 0.208 0.002 0.000 0.000 0.000 0.000 0.000 0.000 0.000 0.000 0.593 0.972 0.971 0.948
0.187 0.978 1.000 0.000 0.993 0.963 0.000 0.000 0.000 0.000 0.000 0.001 0.053 0.017 0.000 0.000 0.000 0.000 0.000 0.000 0.796 0.033 0.602 0.014 0.000 0.000 0.000 0.000 0.000 0.000 0.001 0.000 0.021 0.463
0.001 0.007 0.967 0.993 0.000 0.994 0.959 0.000 0.000 0.000 0.000 0.000 0.000 0.000 0.000 0.000 0.000 0.000 0.000 0.897 0.970 0.997 0.979 0.188 0.000 0.000 0.000 0.000 0.000 0.000 0.000 0.000 0.000 0.001
0.002 0.999 0.985 0.963 0.994 0.000 0.999 0.927 0.000 0.000 0.000 0.000 0.000 0.000 0.000 0.000 0.000 0.023 0.996 0.995 1.000 0.965 0.163 0.590 0.000 0.988 0.937 0.995 0.000 0.029 0.001 1.000 0.208 0.039
0.000 0.981 0.002 0.000 0.959 0.999 0.000 1.000 0.995 0.000 0.000 0.000 0.000 0.000 0.000 0.000 0.000 0.906 0.989 0.999 0.982 0.926 0.000 0.000 0.000 0.000 0.000 0.000 0.000 0.000 0.000 0.290 0.000 0.000
0.009 0.925 0.000 0.000 0.000 0.927 1.000 0.000 1.000 0.940 0.001 0.001 0.000 0.000 0.000 0.003 0.975 0.985 0.994 0.986 0.000 0.000 0.000 0.000 0.000 0.000 0.000 0.000 0.001 0.000 0.358 0.002 0.000 0.000
0.000 0.000 0.000 0.000 0.000 0.000 0.995 1.000 0.000 0.986 0.920 0.052 0.000 0.004 0.000 0.889 0.980 0.999 0.989 0.998 0.001 0.740 0.000 0.000 0.009 0.000 0.147 0.000 0.000 0.000 0.000 0.000 0.000 0.000
0.000 0.000 0.000 0.000 0.000 0.000 0.000 0.940 0.986 0.000 0.998 0.969 0.025 0.108 0.839 0.990 0.996 0.981 0.000 0.000 0.000 0.000 0.000 0.000 0.000 0.000 0.000 0.000 0.055 0.000 0.000 0.000 0.000 0.000
0.000 0.000 0.000 0.000 0.000 0.000 0.000 0.001 0.920 0.998 0.000 0.982 0.938 0.986 0.981 0.994 0.960 0.961 0.000 0.000 0.000 0.000 0.000 0.000 0.000 0.000 0.001 0.000 0.790 0.000 0.000 0.000 0.000 0.000
0.015 0.000 0.000 0.001 0.000 0.000 0.000 0.001 0.052 0.969 0.982 0.000 0.983 0.950 0.950 0.257 0.018 0.510 0.000 0.000 0.000 0.000 0.000 0.000 0.000 0.000 0.000 0.000 0.019 0.000 0.000 0.000 0.001 0.006
0.042 0.000 0.001 0.053 0.000 0.000 0.000 0.000 0.000 0.025 0.938 0.983 0.000 0.994 0.935 0.209 0.000 0.002 0.000 0.000 0.000 0.000 0.005 0.000 0.000 0.000 0.000 0.000 0.137 0.000 0.000 0.000 0.000 0.014
0.025 0.000 0.000 0.017 0.000 0.000 0.000 0.000 0.004 0.108 0.986 0.950 0.994 0.000 0.978 0.967 0.076 0.105 0.000 0.000 0.000 0.000 0.002 0.000 0.000 0.000 0.009 0.000 0.631 0.000 0.000 0.000 0.000 0.002
0.002 0.000 0.000 0.000 0.000 0.000 0.000 0.000 0.000 0.839 0.981 0.950 0.935 0.978 0.000 0.989 0.931 0.036 0.000 0.000 0.000 0.000 0.000 0.000 0.000 0.000 0.000 0.000 0.226 0.000 0.000 0.000 0.000 0.000
0.000 0.000 0.000 0.000 0.000 0.000 0.000 0.003 0.889 0.990 0.994 0.257 0.209 0.967 0.989 0.000 0.988 0.933 0.000 0.000 0.000 0.000 0.000 0.000 0.000 0.000 0.000 0.000 0.690 0.000 0.000 0.000 0.000 0.000
0.000 0.000 0.000 0.000 0.000 0.000 0.000 0.975 0.980 0.996 0.960 0.018 0.000 0.076 0.931 0.988 0.000 0.992 0.961 0.000 0.000 0.000 0.000 0.000 0.000 0.000 0.000 0.058 0.997 0.039 0.068 0.000 0.000 0.000
0.000 0.000 0.000 0.000 0.000 0.023 0.906 0.985 0.999 0.981 0.961 0.510 0.002 0.105 0.036 0.933 0.992 0.000 0.994 0.985 0.001 0.000 0.000 0.000 0.002 0.041 0.995 0.988 0.999 0.443 0.000 0.000 0.000 0.000
0.001 0.958 0.010 0.000 0.000 0.996 0.989 0.994 0.989 0.000 0.000 0.000 0.000 0.000 0.000 0.000 0.961 0.994 0.000 1.000 0.929 0.000 0.000 0.000 0.000 0.974 1.000 1.000 0.984 0.999 0.991 0.993 0.000 0.000
0.000 0.173 0.000 0.000 0.897 0.995 0.999 0.986 0.998 0.000 0.000 0.000 0.000 0.000 0.000 0.000 0.000 0.985 1.000 0.000 0.999 0.968 0.011 0.013 0.994 0.999 0.998 0.986 0.000 0.000 0.000 0.186 0.000 0.000
0.000 0.000 0.208 0.796 0.970 1.000 0.982 0.000 0.001 0.000 0.000 0.000 0.000 0.000 0.000 0.000 0.000 0.001 0.929 0.999 0.000 0.981 0.989 0.999 0.971 0.997 0.912 0.108 0.000 0.000 0.000 0.070 0.001 0.000
0.000 0.002 0.002 0.033 0.997 0.965 0.926 0.000 0.740 0.000 0.000 0.000 0.000 0.000 0.000 0.000 0.000 0.000 0.000 0.968 0.981 0.000 0.998 0.968 0.976 0.313 0.000 0.000 0.000 0.000 0.000 0.000 0.000 0.000
0.000 0.000 0.000 0.602 0.979 0.163 0.000 0.000 0.000 0.000 0.000 0.000 0.005 0.002 0.000 0.000 0.000 0.000 0.000 0.011 0.989 0.998 0.000 0.993 0.966 0.154 0.000 0.000 0.000 0.000 0.000 0.000 0.000 0.000
0.000 0.000 0.000 0.014 0.188 0.590 0.000 0.000 0.000 0.000 0.000 0.000 0.000 0.000 0.000 0.000 0.000 0.000 0.000 0.013 0.999 0.968 0.993 0.000 0.994 0.968 0.004 0.005 0.000 0.000 0.000 0.000 0.000 0.000
0.000 0.000 0.000 0.000 0.000 0.000 0.000 0.000 0.009 0.000 0.000 0.000 0.000 0.000 0.000 0.000 0.000 0.002 0.000 0.994 0.971 0.976 0.966 0.994 0.000 0.976 0.931 0.000 0.000 0.000 0.000 0.000 0.000 0.000
0.000 0.000 0.000 0.000 0.000 0.988 0.000 0.000 0.000 0.000 0.000 0.000 0.000 0.000 0.000 0.000 0.000 0.041 0.974 0.999 0.997 0.313 0.154 0.968 0.976 0.000 0.986 0.979 0.000 0.000 0.000 0.000 0.000 0.000
0.000 0.000 0.000 0.000 0.000 0.937 0.000 0.000 0.147 0.000 0.001 0.000 0.000 0.009 0.000 0.000 0.000 0.995 1.000 0.998 0.912 0.000 0.000 0.004 0.931 0.986 0.000 1.000 0.959 0.000 0.000 0.000 0.000 0.000
0.000 0.000 0.000 0.000 0.000 0.995 0.000 0.000 0.000 0.000 0.000 0.000 0.000 0.000 0.000 0.000 0.058 0.988 1.000 0.986 0.108 0.000 0.000 0.005 0.000 0.979 1.000 0.000 0.989 0.996 0.982 0.996 0.723 0.000
0.000 0.000 0.000 0.000 0.000 0.000 0.000 0.001 0.000 0.055 0.790 0.019 0.137 0.631 0.226 0.690 0.997 0.999 0.984 0.000 0.000 0.000 0.000 0.000 0.000 0.000 0.959 0.989 0.000 0.990 0.898 0.011 0.000 0.000
0.000 0.000 0.000 0.000 0.000 0.029 0.000 0.000 0.000 0.000 0.000 0.000 0.000 0.000 0.000 0.000 0.039 0.443 0.999 0.000 0.000 0.000 0.000 0.000 0.000 0.000 0.000 0.996 0.990 0.000 0.999 0.957 0.053 0.000
0.748 0.967 0.593 0.001 0.000 0.001 0.000 0.358 0.000 0.000 0.000 0.000 0.000 0.000 0.000 0.000 0.068 0.000 0.991 0.000 0.000 0.000 0.000 0.000 0.000 0.000 0.000 0.982 0.898 0.999 0.000 1.000 0.983 0.404
0.092 0.987 0.972 0.000 0.000 1.000 0.290 0.002 0.000 0.000 0.000 0.000 0.000 0.000 0.000 0.000 0.000 0.000 0.993 0.186 0.070 0.000 0.000 0.000 0.000 0.000 0.000 0.996 0.011 0.957 1.000 0.000 0.995 0.928
0.137 0.312 0.971 0.021 0.000 0.208 0.000 0.000 0.000 0.000 0.000 0.001 0.000 0.000 0.000 0.000 0.000 0.000 0.000 0.000 0.001 0.000 0.000 0.000 0.000 0.000 0.000 0.723 0.000 0.053 0.983 0.995 0.000 0.992
0.408 0.345 0.948 0.463 0.001 0.039 0.000 0.000 0.000 0.000 0.000 0.006 0.014 0.002 0.000 0.000 0.000 0.000 0.000 0.000 0.000 0.000 0.000 0.000 0.000 0.000 0.000 0.000 0.000 0.000 0.404 0.928 0.992 0.000
