0.000 0.999 0.947 0.196 0.009 0.008 0.000 0.010 0.000 0.000 0.000 0.002 0.024 0.025 0.002 0.002 0.000 0.000 0.003 0.000 0.000 0.000 0.000 0.000 0.000 0.000 0.000 0.000 0.000 0.000 0.534 0.077 0.087 0.170
0.999 0.000 0.997 0.918 0.007 0.991 0.973 0.993 0.000 0.000 0.000 0.000 0.000 0.000 0.000 0.000 0.000 0.000 0.971 0.201 0.000 0.001 0.000 0.000 0.000 0.000 0.000 0.000 0.000 0.000 0.904 0.960 0.177 0.141
0.947 0.997 0.000 0.990 0.898 0.999 0.000 0.000 0.000 0.000 0.000 0.000 0.000 0.000 0.000 0.000 0.000 0.000 0.011 0.000 0.097 0.000 0.000 0.000 0.000 0.000 0.000 0.000 0.000 0.000 0.437 0.967 0.944 0.958
0.196 0.918 0.990 0.000 0.990 0.967 0.000 0.000 0.000 0.000 0.000 0.000 0.005 0.003 0.000 0.000 0.000 0.000 0.000 0.000 0.664 0.014 0.009 0.001 0.000 0.000 0.000 0.000 0.000 0.000 0.000 0.000 0.021 0.548
0.009 0.007 0.898 0.990 0.000 0.972 0.940 0.000 0.000 0.000 0.000 0.000 0.000 0.000 0.000 0.000 0.000 0.000 0.000 0.877 0.929 0.989 0.811 0.018 0.000 0.000 0.000 0.000 0.000 0.000 0.000 0.000 0.000 0.002
0.008 0.991 0.999 0.967 0.972 0.000 1.000 0.943 0.000 0.000 0.000 0.000 0.000 0.000 0.000 0.000 0.000 0.005 0.997 0.999 0.990 0.907 0.028 0.352 0.000 0.863 0.912 0.946 0.000 0.083 0.007 0.989 0.288 0.497
0.000 0.973 0.000 0.000 0.940 1.000 0.000 0.995 0.992 0.000 0.000 0.000 0.000 0.000 0.000 0.000 0.000 0.851 0.971 0.998 0.940 0.926 0.000 0.000 0.000 0.000 0.000 0.000 0.000 0.000 0.000 0.326 0.000 0.000
0.010 0.993 0.000 0.000 0.000 0.943 0.995 0.000 0.981 0.887 0.000 0.000 0.000 0.000 0.000 0.000 0.950 0.930 0.994 0.949 0.000 0.000 0.000 0.000 0.000 0.000 0.000 0.000 0.000 0.000 0.383 0.003 0.000 0.000
0.000 0.000 0.000 0.000 0.000 0.000 0.992 0.981 0.000 0.998 0.907 0.072 0.000 0.000 0.000 0.921 0.960 0.997 0.979 0.990 0.000 0.875 0.000 0.000 0.023 0.000 0.215 0.000 0.002 0.000 0.000 0.000 0.000 0.000
0.000 0.000 0.000 0.000 0.000 0.000 0.000 0.887 0.998 0.000 0.994 0.949 0.104 0.108 0.965 0.979 0.979 0.982 0.000 0.000 0.000 0.000 0.000 0.000 0.000 0.000 0.000 0.000 0.138 0.000 0.000 0.000 0.000 0.000
0.000 0.000 0.000 0.000 0.000 0.000 0.000 0.000 0.907 0.994 0.000 0.971 0.941 0.980 0.987 0.988 0.928 0.990 0.000 0.000 0.000 0.000 0.000 0.000 0.000 0.000 0.000 0.000 0.923 0.000 0.000 0.000 0.000 0.000
0.002 0.000 0.000 0.000 0.000 0.000 0.000 0.000 0.072 0.949 0.971 0.000 0.990 0.927 0.903 0.366 0.000 0.453 0.000 0.000 0.000 0.000 0.000 0.000 0.000 0.000 0.000 0.000 0.006 0.001 0.000 0.000 0.001 0.005
0.024 0.000 0.000 0.005 0.000 0.000 0.000 0.000 0.000 0.104 0.941 0.990 0.000 0.982 0.917 0.124 0.000 0.001 0.000 0.000 0.000 0.000 0.000 0.000 0.000 0.000 0.000 0.000 0.086 0.000 0.000 0.000 0.000 0.001
0.025 0.000 0.000 0.003 0.000 0.000 0.000 0.000 0.000 0.108 0.980 0.927 0.982 0.000 0.990 0.976 0.000 0.018 0.000 0.000 0.000 0.000 0.000 0.000 0.000 0.000 0.000 0.000 0.812 0.000 0.000 0.000 0.000 0.000
0.002 0.000 0.000 0.000 0.000 0.000 0.000 0.000 0.000 0.965 0.987 0.903 0.917 0.990 0.000 0.986 0.918 0.000 0.000 0.000 0.000 0.000 0.000 0.000 0.000 0.000 0.000 0.000 0.004 0.000 0.000 0.000 0.000 0.000
0.002 0.000 0.000 0.000 0.000 0.000 0.000 0.000 0.921 0.979 0.988 0.366 0.124 0.976 0.986 0.000 0.993 0.996 0.000 0.000 0.000 0.000 0.000 0.000 0.000 0.000 0.000 0.000 0.988 0.058 0.000 0.000 0.000 0.000
0.000 0.000 0.000 0.000 0.000 0.000 0.000 0.950 0.960 0.979 0.928 0.000 0.000 0.000 0.918 0.993 0.000 1.000 0.995 0.000 0.000 0.000 0.000 0.000 0.000 0.000 0.000 0.180 0.995 0.028 0.066 0.000 0.000 0.000
0.000 0.000 0.000 0.000 0.000 0.005 0.851 0.930 0.997 0.982 0.990 0.453 0.001 0.018 0.000 0.996 1.000 0.000 0.998 0.981 0.001 0.000 0.000 0.000 0.000 0.035 0.999 0.999 1.000 0.556 0.000 0.000 0.000 0.000
0.003 0.971 0.011 0.000 0.000 0.997 0.971 0.994 0.979 0.000 0.000 0.000 0.000 0.000 0.000 0.000 0.995 0.998 0.000 0.976 0.841 0.000 0.000 0.000 0.000 0.858 0.981 1.000 0.998 1.000 1.000 1.000 0.000 0.000
0.000 0.201 0.000 0.000 0.877 0.999 0.998 0.949 0.990 0.000 0.000 0.000 0.000 0.000 0.000 0.000 0.000 0.981 0.976 0.000 1.000 0.985 0.050 0.003 0.960 0.994 0.967 0.864 0.000 0.000 0.000 0.205 0.000 0.000
0.000 0.000 0.097 0.664 0.929 0.990 0.940 0.000 0.000 0.000 0.000 0.000 0.000 0.000 0.000 0.000 0.000 0.001 0.841 1.000 0.000 0.973 0.959 0.952 0.946 0.995 0.906 0.117 0.000 0.000 0.000 0.073 0.000 0.222
0.000 0.001 0.000 0.014 0.989 0.907 0.926 0.000 0.875 0.000 0.000 0.000 0.000 0.000 0.000 0.000 0.000 0.000 0.000 0.985 0.973 0.000 0.982 0.891 0.964 0.323 0.000 0.000 0.000 0.000 0.000 0.000 0.000 0.000
0.000 0.000 0.000 0.009 0.811 0.028 0.000 0.000 0.000 0.000 0.000 0.000 0.000 0.000 0.000 0.000 0.000 0.000 0.000 0.050 0.959 0.982 0.000 0.974 0.964 0.087 0.000 0.000 0.000 0.000 0.000 0.000 0.000 0.000
0.000 0.000 0.000 0.001 0.018 0.352 0.000 0.000 0.000 0.000 0.000 0.000 0.000 0.000 0.000 0.000 0.000 0.000 0.000 0.003 0.952 0.891 0.974 0.000 0.974 0.970 0.009 0.000 0.000 0.000 0.000 0.000 0.000 0.003
0.000 0.000 0.000 0.000 0.000 0.000 0.000 0.000 0.023 0.000 0.000 0.000 0.000 0.000 0.000 0.000 0.000 0.000 0.000 0.960 0.946 0.964 0.964 0.974 0.000 0.972 0.830 0.000 0.000 0.000 0.000 0.000 0.000 0.000
0.000 0.000 0.000 0.000 0.000 0.863 0.000 0.000 0.000 0.000 0.000 0.000 0.000 0.000 0.000 0.000 0.000 0.035 0.858 0.994 0.995 0.323 0.087 0.970 0.972 0.000 0.988 0.801 0.000 0.000 0.000 0.000 0.000 0.000
0.000 0.000 0.000 0.000 0.000 0.912 0.000 0.000 0.215 0.000 0.000 0.000 0.000 0.000 0.000 0.000 0.000 0.999 0.981 0.967 0.906 0.000 0.000 0.009 0.830 0.988 0.000 0.982 0.953 0.000 0.000 0.000 0.000 0.000
0.000 0.000 0.000 0.000 0.000 0.946 0.000 0.000 0.000 0.000 0.000 0.000 0.000 0.000 0.000 0.000 0.180 0.999 1.000 0.864 0.117 0.000 0.000 0.000 0.000 0.801 0.982 0.000 1.000 1.000 0.988 0.984 0.744 0.029
0.000 0.000 0.000 0.000 0.000 0.000 0.000 0.000 0.002 0.138 0.923 0.006 0.086 0.812 0.004 0.988 0.995 1.000 0.998 0.000 0.000 0.000 0.000 0.000 0.000 0.000 0.953 1.000 0.000 0.995 0.942 0.005 0.000 0.000
0.000 0.000 0.000 0.000 0.000 0.083 0.000 0.000 0.000 0.000 0.000 0.001 0.000 0.000 0.000 0.058 0.028 0.556 1.000 0.000 0.000 0.000 0.000 0.000 0.000 0.000 0.000 1.000 0.995 0.000 0.991 0.976 0.045 0.000
0.534 0.904 0.437 0.000 0.000 0.007 0.000 0.383 0.000 0.000 0.000 0.000 0.000 0.000 0.000 0.000 0.066 0.000 1.000 0.000 0.000 0.000 0.000 0.000 0.000 0.000 0.000 0.988 0.942 0.991 0.000 0.999 0.957 0.146
0.077 0.960 0.967 0.000 0.000 0.989 0.326 0.003 0.000 0.000 0.000 0.000 0.000 0.000 0.000 0.000 0.000 0.000 1.000 0.205 0.073 0.000 0.000 0.000 0.000 0.000 0.000 0.984 0.005 0.976 0.999 0.000 0.978 0.936
0.087 0.177 0.944 0.021 0.000 0.288 0.000 0.000 0.000 0.000 0.000 0.001 0.000 0.000 0.000 0.000 0.000 0.000 0.000 0.000 0.000 0.000 0.000 0.000 0.000 0.000 0.000 0.744 0.000 0.045 0.957 0.978 0.000 0.992
0.170 0.141 0.958 0.548 0.002 0.497 0.000 0.000 0.000 0.000 0.000 0.005 0.001 0.000 0.000 0.000 0.000 0.000 0.000 0.000 0.222 0.000 0.000 0.003 0.000 0.000 0.000 0.029 0.000 0.000 0.146 0.936 0.992 0.000
