0.000 0.993 0.873 0.142 0.006 0.003 0.000 0.004 0.000 0.000 0.000 0.030 0.011 0.009 0.009 0.000 0.000 0.000 0.000 0.000 0.000 0.000 0.000 0.000 0.000 0.000 0.000 0.000 0.000 0.000 0.509 0.056 0.055 0.004
0.993 0.000 0.994 0.832 0.005 0.986 0.962 0.954 0.000 0.000 0.000 0.006 0.001 0.000 0.000 0.000 0.000 0.000 0.975 0.178 0.000 0.000 0.000 0.000 0.000 0.000 0.000 0.000 0.000 0.000 0.952 0.968 0.173 0.006
0.873 0.994 0.000 0.964 0.937 0.992 0.000 0.000 0.000 0.000 0.000 0.045 0.016 0.000 0.000 0.000 0.000 0.000 0.004 0.000 0.175 0.003 0.000 0.000 0.000 0.000 0.000 0.000 0.000 0.000 0.502 0.977 0.948 0.966
0.142 0.832 0.964 0.000 0.962 0.924 0.000 0.000 0.000 0.000 0.000 0.052 0.037 0.023 0.005 0.000 0.000 0.000 0.000 0.000 0.802 0.084 0.390 0.006 0.000 0.000 0.000 0.000 0.000 0.000 0.000 0.000 0.024 0.573
0.006 0.005 0.937 0.962 0.000 0.986 0.902 0.000 0.000 0.000 0.000 0.000 0.001 0.000 0.000 0.000 0.000 0.000 0.000 0.848 0.970 0.990 0.923 0.183 0.000 0.000 0.000 0.000 0.000 0.000 0.000 0.000 0.000 0.002
0.003 0.986 0.992 0.924 0.986 0.000 0.979 0.890 0.000 0.000 0.000 0.048 0.000 0.000 0.000 0.000 0.000 0.013 0.989 0.978 1.000 0.940 0.120 0.522 0.000 0.953 0.936 0.986 0.000 0.005 0.000 0.995 0.225 0.682
0.000 0.962 0.000 0.000 0.902 0.979 0.000 0.988 0.996 0.000 0.000 0.000 0.000 0.000 0.000 0.000 0.000 0.891 0.979 1.000 0.968 0.852 0.000 0.000 0.000 0.000 0.000 0.000 0.000 0.000 0.000 0.399 0.000 0.000
0.004 0.954 0.000 0.000 0.000 0.890 0.988 0.000 1.000 0.956 0.000 0.000 0.000 0.000 0.000 0.000 0.980 0.974 0.997 0.957 0.000 0.000 0.000 0.000 0.000 0.000 0.000 0.000 0.000 0.000 0.272 0.001 0.000 0.000
0.000 0.000 0.000 0.000 0.000 0.000 0.996 1.000 0.000 0.998 0.966 0.038 0.000 0.067 0.001 0.929 0.988 0.999 0.978 0.987 0.000 0.715 0.000 0.000 0.010 0.000 0.085 0.000 0.000 0.000 0.000 0.000 0.000 0.000
0.000 0.000 0.000 0.000 0.000 0.000 0.000 0.956 0.998 0.000 0.997 0.988 0.016 0.133 0.962 0.978 1.000 0.985 0.000 0.000 0.000 0.000 0.000 0.000 0.000 0.000 0.000 0.000 0.067 0.000 0.000 0.000 0.000 0.000
0.000 0.000 0.000 0.000 0.000 0.000 0.000 0.000 0.966 0.997 0.000 1.000 0.993 0.975 0.974 0.997 0.973 1.000 0.000 0.000 0.000 0.000 0.000 0.000 0.000 0.000 0.000 0.000 0.848 0.000 0.000 0.000 0.000 0.000
0.030 0.006 0.045 0.052 0.000 0.048 0.000 0.000 0.038 0.988 1.000 0.000 0.980 0.940 0.966 0.221 0.000 0.562 0.000 0.000 0.002 0.000 0.023 0.012 0.000 0.000 0.000 0.005 0.004 0.000 0.001 0.013 0.238 0.302
0.011 0.001 0.016 0.037 0.001 0.000 0.000 0.000 0.000 0.016 0.993 0.980 0.000 0.995 0.931 0.054 0.000 0.005 0.000 0.000 0.000 0.006 0.080 0.008 0.000 0.000 0.000 0.000 0.114 0.000 0.001 0.000 0.064 0.078
0.009 0.000 0.000 0.023 0.000 0.000 0.000 0.000 0.067 0.133 0.975 0.940 0.995 0.000 0.978 1.000 0.092 0.115 0.000 0.000 0.000 0.004 0.070 0.002 0.000 0.000 0.000 0.000 0.700 0.000 0.000 0.000 0.002 0.010
0.009 0.000 0.000 0.005 0.000 0.000 0.000 0.000 0.001 0.962 0.974 0.966 0.931 0.978 0.000 0.997 0.971 0.002 0.000 0.000 0.000 0.000 0.009 0.000 0.000 0.000 0.000 0.000 0.065 0.000 0.000 0.000 0.000 0.001
0.000 0.000 0.000 0.000 0.000 0.000 0.000 0.000 0.929 0.978 0.997 0.221 0.054 1.000 0.997 0.000 1.000 0.988 0.010 0.000 0.000 0.006 0.008 0.000 0.000 0.000 0.000 0.000 0.988 0.130 0.008 0.000 0.000 0.000
0.000 0.000 0.000 0.000 0.000 0.000 0.000 0.980 0.988 1.000 0.973 0.000 0.000 0.092 0.971 1.000 0.000 0.994 0.966 0.000 0.000 0.000 0.000 0.000 0.000 0.000 0.000 0.092 0.958 0.031 0.040 0.000 0.000 0.000
0.000 0.000 0.000 0.000 0.000 0.013 0.891 0.974 0.999 0.985 1.000 0.562 0.005 0.115 0.002 0.988 0.994 0.000 0.992 0.992 0.000 0.000 0.000 0.000 0.000 0.028 0.954 0.975 0.981 0.486 0.000 0.000 0.000 0.000
0.000 0.975 0.004 0.000 0.000 0.989 0.979 0.997 0.978 0.000 0.000 0.000 0.000 0.000 0.000 0.010 0.966 0.992 0.000 0.999 0.931 0.000 0.000 0.000 0.000 0.888 0.898 0.988 0.956 0.961 0.956 0.952 0.000 0.000
0.000 0.178 0.000 0.000 0.848 0.978 1.000 0.957 0.987 0.000 0.000 0.000 0.000 0.000 0.000 0.000 0.000 0.992 0.999 0.000 0.995 0.968 0.013 0.000 0.979 0.976 0.972 0.932 0.000 0.000 0.000 0.265 0.000 0.000
0.000 0.000 0.175 0.802 0.970 1.000 0.968 0.000 0.000 0.000 0.000 0.002 0.000 0.000 0.000 0.000 0.000 0.000 0.931 0.995 0.000 0.993 0.951 0.974 0.949 0.967 0.922 0.044 0.000 0.000 0.000 0.069 0.000 0.306
0.000 0.000 0.003 0.084 0.990 0.940 0.852 0.000 0.715 0.000 0.000 0.000 0.006 0.004 0.000 0.006 0.000 0.000 0.000 0.968 0.993 0.000 0.994 0.925 0.922 0.323 0.000 0.000 0.000 0.000 0.000 0.000 0.000 0.000
0.000 0.000 0.000 0.390 0.923 0.120 0.000 0.000 0.000 0.000 0.000 0.023 0.080 0.070 0.009 0.008 0.000 0.000 0.000 0.013 0.951 0.994 0.000 0.989 0.919 0.129 0.000 0.000 0.000 0.000 0.000 0.000 0.000 0.001
0.000 0.000 0.000 0.006 0.183 0.522 0.000 0.000 0.000 0.000 0.000 0.012 0.008 0.002 0.000 0.000 0.000 0.000 0.000 0.000 0.974 0.925 0.989 0.000 0.990 0.956 0.002 0.000 0.000 0.000 0.000 0.000 0.000 0.011
0.000 0.000 0.000 0.000 0.000 0.000 0.000 0.000 0.010 0.000 0.000 0.000 0.000 0.000 0.000 0.000 0.000 0.000 0.000 0.979 0.949 0.922 0.919 0.990 0.000 0.988 0.921 0.000 0.000 0.000 0.000 0.000 0.000 0.000
0.000 0.000 0.000 0.000 0.000 0.953 0.000 0.000 0.000 0.000 0.000 0.000 0.000 0.000 0.000 0.000 0.000 0.028 0.888 0.976 0.967 0.323 0.129 0.956 0.988 0.000 0.994 0.948 0.000 0.000 0.000 0.000 0.000 0.000
0.000 0.000 0.000 0.000 0.000 0.936 0.000 0.000 0.085 0.000 0.000 0.000 0.000 0.000 0.000 0.000 0.000 0.954 0.898 0.972 0.922 0.000 0.000 0.002 0.921 0.994 0.000 0.990 0.883 0.000 0.000 0.000 0.000 0.000
0.000 0.000 0.000 0.000 0.000 0.986 0.000 0.000 0.000 0.000 0.000 0.005 0.000 0.000 0.000 0.000 0.092 0.975 0.988 0.932 0.044 0.000 0.000 0.000 0.000 0.948 0.990 0.000 0.990 0.980 0.948 0.980 0.800 0.120
0.000 0.000 0.000 0.000 0.000 0.000 0.000 0.000 0.000 0.067 0.848 0.004 0.114 0.700 0.065 0.988 0.958 0.981 0.956 0.000 0.000 0.000 0.000 0.000 0.000 0.000 0.883 0.990 0.000 0.968 0.867 0.007 0.000 0.000
0.000 0.000 0.000 0.000 0.000 0.005 0.000 0.000 0.000 0.000 0.000 0.000 0.000 0.000 0.000 0.130 0.031 0.486 0.961 0.000 0.000 0.000 0.000 0.000 0.000 0.000 0.000 0.980 0.968 0.000 0.997 0.958 0.031 0.000
0.509 0.952 0.502 0.000 0.000 0.000 0.000 0.272 0.000 0.000 0.000 0.001 0.001 0.000 0.000 0.008 0.040 0.000 0.956 0.000 0.000 0.000 0.000 0.000 0.000 0.000 0.000 0.948 0.867 0.997 0.000 0.990 0.962 0.012
0.056 0.968 0.977 0.000 0.000 0.995 0.399 0.001 0.000 0.000 0.000 0.013 0.000 0.000 0.000 0.000 0.000 0.000 0.952 0.265 0.069 0.000 0.000 0.000 0.000 0.000 0.000 0.980 0.007 0.958 0.990 0.000 0.982 0.919
0.055 0.173 0.948 0.024 0.000 0.225 0.000 0.000 0.000 0.000 0.000 0.238 0.064 0.002 0.000 0.000 0.000 0.000 0.000 0.000 0.000 0.000 0.000 0.000 0.000 0.000 0.000 0.800 0.000 0.031 0.962 0.982 0.000 0.981
0.004 0.006 0.966 0.573 0.002 0.682 0.000 0.000 0.000 0.000 0.000 0.302 0.078 0.010 0.001 0.000 0.000 0.000 0.000 0.000 0.306 0.000 0.001 0.011 0.000 0.000 0.000 0.120 0.000 0.000 0.012 0.919 0.981 0.000
