0.000 0.999 0.934 0.179 0.004 0.001 0.000 0.009 0.000 0.000 0.000 0.016 0.000 0.000 0.000 0.000 0.000 0.000 0.002 0.000 0.000 0.000 0.000 0.000 0.000 0.000 0.000 0.000 0.000 0.000 0.791 0.218 0.235 0.440
0.999 0.000 0.987 0.832 0.004 0.986 0.976 0.981 0.000 0.000 0.000 0.000 0.000 0.000 0.000 0.000 0.000 0.000 0.987 0.169 0.000 0.001 0.000 0.000 0.000 0.000 0.000 0.000 0.000 0.000 0.987 0.954 0.329 0.366
0.934 0.987 0.000 0.965 0.896 0.995 0.000 0.000 0.000 0.000 0.000 0.003 0.000 0.000 0.000 0.000 0.000 0.000 0.008 0.000 0.202 0.000 0.000 0.000 0.000 0.000 0.000 0.000 0.000 0.000 0.537 0.985 0.950 0.952
0.179 0.832 0.965 0.000 0.984 0.973 0.000 0.000 0.000 0.000 0.000 0.001 0.001 0.001 0.000 0.000 0.000 0.000 0.000 0.000 0.787 0.036 0.618 0.012 0.000 0.000 0.000 0.000 0.000 0.000 0.000 0.000 0.012 0.449
0.004 0.004 0.896 0.984 0.000 0.970 0.865 0.000 0.000 0.000 0.000 0.000 0.000 0.000 0.000 0.000 0.000 0.000 0.000 0.864 0.983 0.995 0.964 0.129 0.000 0.000 0.000 0.000 0.000 0.000 0.000 0.000 0.000 0.000
0.001 0.986 0.995 0.973 0.970 0.000 0.996 0.901 0.000 0.000 0.000 0.000 0.000 0.000 0.000 0.000 0.000 0.015 0.988 0.999 0.997 0.939 0.111 0.480 0.000 0.951 0.982 0.996 0.000 0.034 0.011 0.998 0.173 0.090
0.000 0.976 0.000 0.000 0.865 0.996 0.000 0.995 1.000 0.000 0.000 0.000 0.000 0.000 0.000 0.000 0.000 0.993 1.000 0.992 0.894 0.911 0.000 0.000 0.000 0.000 0.000 0.000 0.000 0.000 0.000 0.247 0.000 0.000
0.009 0.981 0.000 0.000 0.000 0.901 0.995 0.000 1.000 0.992 0.000 0.000 0.000 0.000 0.000 0.000 1.000 0.991 1.000 0.938 0.000 0.000 0.000 0.000 0.000 0.000 0.000 0.000 0.000 0.000 0.553 0.001 0.000 0.000
0.000 0.000 0.000 0.000 0.000 0.000 1.000 1.000 0.000 0.993 0.981 0.043 0.000 0.000 0.000 0.975 1.000 1.000 0.998 0.998 0.000 0.850 0.000 0.000 0.011 0.000 0.142 0.000 0.001 0.000 0.000 0.000 0.000 0.000
0.000 0.000 0.000 0.000 0.000 0.000 0.000 0.992 0.993 0.000 0.997 0.991 0.015 0.047 0.985 0.996 1.000 0.971 0.000 0.000 0.000 0.000 0.000 0.000 0.000 0.000 0.000 0.000 0.135 0.000 0.000 0.000 0.000 0.000
0.000 0.000 0.000 0.000 0.000 0.000 0.000 0.000 0.981 0.997 0.000 0.990 0.966 0.998 0.986 1.000 0.998 0.998 0.000 0.000 0.000 0.000 0.000 0.000 0.000 0.000 0.000 0.000 0.928 0.000 0.000 0.000 0.000 0.000
0.016 0.000 0.003 0.001 0.000 0.000 0.000 0.000 0.043 0.991 0.990 0.000 0.991 0.984 0.978 0.155 0.000 0.665 0.000 0.000 0.000 0.000 0.000 0.000 0.000 0.000 0.000 0.000 0.014 0.000 0.000 0.000 0.062 0.093
0.000 0.000 0.000 0.001 0.000 0.000 0.000 0.000 0.000 0.015 0.966 0.991 0.000 0.992 0.937 0.074 0.000 0.000 0.000 0.000 0.000 0.000 0.000 0.000 0.000 0.000 0.000 0.000 0.057 0.000 0.000 0.000 0.000 0.005
0.000 0.000 0.000 0.001 0.000 0.000 0.000 0.000 0.000 0.047 0.998 0.984 0.992 0.000 0.991 0.999 0.001 0.009 0.000 0.000 0.000 0.000 0.000 0.000 0.000 0.000 0.000 0.000 0.688 0.000 0.000 0.000 0.000 0.000
0.000 0.000 0.000 0.000 0.000 0.000 0.000 0.000 0.000 0.985 0.986 0.978 0.937 0.991 0.000 0.992 0.987 0.000 0.000 0.000 0.000 0.000 0.000 0.000 0.000 0.000 0.000 0.000 0.002 0.000 0.000 0.000 0.000 0.000
0.000 0.000 0.000 0.000 0.000 0.000 0.000 0.000 0.975 0.996 1.000 0.155 0.074 0.999 0.992 0.000 1.000 0.990 0.000 0.000 0.000 0.000 0.000 0.000 0.000 0.000 0.000 0.000 0.975 0.118 0.000 0.000 0.000 0.000
0.000 0.000 0.000 0.000 0.000 0.000 0.000 1.000 1.000 1.000 0.998 0.000 0.000 0.001 0.987 1.000 0.000 0.999 0.998 0.000 0.000 0.000 0.000 0.000 0.000 0.000 0.000 0.112 0.936 0.046 0.084 0.000 0.000 0.000
0.000 0.000 0.000 0.000 0.000 0.015 0.993 0.991 1.000 0.971 0.998 0.665 0.000 0.009 0.000 0.990 0.999 0.000 1.000 1.000 0.001 0.000 0.000 0.000 0.000 0.029 0.972 0.976 0.985 0.560 0.000 0.000 0.000 0.000
0.002 0.987 0.008 0.000 0.000 0.988 1.000 1.000 0.998 0.000 0.000 0.000 0.000 0.000 0.000 0.000 0.998 1.000 0.000 1.000 0.882 0.000 0.000 0.000 0.000 0.905 0.983 0.990 0.979 0.947 0.974 0.964 0.000 0.000
0.000 0.169 0.000 0.000 0.864 0.999 0.992 0.938 0.998 0.000 0.000 0.000 0.000 0.000 0.000 0.000 0.000 1.000 1.000 0.000 0.998 0.990 0.009 0.001 0.983 0.979 0.986 0.964 0.000 0.000 0.000 0.151 0.000 0.000
0.000 0.000 0.202 0.787 0.983 0.997 0.894 0.000 0.000 0.000 0.000 0.000 0.000 0.000 0.000 0.000 0.000 0.001 0.882 0.998 0.000 0.991 0.951 0.993 0.996 0.998 0.926 0.099 0.000 0.000 0.000 0.069 0.000 0.034
0.000 0.001 0.000 0.036 0.995 0.939 0.911 0.000 0.850 0.000 0.000 0.000 0.000 0.000 0.000 0.000 0.000 0.000 0.000 0.990 0.991 0.000 0.998 0.964 0.994 0.244 0.000 0.000 0.000 0.000 0.000 0.000 0.000 0.000
0.000 0.000 0.000 0.618 0.964 0.111 0.000 0.000 0.000 0.000 0.000 0.000 0.000 0.000 0.000 0.000 0.000 0.000 0.000 0.009 0.951 0.998 0.000 0.992 0.988 0.150 0.000 0.000 0.000 0.000 0.000 0.000 0.000 0.000
0.000 0.000 0.000 0.012 0.129 0.480 0.000 0.000 0.000 0.000 0.000 0.000 0.000 0.000 0.000 0.000 0.000 0.000 0.000 0.001 0.993 0.964 0.992 0.000 0.994 0.966 0.004 0.001 0.000 0.000 0.000 0.000 0.000 0.001
0.000 0.000 0.000 0.000 0.000 0.000 0.000 0.000 0.011 0.000 0.000 0.000 0.000 0.000 0.000 0.000 0.000 0.000 0.000 0.983 0.996 0.994 0.988 0.994 0.000 0.990 0.860 0.000 0.000 0.000 0.000 0.000 0.000 0.000
0.000 0.000 0.000 0.000 0.000 0.951 0.000 0.000 0.000 0.000 0.000 0.000 0.000 0.000 0.000 0.000 0.000 0.029 0.905 0.979 0.998 0.244 0.150 0.966 0.990 0.000 0.978 0.930 0.000 0.000 0.000 0.000 0.000 0.000
0.000 0.000 0.000 0.000 0.000 0.982 0.000 0.000 0.142 0.000 0.000 0.000 0.000 0.000 0.000 0.000 0.000 0.972 0.983 0.986 0.926 0.000 0.000 0.004 0.860 0.978 0.000 0.998 0.963 0.000 0.000 0.000 0.000 0.000
0.000 0.000 0.000 0.000 0.000 0.996 0.000 0.000 0.000 0.000 0.000 0.000 0.000 0.000 0.000 0.000 0.112 0.976 0.990 0.964 0.099 0.000 0.000 0.001 0.000 0.930 0.998 0.000 1.000 0.999 0.961 0.996 0.707 0.005
0.000 0.000 0.000 0.000 0.000 0.000 0.000 0.000 0.001 0.135 0.928 0.014 0.057 0.688 0.002 0.975 0.936 0.985 0.979 0.000 0.000 0.000 0.000 0.000 0.000 0.000 0.963 1.000 0.000 0.992 0.931 0.007 0.000 0.000
0.000 0.000 0.000 0.000 0.000 0.034 0.000 0.000 0.000 0.000 0.000 0.000 0.000 0.000 0.000 0.118 0.046 0.560 0.947 0.000 0.000 0.000 0.000 0.000 0.000 0.000 0.000 0.999 0.992 0.000 0.994 0.994 0.031 0.000
0.791 0.987 0.537 0.000 0.000 0.011 0.000 0.553 0.000 0.000 0.000 0.000 0.000 0.000 0.000 0.000 0.084 0.000 0.974 0.000 0.000 0.000 0.000 0.000 0.000 0.000 0.000 0.961 0.931 0.994 0.000 0.999 0.956 0.231
0.218 0.954 0.985 0.000 0.000 0.998 0.247 0.001 0.000 0.000 0.000 0.000 0.000 0.000 0.000 0.000 0.000 0.000 0.964 0.151 0.069 0.000 0.000 0.000 0.000 0.000 0.000 0.996 0.007 0.994 0.999 0.000 0.983 0.929
0.235 0.329 0.950 0.012 0.000 0.173 0.000 0.000 0.000 0.000 0.000 0.062 0.000 0.000 0.000 0.000 0.000 0.000 0.000 0.000 0.000 0.000 0.000 0.000 0.000 0.000 0.000 0.707 0.000 0.031 0.956 0.983 0.000 0.987
0.440 0.366 0.952 0.449 0.000 0.090 0.000 0.000 0.000 0.000 0.000 0.093 0.005 0.000 0.000 0.000 0.000 0.000 0.000 0.000 0.034 0.000 0.000 0.001 0.000 0.000 0.000 0.005 0.000 0.000 0.231 0.929 0.987 0.000
