0.000 0.999 0.997 0.321 0.010 0.003 0.000 0.007 0.000 0.000 0.000 0.017 0.007 0.000 0.000 0.000 0.000 0.000 0.001 0.000 0.000 0.000 0.000 0.000 0.000 0.000 0.000 0.000 0.000 0.000 0.836 0.149 0.193 0.535
0.999 0.000 1.000 0.995 0.006 1.000 0.999 0.999 0.000 0.000 0.000 0.000 0.000 0.000 0.000 0.000 0.000 0.000 1.000 0.257 0.000 0.019 0.000 0.000 0.000 0.000 0.000 0.000 0.000 0.000 0.991 0.999 0.268 0.433
0.997 1.000 0.000 1.000 1.000 1.000 0.001 0.000 0.000 0.000 0.000 0.000 0.000 0.000 0.000 0.000 0.000 0.000 0.003 0.000 0.058 0.002 0.000 0.000 0.000 0.000 0.000 0.000 0.000 0.000 0.568 0.998 0.990 0.951
0.321 0.995 1.000 0.000 0.997 0.993 0.000 0.000 0.000 0.000 0.000 0.002 0.000 0.000 0.000 0.000 0.000 0.000 0.000 0.000 0.758 0.024 0.438 0.002 0.000 0.000 0.000 0.000 0.000 0.000 0.000 0.004 0.422 0.819
0.010 0.006 1.000 0.997 0.000 1.000 1.000 0.000 0.000 0.000 0.000 0.000 0.000 0.000 0.000 0.000 0.000 0.000 0.000 1.000 1.000 1.000 1.000 0.069 0.000 0.000 0.000 0.000 0.000 0.000 0.000 0.000 0.000 0.001
0.003 1.000 1.000 0.993 1.000 0.000 1.000 1.000 0.000 0.000 0.000 0.000 0.000 0.000 0.000 0.000 0.000 0.020 1.000 1.000 1.000 0.999 0.132 0.566 0.000 0.997 0.998 1.000 0.000 0.014 0.000 1.000 0.421 0.100
0.000 0.999 0.001 0.000 1.000 1.000 0.000 1.000 1.000 0.000 0.000 0.000 0.000 0.000 0.000 0.000 0.000 1.000 1.000 1.000 1.000 0.989 0.000 0.000 0.000 0.000 0.000 0.000 0.000 0.000 0.000 0.247 0.000 0.000
0.007 0.999 0.000 0.000 0.000 1.000 1.000 0.000 1.000 1.000 0.000 0.000 0.000 0.000 0.000 0.000 1.000 1.000 1.000 1.000 0.000 0.001 0.000 0.000 0.000 0.000 0.000 0.000 0.000 0.000 0.621 0.002 0.000 0.000
0.000 0.000 0.000 0.000 0.000 0.000 1.000 1.000 0.000 1.000 1.000 0.027 0.000 0.002 0.000 0.998 1.000 1.000 1.000 1.000 0.000 0.850 0.000 0.000 0.014 0.000 0.149 0.000 0.001 0.000 0.000 0.000 0.000 0.000
0.000 0.000 0.000 0.000 0.000 0.000 0.000 1.000 1.000 0.000 1.000 0.994 0.021 0.064 0.998 1.000 1.000 1.000 0.000 0.000 0.000 0.000 0.000 0.000 0.000 0.000 0.000 0.000 0.133 0.000 0.000 0.000 0.000 0.000
0.000 0.000 0.000 0.000 0.000 0.000 0.000 0.000 1.000 1.000 0.000 0.997 0.989 0.998 1.000 1.000 0.999 1.000 0.000 0.000 0.000 0.000 0.000 0.000 0.000 0.000 0.000 0.000 0.971 0.000 0.000 0.000 0.000 0.000
0.017 0.000 0.000 0.002 0.000 0.000 0.000 0.000 0.027 0.994 0.997 0.000 0.999 0.993 0.995 0.241 0.000 0.631 0.000 0.000 0.000 0.000 0.000 0.000 0.000 0.000 0.000 0.000 0.009 0.000 0.000 0.000 0.003 0.071
0.007 0.000 0.000 0.000 0.000 0.000 0.000 0.000 0.000 0.021 0.989 0.999 0.000 0.998 0.989 0.081 0.000 0.001 0.000 0.000 0.000 0.000 0.000 0.000 0.000 0.000 0.000 0.000 0.105 0.000 0.000 0.000 0.000 0.000
0.000 0.000 0.000 0.000 0.000 0.000 0.000 0.000 0.002 0.064 0.998 0.993 0.998 0.000 0.999 1.000 0.004 0.021 0.000 0.000 0.000 0.000 0.000 0.000 0.000 0.000 0.000 0.000 0.773 0.000 0.000 0.000 0.000 0.000
0.000 0.000 0.000 0.000 0.000 0.000 0.000 0.000 0.000 0.998 1.000 0.995 0.989 0.999 0.000 1.000 1.000 0.000 0.000 0.000 0.000 0.000 0.000 0.000 0.000 0.000 0.000 0.000 0.008 0.000 0.000 0.000 0.000 0.000
0.000 0.000 0.000 0.000 0.000 0.000 0.000 0.000 0.998 1.000 1.000 0.241 0.081 1.000 1.000 0.000 1.000 1.000 0.002 0.000 0.000 0.000 0.000 0.000 0.000 0.000 0.000 0.000 0.986 0.066 0.000 0.000 0.000 0.000
0.000 0.000 0.000 0.000 0.000 0.000 0.000 1.000 1.000 1.000 0.999 0.000 0.000 0.004 1.000 1.000 0.000 1.000 1.000 0.000 0.000 0.000 0.000 0.000 0.000 0.000 0.000 0.175 1.000 0.042 0.107 0.000 0.000 0.000
0.000 0.000 0.000 0.000 0.000 0.020 1.000 1.000 1.000 1.000 1.000 0.631 0.001 0.021 0.000 1.000 1.000 0.000 1.000 1.000 0.000 0.000 0.000 0.000 0.000 0.028 1.000 1.000 1.000 0.632 0.000 0.000 0.000 0.000
0.001 1.000 0.003 0.000 0.000 1.000 1.000 1.000 1.000 0.000 0.000 0.000 0.000 0.000 0.000 0.002 1.000 1.000 0.000 1.000 1.000 0.000 0.000 0.000 0.000 1.000 1.000 1.000 1.000 1.000 1.000 1.000 0.000 0.000
0.000 0.257 0.000 0.000 1.000 1.000 1.000 1.000 1.000 0.000 0.000 0.000 0.000 0.000 0.000 0.000 0.000 1.000 1.000 0.000 1.000 1.000 0.008 0.000 1.000 1.000 1.000 1.000 0.000 0.000 0.000 0.154 0.000 0.000
0.000 0.000 0.058 0.758 1.000 1.000 1.000 0.000 0.000 0.000 0.000 0.000 0.000 0.000 0.000 0.000 0.000 0.000 1.000 1.000 0.000 1.000 1.000 1.000 1.000 1.000 1.000 0.088 0.000 0.000 0.000 0.116 0.001 0.002
0.000 0.019 0.002 0.024 1.000 0.999 0.989 0.001 0.850 0.000 0.000 0.000 0.000 0.000 0.000 0.000 0.000 0.000 0.000 1.000 1.000 0.000 1.000 1.000 1.000 0.150 0.000 0.000 0.000 0.000 0.000 0.000 0.000 0.000
0.000 0.000 0.000 0.438 1.000 0.132 0.000 0.000 0.000 0.000 0.000 0.000 0.000 0.000 0.000 0.000 0.000 0.000 0.000 0.008 1.000 1.000 0.000 1.000 1.000 0.152 0.000 0.000 0.000 0.000 0.000 0.000 0.000 0.000
0.000 0.000 0.000 0.002 0.069 0.566 0.000 0.000 0.000 0.000 0.000 0.000 0.000 0.000 0.000 0.000 0.000 0.000 0.000 0.000 1.000 1.000 1.000 0.000 1.000 1.000 0.002 0.000 0.000 0.000 0.000 0.000 0.000 0.000
0.000 0.000 0.000 0.000 0.000 0.000 0.000 0.000 0.014 0.000 0.000 0.000 0.000 0.000 0.000 0.000 0.000 0.000 0.000 1.000 1.000 1.000 1.000 1.000 0.000 1.000 1.000 0.000 0.000 0.000 0.000 0.000 0.000 0.000
0.000 0.000 0.000 0.000 0.000 0.997 0.000 0.000 0.000 0.000 0.000 0.000 0.000 0.000 0.000 0.000 0.000 0.028 1.000 1.000 1.000 0.150 0.152 1.000 1.000 0.000 1.000 1.000 0.000 0.000 0.000 0.000 0.000 0.000
0.000 0.000 0.000 0.000 0.000 0.998 0.000 0.000 0.149 0.000 0.000 0.000 0.000 0.000 0.000 0.000 0.000 1.000 1.000 1.000 1.000 0.000 0.000 0.002 1.000 1.000 0.000 1.000 1.000 0.000 0.000 0.000 0.000 0.000
0.000 0.000 0.000 0.000 0.000 1.000 0.000 0.000 0.000 0.000 0.000 0.000 0.000 0.000 0.000 0.000 0.175 1.000 1.000 1.000 0.088 0.000 0.000 0.000 0.000 1.000 1.000 0.000 1.000 1.000 1.000 1.000 0.759 0.000
0.000 0.000 0.000 0.000 0.000 0.000 0.000 0.000 0.001 0.133 0.971 0.009 0.105 0.773 0.008 0.986 1.000 1.000 1.000 0.000 0.000 0.000 0.000 0.000 0.000 0.000 1.000 1.000 0.000 1.000 1.000 0.011 0.000 0.000
0.000 0.000 0.000 0.000 0.000 0.014 0.000 0.000 0.000 0.000 0.000 0.000 0.000 0.000 0.000 0.066 0.042 0.632 1.000 0.000 0.000 0.000 0.000 0.000 0.000 0.000 0.000 1.000 1.000 0.000 1.000 1.000 0.022 0.000
0.836 0.991 0.568 0.000 0.000 0.000 0.000 0.621 0.000 0.000 0.000 0.000 0.000 0.000 0.000 0.000 0.107 0.000 1.000 0.000 0.000 0.000 0.000 0.000 0.000 0.000 0.000 1.000 1.000 1.000 0.000 1.000 0.994 0.195
0.149 0.999 0.998 0.004 0.000 1.000 0.247 0.002 0.000 0.000 0.000 0.000 0.000 0.000 0.000 0.000 0.000 0.000 1.000 0.154 0.116 0.000 0.000 0.000 0.000 0.000 0.000 1.000 0.011 1.000 1.000 0.000 0.994 0.936
0.193 0.268 0.990 0.422 0.000 0.421 0.000 0.000 0.000 0.000 0.000 0.003 0.000 0.000 0.000 0.000 0.000 0.000 0.000 0.000 0.001 0.000 0.000 0.000 0.000 0.000 0.000 0.759 0.000 0.022 0.994 0.994 0.000 0.994
0.535 0.433 0.951 0.819 0.001 0.100 0.000 0.000 0.000 0.000 0.000 0.071 0.000 0.000 0.000 0.000 0.000 0.000 0.000 0.000 0.002 0.000 0.000 0.000 0.000 0.000 0.000 0.000 0.000 0.000 0.195 0.936 0.994 0.000
