0.000 0.993 0.935 0.196 0.011 0.005 0.001 0.001 0.000 0.000 0.000 0.001 0.003 0.000 0.000 0.000 0.000 0.000 0.000 0.000 0.000 0.001 0.000 0.000 0.000 0.000 0.000 0.000 0.000 0.000 0.495 0.204 0.301 0.305
0.993 0.000 0.996 0.903 0.006 0.957 0.872 0.926 0.000 0.000 0.000 0.000 0.000 0.000 0.000 0.000 0.000 0.000 0.978 0.109 0.000 0.000 0.000 0.000 0.000 0.000 0.000 0.000 0.000 0.000 0.978 0.970 0.513 0.167
0.935 0.996 0.000 0.993 0.885 0.988 0.000 0.000 0.000 0.000 0.000 0.000 0.000 0.000 0.000 0.000 0.000 0.000 0.002 0.000 0.266 0.001 0.000 0.000 0.000 0.000 0.000 0.000 0.000 0.000 0.366 0.990 0.956 0.622
0.196 0.903 0.993 0.000 0.966 0.982 0.000 0.000 0.000 0.000 0.000 0.000 0.003 0.000 0.000 0.000 0.000 0.000 0.000 0.000 0.801 0.056 0.739 0.019 0.000 0.000 0.000 0.000 0.000 0.000 0.000 0.000 0.001 0.045
0.011 0.006 0.885 0.966 0.000 0.995 0.920 0.000 0.000 0.000 0.000 0.000 0.000 0.000 0.000 0.000 0.000 0.000 0.000 0.852 0.940 0.925 0.970 0.200 0.000 0.000 0.000 0.000 0.000 0.000 0.000 0.000 0.000 0.000
0.005 0.957 0.988 0.982 0.995 0.000 0.970 0.814 0.000 0.000 0.000 0.000 0.000 0.000 0.000 0.000 0.000 0.022 0.975 0.931 0.998 0.874 0.151 0.600 0.000 0.886 0.874 0.968 0.000 0.008 0.000 0.957 0.062 0.061
0.001 0.872 0.000 0.000 0.920 0.970 0.000 0.973 0.990 0.000 0.000 0.000 0.000 0.000 0.000 0.000 0.000 0.814 0.952 0.993 0.904 0.926 0.000 0.000 0.000 0.000 0.000 0.000 0.000 0.000 0.000 0.282 0.000 0.000
0.001 0.926 0.000 0.000 0.000 0.814 0.973 0.000 0.984 0.929 0.000 0.000 0.000 0.000 0.000 0.000 0.976 0.966 0.990 0.826 0.000 0.000 0.000 0.000 0.000 0.000 0.000 0.000 0.000 0.000 0.352 0.002 0.000 0.000
0.000 0.000 0.000 0.000 0.000 0.000 0.990 0.984 0.000 0.996 0.919 0.087 0.000 0.000 0.000 0.867 0.934 0.999 0.904 0.986 0.000 0.759 0.000 0.000 0.008 0.000 0.074 0.000 0.000 0.000 0.000 0.000 0.000 0.000
0.000 0.000 0.000 0.000 0.000 0.000 0.000 0.929 0.996 0.000 0.982 0.973 0.014 0.037 0.950 0.959 0.966 0.981 0.000 0.000 0.000 0.000 0.000 0.000 0.000 0.000 0.000 0.000 0.072 0.000 0.000 0.000 0.000 0.000
0.000 0.000 0.000 0.000 0.000 0.000 0.000 0.000 0.919 0.982 0.000 0.992 0.949 0.982 0.966 0.972 0.883 0.989 0.000 0.000 0.000 0.000 0.000 0.000 0.000 0.000 0.000 0.000 0.922 0.000 0.000 0.000 0.000 0.000
0.001 0.000 0.000 0.000 0.000 0.000 0.000 0.000 0.087 0.973 0.992 0.000 0.985 0.941 0.928 0.196 0.000 0.659 0.000 0.000 0.000 0.000 0.000 0.000 0.000 0.000 0.000 0.000 0.010 0.000 0.000 0.000 0.002 0.023
0.003 0.000 0.000 0.003 0.000 0.000 0.000 0.000 0.000 0.014 0.949 0.985 0.000 0.991 0.941 0.069 0.000 0.000 0.000 0.000 0.000 0.000 0.000 0.000 0.000 0.000 0.000 0.000 0.089 0.000 0.000 0.000 0.000 0.000
0.000 0.000 0.000 0.000 0.000 0.000 0.000 0.000 0.000 0.037 0.982 0.941 0.991 0.000 0.985 0.985 0.000 0.011 0.000 0.000 0.000 0.000 0.000 0.000 0.000 0.000 0.000 0.000 0.652 0.000 0.000 0.000 0.000 0.000
0.000 0.000 0.000 0.000 0.000 0.000 0.000 0.000 0.000 0.950 0.966 0.928 0.941 0.985 0.000 0.981 0.929 0.000 0.000 0.000 0.000 0.000 0.000 0.000 0.000 0.000 0.000 0.000 0.002 0.000 0.000 0.000 0.000 0.000
0.000 0.000 0.000 0.000 0.000 0.000 0.000 0.000 0.867 0.959 0.972 0.196 0.069 0.985 0.981 0.000 0.996 0.982 0.010 0.000 0.000 0.000 0.000 0.000 0.000 0.000 0.000 0.000 0.999 0.142 0.000 0.000 0.000 0.000
0.000 0.000 0.000 0.000 0.000 0.000 0.000 0.976 0.934 0.966 0.883 0.000 0.000 0.000 0.929 0.996 0.000 0.999 0.955 0.000 0.000 0.000 0.000 0.000 0.000 0.000 0.000 0.095 0.955 0.044 0.043 0.000 0.000 0.000
0.000 0.000 0.000 0.000 0.000 0.022 0.814 0.966 0.999 0.981 0.989 0.659 0.000 0.011 0.000 0.982 0.999 0.000 0.988 0.960 0.001 0.000 0.000 0.000 0.000 0.045 0.930 0.933 0.989 0.424 0.000 0.000 0.000 0.000
0.000 0.978 0.002 0.000 0.000 0.975 0.952 0.990 0.904 0.000 0.000 0.000 0.000 0.000 0.000 0.010 0.955 0.988 0.000 0.964 0.879 0.000 0.000 0.000 0.000 0.861 0.931 0.983 0.944 0.935 0.974 0.971 0.000 0.000
0.000 0.109 0.000 0.000 0.852 0.931 0.993 0.826 0.986 0.000 0.000 0.000 0.000 0.000 0.000 0.000 0.000 0.960 0.964 0.000 0.998 0.990 0.009 0.000 0.990 0.981 0.981 0.878 0.000 0.000 0.000 0.176 0.000 0.000
0.000 0.000 0.266 0.801 0.940 0.998 0.904 0.000 0.000 0.000 0.000 0.000 0.000 0.000 0.000 0.000 0.000 0.001 0.879 0.998 0.000 0.980 0.986 0.990 0.984 0.988 0.958 0.033 0.000 0.000 0.000 0.056 0.000 0.027
0.001 0.000 0.001 0.056 0.925 0.874 0.926 0.000 0.759 0.000 0.000 0.000 0.000 0.000 0.000 0.000 0.000 0.000 0.000 0.990 0.980 0.000 0.987 0.897 0.964 0.339 0.000 0.000 0.000 0.000 0.000 0.000 0.000 0.000
0.000 0.000 0.000 0.739 0.970 0.151 0.000 0.000 0.000 0.000 0.000 0.000 0.000 0.000 0.000 0.000 0.000 0.000 0.000 0.009 0.986 0.987 0.000 0.987 0.953 0.164 0.000 0.000 0.000 0.000 0.000 0.000 0.000 0.000
0.000 0.000 0.000 0.019 0.200 0.600 0.000 0.000 0.000 0.000 0.000 0.000 0.000 0.000 0.000 0.000 0.000 0.000 0.000 0.000 0.990 0.897 0.987 0.000 0.982 0.994 0.002 0.000 0.000 0.000 0.000 0.000 0.000 0.000
0.000 0.000 0.000 0.000 0.000 0.000 0.000 0.000 0.008 0.000 0.000 0.000 0.000 0.000 0.000 0.000 0.000 0.000 0.000 0.990 0.984 0.964 0.953 0.982 0.000 0.993 0.956 0.000 0.000 0.000 0.000 0.000 0.000 0.000
0.000 0.000 0.000 0.000 0.000 0.886 0.000 0.000 0.000 0.000 0.000 0.000 0.000 0.000 0.000 0.000 0.000 0.045 0.861 0.981 0.988 0.339 0.164 0.994 0.993 0.000 0.998 0.865 0.000 0.000 0.000 0.000 0.000 0.000
0.000 0.000 0.000 0.000 0.000 0.874 0.000 0.000 0.074 0.000 0.000 0.000 0.000 0.000 0.000 0.000 0.000 0.930 0.931 0.981 0.958 0.000 0.000 0.002 0.956 0.998 0.000 0.967 0.738 0.000 0.000 0.000 0.000 0.000
0.000 0.000 0.000 0.000 0.000 0.968 0.000 0.000 0.000 0.000 0.000 0.000 0.000 0.000 0.000 0.000 0.095 0.933 0.983 0.878 0.033 0.000 0.000 0.000 0.000 0.865 0.967 0.000 0.975 0.986 0.935 0.977 0.654 0.040
0.000 0.000 0.000 0.000 0.000 0.000 0.000 0.000 0.000 0.072 0.922 0.010 0.089 0.652 0.002 0.999 0.955 0.989 0.944 0.000 0.000 0.000 0.000 0.000 0.000 0.000 0.738 0.975 0.000 0.969 0.874 0.010 0.000 0.000
0.000 0.000 0.000 0.000 0.000 0.008 0.000 0.000 0.000 0.000 0.000 0.000 0.000 0.000 0.000 0.142 0.044 0.424 0.935 0.000 0.000 0.000 0.000 0.000 0.000 0.000 0.000 0.986 0.969 0.000 0.980 0.941 0.007 0.030
0.495 0.978 0.366 0.000 0.000 0.000 0.000 0.352 0.000 0.000 0.000 0.000 0.000 0.000 0.000 0.000 0.043 0.000 0.974 0.000 0.000 0.000 0.000 0.000 0.000 0.000 0.000 0.935 0.874 0.980 0.000 0.998 0.938 0.729
0.204 0.970 0.990 0.000 0.000 0.957 0.282 0.002 0.000 0.000 0.000 0.000 0.000 0.000 0.000 0.000 0.000 0.000 0.971 0.176 0.056 0.000 0.000 0.000 0.000 0.000 0.000 0.977 0.010 0.941 0.998 0.000 0.973 0.905
0.301 0.513 0.956 0.001 0.000 0.062 0.000 0.000 0.000 0.000 0.000 0.002 0.000 0.000 0.000 0.000 0.000 0.000 0.000 0.000 0.000 0.000 0.000 0.000 0.000 0.000 0.000 0.654 0.000 0.007 0.938 0.973 0.000 0.981
0.305 0.167 0.622 0.045 0.000 0.061 0.000 0.000 0.000 0.000 0.000 0.023 0.000 0.000 0.000 0.000 0.000 0.000 0.000 0.000 0.027 0.000 0.000 0.000 0.000 0.000 0.000 0.040 0.000 0.030 0.729 0.905 0.981 0.000
