0.000 1.000 0.966 0.304 0.013 0.011 0.001 0.007 0.000 0.000 0.000 0.000 0.000 0.000 0.000 0.000 0.000 0.000 0.000 0.000 0.000 0.001 0.000 0.000 0.000 0.000 0.000 0.000 0.000 0.000 0.686 0.203 0.233 0.419
1.000 0.000 0.995 0.974 0.005 0.999 0.969 0.972 0.000 0.000 0.000 0.000 0.000 0.000 0.000 0.000 0.000 0.000 1.000 0.190 0.000 0.000 0.000 0.000 0.000 0.000 0.000 0.000 0.000 0.000 0.977 0.974 0.380 0.333
0.966 0.995 0.000 0.995 0.876 1.000 0.000 0.000 0.000 0.000 0.000 0.001 0.000 0.000 0.000 0.000 0.000 0.000 0.005 0.000 0.198 0.002 0.000 0.000 0.000 0.000 0.000 0.000 0.000 0.000 0.449 0.999 0.992 0.990
0.304 0.974 0.995 0.000 0.985 0.997 0.000 0.000 0.000 0.000 0.000 0.130 0.000 0.000 0.000 0.000 0.000 0.000 0.000 0.000 0.779 0.049 0.472 0.023 0.000 0.000 0.000 0.000 0.000 0.000 0.000 0.000 0.009 0.497
0.013 0.005 0.876 0.985 0.000 0.976 0.947 0.000 0.000 0.000 0.000 0.142 0.000 0.000 0.000 0.000 0.000 0.000 0.000 0.894 0.959 0.988 0.949 0.142 0.000 0.000 0.000 0.000 0.000 0.000 0.000 0.000 0.000 0.000
0.011 0.999 1.000 0.997 0.976 0.000 0.992 0.847 0.000 0.000 0.000 0.152 0.000 0.000 0.000 0.000 0.000 0.011 0.985 0.998 0.997 0.887 0.158 0.160 0.000 0.899 0.928 0.998 0.000 0.036 0.001 0.998 0.184 0.028
0.001 0.969 0.000 0.000 0.947 0.992 0.000 0.972 1.000 0.000 0.000 0.000 0.000 0.000 0.000 0.000 0.000 0.887 0.963 0.992 0.943 0.952 0.000 0.000 0.000 0.000 0.000 0.000 0.000 0.000 0.000 0.249 0.000 0.000
0.007 0.972 0.000 0.000 0.000 0.847 0.972 0.000 1.000 0.920 0.000 0.000 0.000 0.000 0.000 0.000 0.999 0.988 1.000 0.882 0.000 0.000 0.000 0.000 0.000 0.000 0.000 0.000 0.000 0.000 0.414 0.003 0.000 0.000
0.000 0.000 0.000 0.000 0.000 0.000 1.000 1.000 0.000 0.925 0.770 0.020 0.000 0.000 0.000 0.759 0.963 1.000 0.973 0.994 0.000 0.763 0.000 0.000 0.015 0.000 0.179 0.000 0.000 0.000 0.000 0.000 0.000 0.000
0.000 0.000 0.000 0.000 0.000 0.000 0.000 0.920 0.925 0.000 0.992 0.953 0.018 0.064 0.915 0.955 0.983 0.895 0.000 0.000 0.000 0.000 0.000 0.000 0.000 0.000 0.000 0.000 0.033 0.000 0.000 0.000 0.000 0.000
0.000 0.000 0.000 0.000 0.000 0.000 0.000 0.000 0.770 0.992 0.000 0.961 0.958 0.968 0.940 0.983 0.873 0.867 0.000 0.000 0.000 0.000 0.000 0.000 0.000 0.000 0.000 0.000 0.413 0.000 0.000 0.000 0.000 0.000
0.000 0.000 0.001 0.130 0.142 0.152 0.000 0.000 0.020 0.953 0.961 0.000 0.984 0.896 0.929 0.341 0.000 0.230 0.000 0.000 0.431 0.002 0.420 0.534 0.001 0.047 0.000 0.000 0.001 0.000 0.000 0.001 0.017 0.014
0.000 0.000 0.000 0.000 0.000 0.000 0.000 0.000 0.000 0.018 0.958 0.984 0.000 0.987 0.940 0.033 0.000 0.000 0.000 0.000 0.000 0.000 0.000 0.002 0.000 0.000 0.000 0.000 0.027 0.000 0.000 0.000 0.000 0.000
0.000 0.000 0.000 0.000 0.000 0.000 0.000 0.000 0.000 0.064 0.968 0.896 0.987 0.000 0.987 0.997 0.063 0.153 0.000 0.000 0.000 0.000 0.001 0.000 0.000 0.000 0.000 0.000 0.380 0.000 0.000 0.000 0.000 0.000
0.000 0.000 0.000 0.000 0.000 0.000 0.000 0.000 0.000 0.915 0.940 0.929 0.940 0.987 0.000 0.940 0.754 0.000 0.000 0.000 0.000 0.000 0.001 0.000 0.000 0.000 0.000 0.000 0.002 0.000 0.000 0.000 0.000 0.000
0.000 0.000 0.000 0.000 0.000 0.000 0.000 0.000 0.759 0.955 0.983 0.341 0.033 0.997 0.940 0.000 0.994 0.853 0.003 0.000 0.000 0.000 0.000 0.000 0.000 0.000 0.000 0.000 0.685 0.079 0.003 0.000 0.000 0.005
0.000 0.000 0.000 0.000 0.000 0.000 0.000 0.999 0.963 0.983 0.873 0.000 0.000 0.063 0.754 0.994 0.000 0.993 0.979 0.000 0.000 0.000 0.000 0.000 0.000 0.000 0.000 0.084 0.941 0.023 0.061 0.000 0.000 0.000
0.000 0.000 0.000 0.000 0.000 0.011 0.887 0.988 1.000 0.895 0.867 0.230 0.000 0.153 0.000 0.853 0.993 0.000 1.000 0.983 0.001 0.000 0.000 0.000 0.000 0.022 0.974 0.982 0.965 0.472 0.001 0.000 0.000 0.000
0.000 1.000 0.005 0.000 0.000 0.985 0.963 1.000 0.973 0.000 0.000 0.000 0.000 0.000 0.000 0.003 0.979 1.000 0.000 0.974 0.876 0.000 0.000 0.000 0.000 0.875 0.956 0.999 0.977 0.978 1.000 0.991 0.000 0.000
0.000 0.190 0.000 0.000 0.894 0.998 0.992 0.882 0.994 0.000 0.000 0.000 0.000 0.000 0.000 0.000 0.000 0.983 0.974 0.000 0.997 0.995 0.014 0.000 0.978 0.996 0.986 0.920 0.000 0.000 0.000 0.182 0.000 0.000
0.000 0.000 0.198 0.779 0.959 0.997 0.943 0.000 0.000 0.000 0.000 0.431 0.000 0.000 0.000 0.000 0.000 0.001 0.876 0.997 0.000 0.954 0.982 0.992 0.952 0.988 0.941 0.141 0.000 0.000 0.000 0.059 0.000 0.000
0.001 0.000 0.002 0.049 0.988 0.887 0.952 0.000 0.763 0.000 0.000 0.002 0.000 0.000 0.000 0.000 0.000 0.000 0.000 0.995 0.954 0.000 1.000 0.922 0.957 0.391 0.000 0.000 0.000 0.000 0.000 0.000 0.000 0.000
0.000 0.000 0.000 0.472 0.949 0.158 0.000 0.000 0.000 0.000 0.000 0.420 0.000 0.001 0.001 0.000 0.000 0.000 0.000 0.014 0.982 1.000 0.000 0.982 0.988 0.207 0.000 0.000 0.000 0.000 0.000 0.000 0.000 0.000
0.000 0.000 0.000 0.023 0.142 0.160 0.000 0.000 0.000 0.000 0.000 0.534 0.002 0.000 0.000 0.000 0.000 0.000 0.000 0.000 0.992 0.922 0.982 0.000 0.999 0.992 0.000 0.000 0.000 0.000 0.000 0.000 0.000 0.000
0.000 0.000 0.000 0.000 0.000 0.000 0.000 0.000 0.015 0.000 0.000 0.001 0.000 0.000 0.000 0.000 0.000 0.000 0.000 0.978 0.952 0.957 0.988 0.999 0.000 0.970 0.865 0.000 0.000 0.000 0.000 0.000 0.000 0.000
0.000 0.000 0.000 0.000 0.000 0.899 0.000 0.000 0.000 0.000 0.000 0.047 0.000 0.000 0.000 0.000 0.000 0.022 0.875 0.996 0.988 0.391 0.207 0.992 0.970 0.000 0.998 0.905 0.000 0.000 0.000 0.000 0.000 0.000
0.000 0.000 0.000 0.000 0.000 0.928 0.000 0.000 0.179 0.000 0.000 0.000 0.000 0.000 0.000 0.000 0.000 0.974 0.956 0.986 0.941 0.000 0.000 0.000 0.865 0.998 0.000 0.995 0.885 0.000 0.000 0.000 0.000 0.000
0.000 0.000 0.000 0.000 0.000 0.998 0.000 0.000 0.000 0.000 0.000 0.000 0.000 0.000 0.000 0.000 0.084 0.982 0.999 0.920 0.141 0.000 0.000 0.000 0.000 0.905 0.995 0.000 0.998 0.999 0.979 0.994 0.707 0.000
0.000 0.000 0.000 0.000 0.000 0.000 0.000 0.000 0.000 0.033 0.413 0.001 0.027 0.380 0.002 0.685 0.941 0.965 0.977 0.000 0.000 0.000 0.000 0.000 0.000 0.000 0.885 0.998 0.000 1.000 0.967 0.008 0.000 0.000
0.000 0.000 0.000 0.000 0.000 0.036 0.000 0.000 0.000 0.000 0.000 0.000 0.000 0.000 0.000 0.079 0.023 0.472 0.978 0.000 0.000 0.000 0.000 0.000 0.000 0.000 0.000 0.999 1.000 0.000 0.999 0.970 0.022 0.000
0.686 0.977 0.449 0.000 0.000 0.001 0.000 0.414 0.000 0.000 0.000 0.000 0.000 0.000 0.000 0.003 0.061 0.001 1.000 0.000 0.000 0.000 0.000 0.000 0.000 0.000 0.000 0.979 0.967 0.999 0.000 0.996 0.995 0.221
0.203 0.974 0.999 0.000 0.000 0.998 0.249 0.003 0.000 0.000 0.000 0.001 0.000 0.000 0.000 0.000 0.000 0.000 0.991 0.182 0.059 0.000 0.000 0.000 0.000 0.000 0.000 0.994 0.008 0.970 0.996 0.000 1.000 0.997
0.233 0.380 0.992 0.009 0.000 0.184 0.000 0.000 0.000 0.000 0.000 0.017 0.000 0.000 0.000 0.000 0.000 0.000 0.000 0.000 0.000 0.000 0.000 0.000 0.000 0.000 0.000 0.707 0.000 0.022 0.995 1.000 0.000 1.000
0.419 0.333 0.990 0.497 0.000 0.028 0.000 0.000 0.000 0.000 0.000 0.014 0.000 0.000 0.000 0.005 0.000 0.000 0.000 0.000 0.000 0.000 0.000 0.000 0.000 0.000 0.000 0.000 0.000 0.000 0.221 0.997 1.000 0.000
