0.000 0.984 0.947 0.271 0.008 0.004 0.000 0.003 0.000 0.000 0.000 0.004 0.006 0.000 0.000 0.000 0.000 0.000 0.000 0.000 0.000 0.000 0.000 0.000 0.000 0.000 0.000 0.000 0.000 0.000 0.843 0.219 0.252 0.515
0.984 0.000 0.999 0.971 0.005 0.987 0.954 0.986 0.000 0.000 0.000 0.000 0.000 0.000 0.000 0.000 0.000 0.000 0.993 0.161 0.000 0.000 0.000 0.000 0.000 0.000 0.000 0.000 0.000 0.000 0.990 0.994 0.379 0.437
0.947 0.999 0.000 0.998 0.960 0.993 0.000 0.000 0.000 0.000 0.000 0.001 0.000 0.000 0.000 0.000 0.000 0.000 0.005 0.000 0.169 0.000 0.000 0.000 0.000 0.000 0.000 0.000 0.000 0.000 0.555 0.978 0.983 0.952
0.271 0.971 0.998 0.000 0.984 0.990 0.000 0.000 0.000 0.000 0.000 0.005 0.001 0.000 0.000 0.000 0.000 0.000 0.000 0.000 0.842 0.014 0.713 0.009 0.000 0.000 0.000 0.000 0.000 0.000 0.000 0.000 0.010 0.482
0.008 0.005 0.960 0.984 0.000 0.999 0.971 0.000 0.000 0.000 0.000 0.000 0.000 0.000 0.000 0.000 0.000 0.000 0.000 0.956 0.996 0.995 0.991 0.103 0.000 0.000 0.000 0.000 0.000 0.000 0.000 0.000 0.000 0.000
0.004 0.987 0.993 0.990 0.999 0.000 0.999 0.988 0.000 0.000 0.000 0.000 0.000 0.000 0.000 0.000 0.000 0.015 1.000 0.996 1.000 0.980 0.181 0.506 0.000 0.944 0.941 0.984 0.000 0.025 0.001 0.994 0.164 0.024
0.000 0.954 0.000 0.000 0.971 0.999 0.000 1.000 1.000 0.000 0.000 0.000 0.000 0.000 0.000 0.000 0.000 0.927 0.986 1.000 0.995 0.972 0.000 0.000 0.000 0.000 0.000 0.000 0.000 0.000 0.000 0.258 0.000 0.000
0.003 0.986 0.000 0.000 0.000 0.988 1.000 0.000 0.999 0.931 0.000 0.000 0.000 0.000 0.000 0.000 0.989 0.985 1.000 0.990 0.000 0.000 0.000 0.000 0.000 0.000 0.000 0.000 0.001 0.000 0.502 0.001 0.000 0.000
0.000 0.000 0.000 0.000 0.000 0.000 1.000 0.999 0.000 0.993 0.918 0.066 0.000 0.000 0.000 0.880 0.944 1.000 0.988 1.000 0.000 0.781 0.000 0.000 0.018 0.000 0.121 0.000 0.000 0.000 0.000 0.000 0.000 0.000
0.000 0.000 0.000 0.000 0.000 0.000 0.000 0.931 0.993 0.000 0.990 0.945 0.011 0.034 0.921 0.970 0.981 1.000 0.000 0.000 0.000 0.000 0.000 0.000 0.000 0.000 0.000 0.000 0.104 0.000 0.000 0.000 0.000 0.000
0.000 0.000 0.000 0.000 0.000 0.000 0.000 0.000 0.918 0.990 0.000 0.990 0.959 0.967 0.935 0.977 0.899 0.981 0.000 0.000 0.000 0.000 0.000 0.000 0.000 0.000 0.000 0.000 0.941 0.000 0.000 0.000 0.000 0.000
0.004 0.000 0.001 0.005 0.000 0.000 0.000 0.000 0.066 0.945 0.990 0.000 0.993 0.957 0.919 0.185 0.000 0.602 0.000 0.000 0.000 0.000 0.000 0.000 0.000 0.000 0.000 0.000 0.010 0.000 0.000 0.000 0.000 0.024
0.006 0.000 0.000 0.001 0.000 0.000 0.000 0.000 0.000 0.011 0.959 0.993 0.000 0.987 0.946 0.062 0.000 0.000 0.000 0.000 0.000 0.000 0.000 0.000 0.000 0.000 0.000 0.000 0.087 0.000 0.000 0.000 0.000 0.004
0.000 0.000 0.000 0.000 0.000 0.000 0.000 0.000 0.000 0.034 0.967 0.957 0.987 0.000 0.998 0.990 0.000 0.019 0.000 0.000 0.000 0.000 0.000 0.000 0.000 0.000 0.000 0.000 0.741 0.000 0.000 0.000 0.000 0.000
0.000 0.000 0.000 0.000 0.000 0.000 0.000 0.000 0.000 0.921 0.935 0.919 0.946 0.998 0.000 0.996 0.888 0.000 0.000 0.000 0.000 0.000 0.000 0.000 0.000 0.000 0.000 0.000 0.004 0.000 0.000 0.000 0.000 0.000
0.000 0.000 0.000 0.000 0.000 0.000 0.000 0.000 0.880 0.970 0.977 0.185 0.062 0.990 0.996 0.000 0.991 0.972 0.000 0.000 0.000 0.000 0.000 0.000 0.000 0.000 0.000 0.000 0.997 0.065 0.000 0.000 0.000 0.000
0.000 0.000 0.000 0.000 0.000 0.000 0.000 0.989 0.944 0.981 0.899 0.000 0.000 0.000 0.888 0.991 0.000 0.987 0.989 0.000 0.000 0.000 0.000 0.000 0.000 0.000 0.000 0.130 0.990 0.036 0.073 0.000 0.000 0.000
0.000 0.000 0.000 0.000 0.000 0.015 0.927 0.985 1.000 1.000 0.981 0.602 0.000 0.019 0.000 0.972 0.987 0.000 1.000 0.985 0.001 0.000 0.000 0.000 0.000 0.058 1.000 1.000 0.988 0.606 0.000 0.000 0.000 0.000
0.000 0.993 0.005 0.000 0.000 1.000 0.986 1.000 0.988 0.000 0.000 0.000 0.000 0.000 0.000 0.000 0.989 1.000 0.000 0.991 0.951 0.000 0.000 0.000 0.000 0.969 0.976 1.000 0.953 0.997 1.000 1.000 0.000 0.000
0.000 0.161 0.000 0.000 0.956 0.996 1.000 0.990 1.000 0.000 0.000 0.000 0.000 0.000 0.000 0.000 0.000 0.985 0.991 0.000 0.999 0.996 0.012 0.001 0.993 0.997 0.992 0.937 0.000 0.000 0.000 0.143 0.000 0.000
0.000 0.000 0.169 0.842 0.996 1.000 0.995 0.000 0.000 0.000 0.000 0.000 0.000 0.000 0.000 0.000 0.000 0.001 0.951 0.999 0.000 1.000 0.998 0.999 0.998 0.986 0.940 0.066 0.000 0.000 0.000 0.045 0.000 0.000
0.000 0.000 0.000 0.014 0.995 0.980 0.972 0.000 0.781 0.000 0.000 0.000 0.000 0.000 0.000 0.000 0.000 0.000 0.000 0.996 1.000 0.000 0.993 0.983 0.992 0.261 0.000 0.000 0.000 0.000 0.000 0.000 0.000 0.000
0.000 0.000 0.000 0.713 0.991 0.181 0.000 0.000 0.000 0.000 0.000 0.000 0.000 0.000 0.000 0.000 0.000 0.000 0.000 0.012 0.998 0.993 0.000 0.996 0.981 0.311 0.000 0.000 0.000 0.000 0.000 0.000 0.000 0.000
0.000 0.000 0.000 0.009 0.103 0.506 0.000 0.000 0.000 0.000 0.000 0.000 0.000 0.000 0.000 0.000 0.000 0.000 0.000 0.001 0.999 0.983 0.996 0.000 0.997 0.986 0.023 0.000 0.000 0.000 0.000 0.000 0.000 0.000
0.000 0.000 0.000 0.000 0.000 0.000 0.000 0.000 0.018 0.000 0.000 0.000 0.000 0.000 0.000 0.000 0.000 0.000 0.000 0.993 0.998 0.992 0.981 0.997 0.000 0.998 0.981 0.000 0.000 0.000 0.000 0.000 0.000 0.000
0.000 0.000 0.000 0.000 0.000 0.944 0.000 0.000 0.000 0.000 0.000 0.000 0.000 0.000 0.000 0.000 0.000 0.058 0.969 0.997 0.986 0.261 0.311 0.986 0.998 0.000 0.996 0.940 0.000 0.000 0.000 0.000 0.000 0.000
0.000 0.000 0.000 0.000 0.000 0.941 0.000 0.000 0.121 0.000 0.000 0.000 0.000 0.000 0.000 0.000 0.000 1.000 0.976 0.992 0.940 0.000 0.000 0.023 0.981 0.996 0.000 0.992 0.941 0.000 0.000 0.000 0.000 0.000
0.000 0.000 0.000 0.000 0.000 0.984 0.000 0.000 0.000 0.000 0.000 0.000 0.000 0.000 0.000 0.000 0.130 1.000 1.000 0.937 0.066 0.000 0.000 0.000 0.000 0.940 0.992 0.000 0.994 0.997 0.976 0.988 0.678 0.000
0.000 0.000 0.000 0.000 0.000 0.000 0.000 0.001 0.000 0.104 0.941 0.010 0.087 0.741 0.004 0.997 0.990 0.988 0.953 0.000 0.000 0.000 0.000 0.000 0.000 0.000 0.941 0.994 0.000 0.999 0.934 0.007 0.000 0.000
0.000 0.000 0.000 0.000 0.000 0.025 0.000 0.000 0.000 0.000 0.000 0.000 0.000 0.000 0.000 0.065 0.036 0.606 0.997 0.000 0.000 0.000 0.000 0.000 0.000 0.000 0.000 0.997 0.999 0.000 0.991 0.965 0.033 0.000
0.843 0.990 0.555 0.000 0.000 0.001 0.000 0.502 0.000 0.000 0.000 0.000 0.000 0.000 0.000 0.000 0.073 0.000 1.000 0.000 0.000 0.000 0.000 0.000 0.000 0.000 0.000 0.976 0.934 0.991 0.000 0.997 0.954 0.383
0.219 0.994 0.978 0.000 0.000 0.994 0.258 0.001 0.000 0.000 0.000 0.000 0.000 0.000 0.000 0.000 0.000 0.000 1.000 0.143 0.045 0.000 0.000 0.000 0.000 0.000 0.000 0.988 0.007 0.965 0.997 0.000 0.982 0.856
0.252 0.379 0.983 0.010 0.000 0.164 0.000 0.000 0.000 0.000 0.000 0.000 0.000 0.000 0.000 0.000 0.000 0.000 0.000 0.000 0.000 0.000 0.000 0.000 0.000 0.000 0.000 0.678 0.000 0.033 0.954 0.982 0.000 0.992
0.515 0.437 0.952 0.482 0.000 0.024 0.000 0.000 0.000 0.000 0.000 0.024 0.004 0.000 0.000 0.000 0.000 0.000 0.000 0.000 0.000 0.000 0.000 0.000 0.000 0.000 0.000 0.000 0.000 0.000 0.383 0.856 0.992 0.000
