0.000 0.996 0.917 0.319 0.000 0.001 0.000 0.003 0.000 0.000 0.000 0.001 0.009 0.006 0.000 0.005 0.000 0.000 0.001 0.000 0.000 0.000 0.000 0.000 0.000 0.000 0.000 0.000 0.000 0.000 0.793 0.650 0.718 0.854
0.996 0.000 0.992 0.938 0.004 0.991 0.950 0.946 0.000 0.000 0.000 0.000 0.000 0.000 0.000 0.000 0.000 0.000 0.997 0.102 0.003 0.000 0.000 0.000 0.000 0.000 0.000 0.000 0.000 0.000 0.991 0.967 0.828 0.822
0.917 0.992 0.000 0.996 0.972 1.000 0.007 0.000 0.000 0.000 0.000 0.000 0.000 0.000 0.000 0.000 0.000 0.000 0.013 0.000 0.611 0.004 0.044 0.005 0.000 0.000 0.000 0.046 0.000 0.000 0.140 0.998 0.994 0.978
0.319 0.938 0.996 0.000 0.993 0.986 0.000 0.000 0.000 0.000 0.000 0.000 0.000 0.000 0.000 0.000 0.000 0.000 0.000 0.000 0.660 0.103 0.798 0.035 0.000 0.000 0.000 0.000 0.000 0.000 0.000 0.000 0.002 0.728
0.000 0.004 0.972 0.993 0.000 0.994 0.943 0.000 0.000 0.000 0.000 0.000 0.000 0.000 0.000 0.000 0.000 0.000 0.000 0.887 0.931 0.961 0.950 0.093 0.000 0.000 0.000 0.000 0.000 0.000 0.000 0.004 0.000 0.000
0.001 0.991 1.000 0.986 0.994 0.000 0.996 0.900 0.000 0.000 0.000 0.000 0.000 0.000 0.000 0.000 0.000 0.000 0.983 0.927 0.929 0.926 0.304 0.000 0.000 0.000 0.000 0.053 0.000 0.000 0.001 0.988 0.000 0.000
0.000 0.950 0.007 0.000 0.943 0.996 0.000 0.998 0.988 0.000 0.000 0.000 0.000 0.000 0.000 0.000 0.000 0.796 0.979 0.965 0.894 0.918 0.000 0.000 0.000 0.000 0.000 0.000 0.000 0.000 0.000 0.348 0.000 0.000
0.003 0.946 0.000 0.000 0.000 0.900 0.998 0.000 0.965 0.830 0.000 0.001 0.000 0.000 0.000 0.000 0.975 0.870 0.969 0.792 0.000 0.000 0.000 0.000 0.000 0.000 0.000 0.000 0.000 0.000 0.736 0.008 0.000 0.000
0.000 0.000 0.000 0.000 0.000 0.000 0.988 0.965 0.000 0.993 0.827 0.089 0.004 0.013 0.000 0.793 0.939 0.998 0.904 0.928 0.000 0.638 0.000 0.000 0.010 0.000 0.319 0.000 0.007 0.000 0.000 0.000 0.000 0.000
0.000 0.000 0.000 0.000 0.000 0.000 0.000 0.830 0.993 0.000 0.987 0.971 0.018 0.085 0.925 0.976 0.973 0.984 0.000 0.000 0.000 0.000 0.000 0.000 0.000 0.000 0.000 0.000 0.075 0.000 0.000 0.000 0.000 0.000
0.000 0.000 0.000 0.000 0.000 0.000 0.000 0.000 0.827 0.987 0.000 0.990 0.991 0.979 0.957 0.975 0.850 0.924 0.000 0.000 0.000 0.000 0.000 0.000 0.000 0.000 0.000 0.000 0.802 0.000 0.000 0.000 0.000 0.000
0.001 0.000 0.000 0.000 0.000 0.000 0.000 0.001 0.089 0.971 0.990 0.000 0.986 0.950 0.941 0.277 0.000 0.494 0.000 0.001 0.000 0.000 0.000 0.000 0.000 0.000 0.001 0.000 0.004 0.000 0.000 0.000 0.000 0.005
0.009 0.000 0.000 0.000 0.000 0.000 0.000 0.000 0.004 0.018 0.991 0.986 0.000 0.994 0.952 0.061 0.000 0.001 0.000 0.000 0.000 0.000 0.000 0.000 0.000 0.000 0.000 0.000 0.097 0.000 0.000 0.000 0.000 0.000
0.006 0.000 0.000 0.000 0.000 0.000 0.000 0.000 0.013 0.085 0.979 0.950 0.994 0.000 0.987 0.996 0.008 0.093 0.000 0.000 0.000 0.000 0.001 0.000 0.000 0.000 0.000 0.000 0.676 0.000 0.000 0.000 0.000 0.000
0.000 0.000 0.000 0.000 0.000 0.000 0.000 0.000 0.000 0.925 0.957 0.941 0.952 0.987 0.000 0.999 0.904 0.000 0.000 0.000 0.000 0.000 0.000 0.000 0.000 0.000 0.000 0.000 0.025 0.000 0.000 0.000 0.000 0.000
0.005 0.000 0.000 0.000 0.000 0.000 0.000 0.000 0.793 0.976 0.975 0.277 0.061 0.996 0.999 0.000 0.975 0.938 0.000 0.000 0.000 0.000 0.001 0.000 0.000 0.000 0.000 0.000 0.961 0.040 0.000 0.000 0.000 0.000
0.000 0.000 0.000 0.000 0.000 0.000 0.000 0.975 0.939 0.973 0.850 0.000 0.000 0.008 0.904 0.975 0.000 0.975 0.951 0.000 0.000 0.000 0.000 0.000 0.000 0.000 0.000 0.142 0.968 0.062 0.178 0.000 0.000 0.000
0.000 0.000 0.000 0.000 0.000 0.000 0.796 0.870 0.998 0.984 0.924 0.494 0.001 0.093 0.000 0.938 0.975 0.000 0.979 0.968 0.003 0.000 0.000 0.000 0.000 0.050 0.985 0.943 0.999 0.412 0.000 0.000 0.000 0.000
0.001 0.997 0.013 0.000 0.000 0.983 0.979 0.969 0.904 0.000 0.000 0.000 0.000 0.000 0.000 0.000 0.951 0.979 0.000 0.995 0.962 0.000 0.000 0.000 0.000 0.937 0.967 0.999 0.984 1.000 1.000 1.000 0.000 0.000
0.000 0.102 0.000 0.000 0.887 0.927 0.965 0.792 0.928 0.000 0.000 0.001 0.000 0.000 0.000 0.000 0.000 0.968 0.995 0.000 0.998 0.996 0.004 0.016 0.989 0.998 0.999 0.976 0.000 0.000 0.000 0.441 0.000 0.000
0.000 0.003 0.611 0.660 0.931 0.929 0.894 0.000 0.000 0.000 0.000 0.000 0.000 0.000 0.000 0.000 0.000 0.003 0.962 0.998 0.000 0.996 0.993 0.999 0.951 0.987 0.914 0.491 0.000 0.000 0.000 0.653 0.002 0.000
0.000 0.000 0.004 0.103 0.961 0.926 0.918 0.000 0.638 0.000 0.000 0.000 0.000 0.000 0.000 0.000 0.000 0.000 0.000 0.996 0.996 0.000 0.998 0.975 0.981 0.527 0.000 0.000 0.000 0.000 0.000 0.000 0.000 0.000
0.000 0.000 0.044 0.798 0.950 0.304 0.000 0.000 0.000 0.000 0.000 0.000 0.000 0.001 0.000 0.001 0.000 0.000 0.000 0.004 0.993 0.998 0.000 0.993 0.977 0.096 0.000 0.000 0.000 0.000 0.000 0.000 0.000 0.000
0.000 0.000 0.005 0.035 0.093 0.000 0.000 0.000 0.000 0.000 0.000 0.000 0.000 0.000 0.000 0.000 0.000 0.000 0.000 0.016 0.999 0.975 0.993 0.000 0.995 0.992 0.032 0.119 0.000 0.000 0.000 0.001 0.000 0.000
0.000 0.000 0.000 0.000 0.000 0.000 0.000 0.000 0.010 0.000 0.000 0.000 0.000 0.000 0.000 0.000 0.000 0.000 0.000 0.989 0.951 0.981 0.977 0.995 0.000 0.980 0.918 0.000 0.000 0.000 0.000 0.000 0.000 0.000
0.000 0.000 0.000 0.000 0.000 0.000 0.000 0.000 0.000 0.000 0.000 0.000 0.000 0.000 0.000 0.000 0.000 0.050 0.937 0.998 0.987 0.527 0.096 0.992 0.980 0.000 0.993 0.965 0.000 0.000 0.000 0.002 0.000 0.000
0.000 0.000 0.000 0.000 0.000 0.000 0.000 0.000 0.319 0.000 0.000 0.001 0.000 0.000 0.000 0.000 0.000 0.985 0.967 0.999 0.914 0.000 0.000 0.032 0.918 0.993 0.000 0.988 0.913 0.000 0.000 0.002 0.000 0.000
0.000 0.000 0.046 0.000 0.000 0.053 0.000 0.000 0.000 0.000 0.000 0.000 0.000 0.000 0.000 0.000 0.142 0.943 0.999 0.976 0.491 0.000 0.000 0.119 0.000 0.965 0.988 0.000 0.986 0.995 0.844 0.956 0.394 0.000
0.000 0.000 0.000 0.000 0.000 0.000 0.000 0.000 0.007 0.075 0.802 0.004 0.097 0.676 0.025 0.961 0.968 0.999 0.984 0.000 0.000 0.000 0.000 0.000 0.000 0.000 0.913 0.986 0.000 0.991 0.872 0.008 0.000 0.000
0.000 0.000 0.000 0.000 0.000 0.000 0.000 0.000 0.000 0.000 0.000 0.000 0.000 0.000 0.000 0.040 0.062 0.412 1.000 0.000 0.000 0.000 0.000 0.000 0.000 0.000 0.000 0.995 0.991 0.000 0.970 0.965 0.015 0.000
0.793 0.991 0.140 0.000 0.000 0.001 0.000 0.736 0.000 0.000 0.000 0.000 0.000 0.000 0.000 0.000 0.178 0.000 1.000 0.000 0.000 0.000 0.000 0.000 0.000 0.000 0.000 0.844 0.872 0.970 0.000 0.995 0.999 0.064
0.650 0.967 0.998 0.000 0.004 0.988 0.348 0.008 0.000 0.000 0.000 0.000 0.000 0.000 0.000 0.000 0.000 0.000 1.000 0.441 0.653 0.000 0.000 0.001 0.000 0.002 0.002 0.956 0.008 0.965 0.995 0.000 1.000 0.968
0.718 0.828 0.994 0.002 0.000 0.000 0.000 0.000 0.000 0.000 0.000 0.000 0.000 0.000 0.000 0.000 0.000 0.000 0.000 0.000 0.002 0.000 0.000 0.000 0.000 0.000 0.000 0.394 0.000 0.015 0.999 1.000 0.000 0.998
0.854 0.822 0.978 0.728 0.000 0.000 0.000 0.000 0.000 0.000 0.000 0.005 0.000 0.000 0.000 0.000 0.000 0.000 0.000 0.000 0.000 0.000 0.000 0.000 0.000 0.000 0.000 0.000 0.000 0.000 0.064 0.968 0.998 0.000
