0.000 0.995 0.981 0.244 0.003 0.001 0.000 0.009 0.000 0.000 0.000 0.018 0.024 0.004 0.000 0.000 0.000 0.000 0.003 0.000 0.000 0.000 0.000 0.000 0.000 0.000 0.000 0.000 0.000 0.000 0.538 0.153 0.163 0.244
0.995 0.000 1.000 0.968 0.006 1.000 0.984 0.990 0.000 0.000 0.000 0.000 0.000 0.000 0.000 0.000 0.000 0.000 0.989 0.168 0.000 0.002 0.000 0.000 0.000 0.000 0.000 0.000 0.000 0.000 0.964 0.990 0.273 0.204
0.981 1.000 0.000 0.991 0.960 0.999 0.000 0.000 0.000 0.000 0.000 0.003 0.002 0.000 0.000 0.000 0.000 0.000 0.010 0.000 0.200 0.001 0.001 0.000 0.000 0.000 0.000 0.000 0.000 0.000 0.467 0.980 0.972 0.976
0.244 0.968 0.991 0.000 0.996 0.980 0.000 0.000 0.000 0.000 0.000 0.026 0.021 0.000 0.000 0.000 0.000 0.000 0.000 0.000 0.740 0.023 0.546 0.011 0.000 0.000 0.000 0.000 0.000 0.000 0.000 0.000 0.020 0.522
0.003 0.006 0.960 0.996 0.000 0.983 0.946 0.000 0.000 0.000 0.000 0.000 0.000 0.000 0.000 0.000 0.000 0.000 0.000 0.882 0.963 0.996 0.972 0.109 0.000 0.000 0.000 0.000 0.000 0.000 0.000 0.000 0.000 0.004
0.001 1.000 0.999 0.980 0.983 0.000 1.000 0.941 0.000 0.000 0.000 0.000 0.000 0.000 0.000 0.000 0.000 0.015 1.000 1.000 0.989 0.958 0.123 0.477 0.000 0.952 0.988 0.994 0.000 0.019 0.002 1.000 0.249 0.495
0.000 0.984 0.000 0.000 0.946 1.000 0.000 1.000 1.000 0.000 0.000 0.000 0.000 0.000 0.000 0.000 0.000 0.974 0.984 1.000 0.973 0.942 0.000 0.000 0.000 0.000 0.000 0.000 0.000 0.000 0.000 0.319 0.000 0.000
0.009 0.990 0.000 0.000 0.000 0.941 1.000 0.000 1.000 0.985 0.000 0.000 0.000 0.000 0.000 0.000 0.990 0.995 0.999 0.996 0.000 0.000 0.000 0.000 0.000 0.000 0.000 0.000 0.000 0.000 0.409 0.005 0.000 0.000
0.000 0.000 0.000 0.000 0.000 0.000 1.000 1.000 0.000 0.992 0.944 0.031 0.000 0.006 0.000 0.908 0.961 1.000 0.998 0.974 0.000 0.736 0.000 0.000 0.002 0.000 0.128 0.000 0.001 0.000 0.000 0.000 0.000 0.000
0.000 0.000 0.000 0.000 0.000 0.000 0.000 0.985 0.992 0.000 1.000 0.959 0.013 0.059 0.982 0.986 0.997 0.989 0.000 0.000 0.000 0.000 0.000 0.000 0.000 0.000 0.000 0.000 0.114 0.000 0.000 0.000 0.000 0.000
0.000 0.000 0.000 0.000 0.000 0.000 0.000 0.000 0.944 1.000 0.000 0.980 0.899 0.994 0.948 0.996 0.976 0.982 0.000 0.000 0.000 0.000 0.000 0.000 0.000 0.000 0.000 0.000 0.937 0.000 0.000 0.000 0.000 0.000
0.018 0.000 0.003 0.026 0.000 0.000 0.000 0.000 0.031 0.959 0.980 0.000 0.994 0.964 0.933 0.236 0.000 0.516 0.000 0.000 0.000 0.000 0.001 0.002 0.000 0.000 0.000 0.000 0.008 0.000 0.000 0.000 0.030 0.068
0.024 0.000 0.002 0.021 0.000 0.000 0.000 0.000 0.000 0.013 0.899 0.994 0.000 0.968 0.898 0.067 0.000 0.000 0.000 0.000 0.000 0.000 0.000 0.000 0.000 0.000 0.000 0.000 0.060 0.000 0.000 0.000 0.002 0.005
0.004 0.000 0.000 0.000 0.000 0.000 0.000 0.000 0.006 0.059 0.994 0.964 0.968 0.000 0.994 0.996 0.014 0.043 0.000 0.000 0.000 0.000 0.000 0.000 0.000 0.000 0.000 0.000 0.739 0.000 0.000 0.000 0.000 0.000
0.000 0.000 0.000 0.000 0.000 0.000 0.000 0.000 0.000 0.982 0.948 0.933 0.898 0.994 0.000 0.970 0.926 0.000 0.000 0.000 0.000 0.000 0.000 0.000 0.000 0.000 0.000 0.000 0.004 0.000 0.000 0.000 0.000 0.000
0.000 0.000 0.000 0.000 0.000 0.000 0.000 0.000 0.908 0.986 0.996 0.236 0.067 0.996 0.970 0.000 1.000 0.962 0.002 0.000 0.000 0.000 0.000 0.000 0.000 0.000 0.000 0.000 0.995 0.128 0.001 0.000 0.000 0.000
0.000 0.000 0.000 0.000 0.000 0.000 0.000 0.990 0.961 0.997 0.976 0.000 0.000 0.014 0.926 1.000 0.000 0.988 0.997 0.000 0.000 0.000 0.000 0.000 0.000 0.000 0.000 0.198 0.995 0.069 0.074 0.000 0.000 0.000
0.000 0.000 0.000 0.000 0.000 0.015 0.974 0.995 1.000 0.989 0.982 0.516 0.000 0.043 0.000 0.962 0.988 0.000 1.000 0.996 0.002 0.000 0.000 0.000 0.000 0.053 0.987 1.000 0.989 0.606 0.000 0.000 0.000 0.000
0.003 0.989 0.010 0.000 0.000 1.000 0.984 0.999 0.998 0.000 0.000 0.000 0.000 0.000 0.000 0.002 0.997 1.000 0.000 0.998 0.949 0.000 0.000 0.000 0.000 0.951 0.996 1.000 0.977 0.994 1.000 1.000 0.000 0.000
0.000 0.168 0.000 0.000 0.882 1.000 1.000 0.996 0.974 0.000 0.000 0.000 0.000 0.000 0.000 0.000 0.000 0.996 0.998 0.000 1.000 0.982 0.014 0.000 0.990 1.000 0.995 0.989 0.000 0.000 0.000 0.215 0.000 0.000
0.000 0.000 0.200 0.740 0.963 0.989 0.973 0.000 0.000 0.000 0.000 0.000 0.000 0.000 0.000 0.000 0.000 0.002 0.949 1.000 0.000 0.977 0.965 0.985 0.961 0.999 0.981 0.089 0.000 0.000 0.000 0.084 0.000 0.228
0.000 0.002 0.001 0.023 0.996 0.958 0.942 0.000 0.736 0.000 0.000 0.000 0.000 0.000 0.000 0.000 0.000 0.000 0.000 0.982 0.977 0.000 1.000 0.954 0.934 0.217 0.000 0.000 0.000 0.000 0.000 0.000 0.000 0.000
0.000 0.000 0.001 0.546 0.972 0.123 0.000 0.000 0.000 0.000 0.000 0.001 0.000 0.000 0.000 0.000 0.000 0.000 0.000 0.014 0.965 1.000 0.000 0.966 0.946 0.146 0.000 0.000 0.000 0.000 0.000 0.000 0.000 0.000
0.000 0.000 0.000 0.011 0.109 0.477 0.000 0.000 0.000 0.000 0.000 0.002 0.000 0.000 0.000 0.000 0.000 0.000 0.000 0.000 0.985 0.954 0.966 0.000 1.000 0.992 0.002 0.000 0.000 0.000 0.000 0.000 0.000 0.003
0.000 0.000 0.000 0.000 0.000 0.000 0.000 0.000 0.002 0.000 0.000 0.000 0.000 0.000 0.000 0.000 0.000 0.000 0.000 0.990 0.961 0.934 0.946 1.000 0.000 0.988 0.920 0.000 0.000 0.000 0.000 0.000 0.000 0.000
0.000 0.000 0.000 0.000 0.000 0.952 0.000 0.000 0.000 0.000 0.000 0.000 0.000 0.000 0.000 0.000 0.000 0.053 0.951 1.000 0.999 0.217 0.146 0.992 0.988 0.000 0.995 0.947 0.000 0.000 0.000 0.000 0.000 0.000
0.000 0.000 0.000 0.000 0.000 0.988 0.000 0.000 0.128 0.000 0.000 0.000 0.000 0.000 0.000 0.000 0.000 0.987 0.996 0.995 0.981 0.000 0.000 0.002 0.920 0.995 0.000 0.996 0.933 0.000 0.000 0.000 0.000 0.000
0.000 0.000 0.000 0.000 0.000 0.994 0.000 0.000 0.000 0.000 0.000 0.000 0.000 0.000 0.000 0.000 0.198 1.000 1.000 0.989 0.089 0.000 0.000 0.000 0.000 0.947 0.996 0.000 0.980 0.998 0.995 1.000 0.814 0.058
0.000 0.000 0.000 0.000 0.000 0.000 0.000 0.000 0.001 0.114 0.937 0.008 0.060 0.739 0.004 0.995 0.995 0.989 0.977 0.000 0.000 0.000 0.000 0.000 0.000 0.000 0.933 0.980 0.000 1.000 0.997 0.006 0.000 0.000
0.000 0.000 0.000 0.000 0.000 0.019 0.000 0.000 0.000 0.000 0.000 0.000 0.000 0.000 0.000 0.128 0.069 0.606 0.994 0.000 0.000 0.000 0.000 0.000 0.000 0.000 0.000 0.998 1.000 0.000 1.000 0.984 0.045 0.000
0.538 0.964 0.467 0.000 0.000 0.002 0.000 0.409 0.000 0.000 0.000 0.000 0.000 0.000 0.000 0.001 0.074 0.000 1.000 0.000 0.000 0.000 0.000 0.000 0.000 0.000 0.000 0.995 0.997 1.000 0.000 0.995 0.985 0.081
0.153 0.990 0.980 0.000 0.000 1.000 0.319 0.005 0.000 0.000 0.000 0.000 0.000 0.000 0.000 0.000 0.000 0.000 1.000 0.215 0.084 0.000 0.000 0.000 0.000 0.000 0.000 1.000 0.006 0.984 0.995 0.000 0.994 0.969
0.163 0.273 0.972 0.020 0.000 0.249 0.000 0.000 0.000 0.000 0.000 0.030 0.002 0.000 0.000 0.000 0.000 0.000 0.000 0.000 0.000 0.000 0.000 0.000 0.000 0.000 0.000 0.814 0.000 0.045 0.985 0.994 0.000 0.998
0.244 0.204 0.976 0.522 0.004 0.495 0.000 0.000 0.000 0.000 0.000 0.068 0.005 0.000 0.000 0.000 0.000 0.000 0.000 0.000 0.228 0.000 0.000 0.003 0.000 0.000 0.000 0.058 0.000 0.000 0.081 0.969 0.998 0.000
