0.000 0.992 0.989 0.252 0.007 0.013 0.005 0.047 0.000 0.000 0.000 0.021 0.023 0.009 0.003 0.000 0.000 0.000 0.048 0.000 0.000 0.000 0.000 0.000 0.000 0.000 0.000 0.000 0.000 0.000 0.751 0.450 0.429 0.551
0.992 0.000 1.000 0.992 0.051 0.988 0.839 0.719 0.000 0.000 0.000 0.001 0.000 0.000 0.000 0.000 0.000 0.000 0.970 0.015 0.000 0.006 0.000 0.000 0.000 0.000 0.000 0.000 0.000 0.000 0.958 0.972 0.618 0.471
0.989 1.000 0.000 0.999 1.000 1.000 0.008 0.002 0.000 0.000 0.000 0.002 0.006 0.000 0.000 0.000 0.000 0.000 0.059 0.000 0.362 0.005 0.000 0.000 0.000 0.000 0.000 0.001 0.000 0.000 0.372 1.000 0.980 0.962
0.252 0.992 0.999 0.000 1.000 0.992 0.000 0.000 0.000 0.000 0.000 0.021 0.051 0.018 0.002 0.000 0.000 0.000 0.000 0.000 0.882 0.056 0.822 0.010 0.000 0.000 0.000 0.000 0.000 0.000 0.004 0.001 0.020 0.455
0.007 0.051 1.000 1.000 0.000 1.000 1.000 0.000 0.000 0.000 0.000 0.000 0.000 0.000 0.000 0.000 0.000 0.000 0.000 1.000 1.000 1.000 0.999 0.166 0.000 0.000 0.000 0.000 0.000 0.000 0.000 0.000 0.000 0.003
0.013 0.988 1.000 0.992 1.000 0.000 1.000 1.000 0.000 0.000 0.000 0.000 0.000 0.000 0.000 0.000 0.000 0.019 1.000 1.000 1.000 0.997 0.221 0.617 0.000 0.993 0.994 1.000 0.000 0.021 0.001 1.000 0.185 0.106
0.005 0.839 0.008 0.000 1.000 1.000 0.000 1.000 1.000 0.000 0.000 0.000 0.000 0.000 0.000 0.000 0.000 1.000 1.000 1.000 1.000 0.990 0.000 0.000 0.000 0.000 0.000 0.000 0.000 0.000 0.000 0.221 0.000 0.000
0.047 0.719 0.002 0.000 0.000 1.000 1.000 0.000 1.000 0.995 0.000 0.000 0.000 0.000 0.000 0.000 1.000 1.000 1.000 1.000 0.000 0.000 0.000 0.000 0.000 0.000 0.000 0.000 0.003 0.000 0.441 0.003 0.000 0.000
0.000 0.000 0.000 0.000 0.000 0.000 1.000 1.000 0.000 0.998 0.985 0.034 0.000 0.001 0.000 0.975 1.000 1.000 1.000 1.000 0.000 0.873 0.000 0.000 0.010 0.000 0.102 0.000 0.002 0.000 0.000 0.000 0.000 0.000
0.000 0.000 0.000 0.000 0.000 0.000 0.000 0.995 0.998 0.000 1.000 0.960 0.025 0.120 0.989 1.000 1.000 0.998 0.000 0.000 0.000 0.000 0.000 0.000 0.000 0.000 0.000 0.000 0.100 0.000 0.000 0.000 0.000 0.000
0.000 0.000 0.000 0.000 0.000 0.000 0.000 0.000 0.985 1.000 0.000 0.966 0.935 0.998 0.997 1.000 0.992 0.995 0.000 0.000 0.000 0.000 0.000 0.000 0.000 0.000 0.000 0.000 0.920 0.000 0.000 0.000 0.000 0.000
0.021 0.001 0.002 0.021 0.000 0.000 0.000 0.000 0.034 0.960 0.966 0.000 0.998 0.972 0.956 0.386 0.000 0.407 0.000 0.000 0.000 0.000 0.004 0.000 0.000 0.000 0.000 0.000 0.010 0.000 0.002 0.000 0.001 0.018
0.023 0.000 0.006 0.051 0.000 0.000 0.000 0.000 0.000 0.025 0.935 0.998 0.000 0.977 0.930 0.044 0.000 0.001 0.000 0.000 0.000 0.000 0.003 0.000 0.000 0.000 0.000 0.000 0.123 0.000 0.000 0.000 0.001 0.021
0.009 0.000 0.000 0.018 0.000 0.000 0.000 0.000 0.001 0.120 0.998 0.972 0.977 0.000 0.997 0.992 0.021 0.109 0.000 0.000 0.000 0.000 0.000 0.000 0.000 0.000 0.000 0.000 0.853 0.000 0.000 0.000 0.000 0.002
0.003 0.000 0.000 0.002 0.000 0.000 0.000 0.000 0.000 0.989 0.997 0.956 0.930 0.997 0.000 0.998 0.950 0.001 0.000 0.000 0.000 0.000 0.000 0.000 0.000 0.000 0.000 0.000 0.030 0.000 0.000 0.000 0.000 0.000
0.000 0.000 0.000 0.000 0.000 0.000 0.000 0.000 0.975 1.000 1.000 0.386 0.044 0.992 0.998 0.000 0.999 0.992 0.000 0.000 0.000 0.000 0.000 0.000 0.000 0.000 0.000 0.000 0.961 0.083 0.000 0.000 0.000 0.000
0.000 0.000 0.000 0.000 0.000 0.000 0.000 1.000 1.000 1.000 0.992 0.000 0.000 0.021 0.950 0.999 0.000 1.000 1.000 0.000 0.000 0.000 0.000 0.000 0.000 0.000 0.000 0.093 0.999 0.047 0.060 0.000 0.000 0.000
0.000 0.000 0.000 0.000 0.000 0.019 1.000 1.000 1.000 0.998 0.995 0.407 0.001 0.109 0.001 0.992 1.000 0.000 1.000 1.000 0.001 0.000 0.000 0.000 0.000 0.032 0.999 1.000 1.000 0.646 0.000 0.000 0.000 0.000
0.048 0.970 0.059 0.000 0.000 1.000 1.000 1.000 1.000 0.000 0.000 0.000 0.000 0.000 0.000 0.000 1.000 1.000 0.000 1.000 1.000 0.000 0.000 0.000 0.000 1.000 1.000 1.000 1.000 1.000 1.000 1.000 0.000 0.000
0.000 0.015 0.000 0.000 1.000 1.000 1.000 1.000 1.000 0.000 0.000 0.000 0.000 0.000 0.000 0.000 0.000 1.000 1.000 0.000 1.000 1.000 0.018 0.000 0.999 1.000 1.000 1.000 0.000 0.000 0.000 0.127 0.000 0.000
0.000 0.000 0.362 0.882 1.000 1.000 1.000 0.000 0.000 0.000 0.000 0.000 0.000 0.000 0.000 0.000 0.000 0.001 1.000 1.000 0.000 1.000 0.998 1.000 1.000 1.000 1.000 0.064 0.000 0.000 0.000 0.079 0.000 0.038
0.000 0.006 0.005 0.056 1.000 0.997 0.990 0.000 0.873 0.000 0.000 0.000 0.000 0.000 0.000 0.000 0.000 0.000 0.000 1.000 1.000 0.000 1.000 1.000 1.000 0.255 0.000 0.000 0.000 0.000 0.000 0.000 0.000 0.000
0.000 0.000 0.000 0.822 0.999 0.221 0.000 0.000 0.000 0.000 0.000 0.004 0.003 0.000 0.000 0.000 0.000 0.000 0.000 0.018 0.998 1.000 0.000 1.000 0.999 0.184 0.000 0.000 0.000 0.000 0.000 0.000 0.000 0.001
0.000 0.000 0.000 0.010 0.166 0.617 0.000 0.000 0.000 0.000 0.000 0.000 0.000 0.000 0.000 0.000 0.000 0.000 0.000 0.000 1.000 1.000 1.000 0.000 1.000 1.000 0.002 0.000 0.000 0.000 0.000 0.000 0.000 0.002
0.000 0.000 0.000 0.000 0.000 0.000 0.000 0.000 0.010 0.000 0.000 0.000 0.000 0.000 0.000 0.000 0.000 0.000 0.000 0.999 1.000 1.000 0.999 1.000 0.000 0.999 0.999 0.000 0.000 0.000 0.000 0.000 0.000 0.000
0.000 0.000 0.000 0.000 0.000 0.993 0.000 0.000 0.000 0.000 0.000 0.000 0.000 0.000 0.000 0.000 0.000 0.032 1.000 1.000 1.000 0.255 0.184 1.000 0.999 0.000 1.000 1.000 0.000 0.000 0.000 0.000 0.000 0.000
0.000 0.000 0.000 0.000 0.000 0.994 0.000 0.000 0.102 0.000 0.000 0.000 0.000 0.000 0.000 0.000 0.000 0.999 1.000 1.000 1.000 0.000 0.000 0.002 0.999 1.000 0.000 1.000 1.000 0.000 0.000 0.000 0.000 0.000
0.000 0.000 0.001 0.000 0.000 1.000 0.000 0.000 0.000 0.000 0.000 0.000 0.000 0.000 0.000 0.000 0.093 1.000 1.000 1.000 0.064 0.000 0.000 0.000 0.000 1.000 1.000 0.000 1.000 1.000 1.000 1.000 0.756 0.008
0.000 0.000 0.000 0.000 0.000 0.000 0.000 0.003 0.002 0.100 0.920 0.010 0.123 0.853 0.030 0.961 0.999 1.000 1.000 0.000 0.000 0.000 0.000 0.000 0.000 0.000 1.000 1.000 0.000 1.000 0.997 0.007 0.000 0.000
0.000 0.000 0.000 0.000 0.000 0.021 0.000 0.000 0.000 0.000 0.000 0.000 0.000 0.000 0.000 0.083 0.047 0.646 1.000 0.000 0.000 0.000 0.000 0.000 0.000 0.000 0.000 1.000 1.000 0.000 1.000 1.000 0.030 0.000
0.751 0.958 0.372 0.004 0.000 0.001 0.000 0.441 0.000 0.000 0.000 0.002 0.000 0.000 0.000 0.000 0.060 0.000 1.000 0.000 0.000 0.000 0.000 0.000 0.000 0.000 0.000 1.000 0.997 1.000 0.000 1.000 0.993 0.176
0.450 0.972 1.000 0.001 0.000 1.000 0.221 0.003 0.000 0.000 0.000 0.000 0.000 0.000 0.000 0.000 0.000 0.000 1.000 0.127 0.079 0.000 0.000 0.000 0.000 0.000 0.000 1.000 0.007 1.000 1.000 0.000 0.988 0.960
0.429 0.618 0.980 0.020 0.000 0.185 0.000 0.000 0.000 0.000 0.000 0.001 0.001 0.000 0.000 0.000 0.000 0.000 0.000 0.000 0.000 0.000 0.000 0.000 0.000 0.000 0.000 0.756 0.000 0.030 0.993 0.988 0.000 0.999
0.551 0.471 0.962 0.455 0.003 0.106 0.000 0.000 0.000 0.000 0.000 0.018 0.021 0.002 0.000 0.000 0.000 0.000 0.000 0.000 0.038 0.000 0.001 0.002 0.000 0.000 0.000 0.008 0.000 0.000 0.176 0.960 0.999 0.000
