0.000 0.995 0.951 0.182 0.003 0.003 0.005 0.030 0.000 0.000 0.000 0.001 0.000 0.000 0.000 0.000 0.000 0.000 0.028 0.000 0.000 0.000 0.000 0.000 0.000 0.000 0.000 0.000 0.000 0.000 0.435 0.413 0.624 0.451
0.995 0.000 0.994 0.952 0.005 0.805 0.125 0.085 0.000 0.000 0.000 0.000 0.000 0.000 0.000 0.000 0.000 0.000 0.360 0.001 0.001 0.001 0.000 0.000 0.000 0.000 0.000 0.000 0.000 0.000 0.609 0.790 0.712 0.157
0.951 0.994 0.000 1.000 0.896 0.982 0.027 0.011 0.000 0.000 0.000 0.001 0.000 0.000 0.000 0.000 0.000 0.000 0.105 0.000 0.426 0.009 0.002 0.003 0.000 0.000 0.000 0.002 0.000 0.000 0.222 0.973 0.978 0.112
0.182 0.952 1.000 0.000 0.977 0.994 0.000 0.000 0.000 0.000 0.000 0.000 0.000 0.000 0.000 0.000 0.000 0.000 0.000 0.000 0.839 0.128 0.731 0.038 0.000 0.000 0.000 0.000 0.000 0.000 0.014 0.022 0.109 0.016
0.003 0.005 0.896 0.977 0.000 0.989 0.874 0.000 0.000 0.000 0.000 0.000 0.000 0.000 0.000 0.000 0.000 0.000 0.000 0.878 0.998 0.972 0.953 0.200 0.000 0.000 0.000 0.000 0.000 0.000 0.001 0.000 0.000 0.000
0.003 0.805 0.982 0.994 0.989 0.000 0.965 0.789 0.000 0.000 0.000 0.000 0.000 0.000 0.000 0.000 0.000 0.033 0.940 0.973 0.995 0.859 0.158 0.628 0.000 0.947 0.967 0.992 0.000 0.013 0.018 0.981 0.136 0.000
0.005 0.125 0.027 0.000 0.874 0.965 0.000 0.971 0.998 0.000 0.000 0.000 0.000 0.000 0.000 0.000 0.000 0.885 0.994 1.000 0.905 0.743 0.000 0.000 0.000 0.000 0.000 0.000 0.000 0.000 0.002 0.168 0.000 0.000
0.030 0.085 0.011 0.000 0.000 0.789 0.971 0.000 0.993 0.965 0.000 0.000 0.000 0.000 0.000 0.000 0.995 0.993 0.999 0.917 0.000 0.000 0.000 0.000 0.000 0.000 0.000 0.000 0.001 0.000 0.356 0.008 0.000 0.000
0.000 0.000 0.000 0.000 0.000 0.000 0.998 0.993 0.000 1.000 0.975 0.076 0.000 0.000 0.000 0.958 0.979 1.000 0.993 0.975 0.002 0.529 0.000 0.000 0.007 0.000 0.051 0.000 0.001 0.000 0.000 0.000 0.000 0.000
0.000 0.000 0.000 0.000 0.000 0.000 0.000 0.965 1.000 0.000 1.000 0.984 0.020 0.060 0.965 0.999 0.998 1.000 0.000 0.000 0.000 0.000 0.000 0.000 0.000 0.000 0.000 0.000 0.082 0.000 0.000 0.000 0.000 0.000
0.000 0.000 0.000 0.000 0.000 0.000 0.000 0.000 0.975 1.000 0.000 0.989 0.977 0.983 0.982 0.994 0.982 0.994 0.000 0.000 0.000 0.000 0.000 0.000 0.000 0.000 0.000 0.000 0.961 0.000 0.000 0.000 0.000 0.000
0.001 0.000 0.001 0.000 0.000 0.000 0.000 0.000 0.076 0.984 0.989 0.000 0.997 0.967 0.945 0.226 0.000 0.558 0.000 0.000 0.000 0.000 0.002 0.000 0.000 0.000 0.000 0.000 0.021 0.000 0.000 0.000 0.000 0.000
0.000 0.000 0.000 0.000 0.000 0.000 0.000 0.000 0.000 0.020 0.977 0.997 0.000 0.992 0.967 0.061 0.000 0.000 0.000 0.000 0.000 0.000 0.000 0.000 0.000 0.000 0.000 0.000 0.100 0.000 0.000 0.000 0.000 0.000
0.000 0.000 0.000 0.000 0.000 0.000 0.000 0.000 0.000 0.060 0.983 0.967 0.992 0.000 0.998 0.999 0.001 0.012 0.000 0.000 0.000 0.000 0.000 0.000 0.000 0.000 0.000 0.000 0.788 0.000 0.000 0.000 0.000 0.000
0.000 0.000 0.000 0.000 0.000 0.000 0.000 0.000 0.000 0.965 0.982 0.945 0.967 0.998 0.000 0.996 0.957 0.000 0.000 0.000 0.000 0.000 0.000 0.000 0.000 0.000 0.000 0.000 0.018 0.000 0.000 0.000 0.000 0.000
0.000 0.000 0.000 0.000 0.000 0.000 0.000 0.000 0.958 0.999 0.994 0.226 0.061 0.999 0.996 0.000 0.999 0.980 0.000 0.000 0.000 0.000 0.000 0.000 0.000 0.000 0.000 0.000 0.984 0.039 0.000 0.000 0.000 0.000
0.000 0.000 0.000 0.000 0.000 0.000 0.000 0.995 0.979 0.998 0.982 0.000 0.000 0.001 0.957 0.999 0.000 0.997 0.978 0.000 0.000 0.000 0.000 0.000 0.000 0.000 0.000 0.125 0.998 0.081 0.039 0.000 0.000 0.000
0.000 0.000 0.000 0.000 0.000 0.033 0.885 0.993 1.000 1.000 0.994 0.558 0.000 0.012 0.000 0.980 0.997 0.000 0.996 0.956 0.002 0.000 0.000 0.000 0.000 0.054 0.943 0.970 0.999 0.579 0.000 0.000 0.000 0.000
0.028 0.360 0.105 0.000 0.000 0.940 0.994 0.999 0.993 0.000 0.000 0.000 0.000 0.000 0.000 0.000 0.978 0.996 0.000 0.992 0.823 0.000 0.000 0.000 0.000 0.793 0.972 1.000 0.991 0.990 0.974 0.952 0.000 0.000
0.000 0.001 0.000 0.000 0.878 0.973 1.000 0.917 0.975 0.000 0.000 0.000 0.000 0.000 0.000 0.000 0.000 0.956 0.992 0.000 0.988 0.992 0.010 0.000 0.959 0.979 1.000 0.968 0.000 0.000 0.000 0.061 0.000 0.000
0.000 0.001 0.426 0.839 0.998 0.995 0.905 0.000 0.002 0.000 0.000 0.000 0.000 0.000 0.000 0.000 0.000 0.002 0.823 0.988 0.000 1.000 0.999 0.986 0.972 0.999 0.975 0.043 0.000 0.000 0.000 0.060 0.001 0.000
0.000 0.001 0.009 0.128 0.972 0.859 0.743 0.000 0.529 0.000 0.000 0.000 0.000 0.000 0.000 0.000 0.000 0.000 0.000 0.992 1.000 0.000 0.998 0.972 0.986 0.468 0.000 0.000 0.000 0.000 0.000 0.000 0.000 0.000
0.000 0.000 0.002 0.731 0.953 0.158 0.000 0.000 0.000 0.000 0.000 0.002 0.000 0.000 0.000 0.000 0.000 0.000 0.000 0.010 0.999 0.998 0.000 1.000 0.973 0.189 0.000 0.000 0.000 0.000 0.000 0.000 0.000 0.000
0.000 0.000 0.003 0.038 0.200 0.628 0.000 0.000 0.000 0.000 0.000 0.000 0.000 0.000 0.000 0.000 0.000 0.000 0.000 0.000 0.986 0.972 1.000 0.000 0.992 0.996 0.001 0.002 0.000 0.000 0.000 0.000 0.000 0.000
0.000 0.000 0.000 0.000 0.000 0.000 0.000 0.000 0.007 0.000 0.000 0.000 0.000 0.000 0.000 0.000 0.000 0.000 0.000 0.959 0.972 0.986 0.973 0.992 0.000 0.988 0.928 0.000 0.000 0.000 0.000 0.000 0.000 0.000
0.000 0.000 0.000 0.000 0.000 0.947 0.000 0.000 0.000 0.000 0.000 0.000 0.000 0.000 0.000 0.000 0.000 0.054 0.793 0.979 0.999 0.468 0.189 0.996 0.988 0.000 0.990 0.855 0.000 0.000 0.000 0.000 0.000 0.000
0.000 0.000 0.000 0.000 0.000 0.967 0.000 0.000 0.051 0.000 0.000 0.000 0.000 0.000 0.000 0.000 0.000 0.943 0.972 1.000 0.975 0.000 0.000 0.001 0.928 0.990 0.000 0.983 0.771 0.000 0.000 0.000 0.000 0.000
0.000 0.000 0.002 0.000 0.000 0.992 0.000 0.000 0.000 0.000 0.000 0.000 0.000 0.000 0.000 0.000 0.125 0.970 1.000 0.968 0.043 0.000 0.000 0.002 0.000 0.855 0.983 0.000 0.978 0.990 0.894 0.994 0.735 0.131
0.000 0.000 0.000 0.000 0.000 0.000 0.000 0.001 0.001 0.082 0.961 0.021 0.100 0.788 0.018 0.984 0.998 0.999 0.991 0.000 0.000 0.000 0.000 0.000 0.000 0.000 0.771 0.978 0.000 0.982 0.821 0.005 0.000 0.000
0.000 0.000 0.000 0.000 0.000 0.013 0.000 0.000 0.000 0.000 0.000 0.000 0.000 0.000 0.000 0.039 0.081 0.579 0.990 0.000 0.000 0.000 0.000 0.000 0.000 0.000 0.000 0.990 0.982 0.000 0.991 0.941 0.063 0.200
0.435 0.609 0.222 0.014 0.001 0.018 0.002 0.356 0.000 0.000 0.000 0.000 0.000 0.000 0.000 0.000 0.039 0.000 0.974 0.000 0.000 0.000 0.000 0.000 0.000 0.000 0.000 0.894 0.821 0.991 0.000 0.991 0.924 0.970
0.413 0.790 0.973 0.022 0.000 0.981 0.168 0.008 0.000 0.000 0.000 0.000 0.000 0.000 0.000 0.000 0.000 0.000 0.952 0.061 0.060 0.000 0.000 0.000 0.000 0.000 0.000 0.994 0.005 0.941 0.991 0.000 0.997 0.977
0.624 0.712 0.978 0.109 0.000 0.136 0.000 0.000 0.000 0.000 0.000 0.000 0.000 0.000 0.000 0.000 0.000 0.000 0.000 0.000 0.001 0.000 0.000 0.000 0.000 0.000 0.000 0.735 0.000 0.063 0.924 0.997 0.000 0.972
0.451 0.157 0.112 0.016 0.000 0.000 0.000 0.000 0.000 0.000 0.000 0.000 0.000 0.000 0.000 0.000 0.000 0.000 0.000 0.000 0.000 0.000 0.000 0.000 0.000 0.000 0.000 0.131 0.000 0.200 0.970 0.977 0.972 0.000
