0.000 0.992 0.930 0.157 0.005 0.004 0.000 0.006 0.000 0.000 0.000 0.011 0.006 0.001 0.000 0.000 0.000 0.000 0.000 0.000 0.000 0.000 0.000 0.000 0.000 0.000 0.000 0.000 0.000 0.000 0.660 0.146 0.165 0.342
0.992 0.000 0.996 0.843 0.004 0.977 0.983 0.993 0.000 0.000 0.000 0.000 0.000 0.000 0.000 0.000 0.000 0.000 1.000 0.224 0.000 0.003 0.000 0.000 0.000 0.000 0.000 0.000 0.000 0.000 0.984 0.983 0.258 0.288
0.930 0.996 0.000 0.971 0.879 0.996 0.001 0.000 0.000 0.000 0.000 0.017 0.000 0.000 0.000 0.000 0.000 0.000 0.007 0.000 0.175 0.003 0.000 0.000 0.000 0.000 0.000 0.000 0.000 0.000 0.577 0.985 0.985 0.960
0.157 0.843 0.971 0.000 0.997 0.968 0.000 0.000 0.000 0.000 0.000 0.013 0.007 0.000 0.000 0.000 0.000 0.000 0.000 0.000 0.776 0.076 0.708 0.008 0.000 0.000 0.000 0.000 0.000 0.000 0.000 0.000 0.016 0.423
0.005 0.004 0.879 0.997 0.000 0.967 0.869 0.000 0.000 0.000 0.000 0.000 0.000 0.000 0.000 0.000 0.000 0.000 0.000 0.848 0.970 0.991 0.977 0.179 0.000 0.000 0.000 0.000 0.000 0.000 0.000 0.000 0.000 0.000
0.004 0.977 0.996 0.968 0.967 0.000 0.996 0.907 0.000 0.000 0.000 0.000 0.000 0.000 0.000 0.000 0.000 0.012 0.985 0.991 0.995 0.954 0.163 0.461 0.000 0.903 0.946 0.989 0.000 0.025 0.001 0.990 0.231 0.032
0.000 0.983 0.001 0.000 0.869 0.996 0.000 0.993 0.998 0.000 0.000 0.000 0.000 0.000 0.000 0.000 0.000 0.948 0.989 0.990 0.913 0.958 0.000 0.000 0.000 0.000 0.000 0.000 0.000 0.000 0.000 0.273 0.000 0.000
0.006 0.993 0.000 0.000 0.000 0.907 0.993 0.000 0.999 0.964 0.000 0.000 0.000 0.000 0.000 0.000 1.000 0.986 0.996 0.938 0.000 0.000 0.000 0.000 0.000 0.000 0.000 0.000 0.002 0.000 0.322 0.002 0.000 0.000
0.000 0.000 0.000 0.000 0.000 0.000 0.998 0.999 0.000 0.997 0.933 0.043 0.000 0.000 0.000 0.934 0.989 0.999 0.968 0.997 0.000 0.836 0.000 0.000 0.014 0.000 0.154 0.000 0.000 0.000 0.000 0.000 0.000 0.000
0.000 0.000 0.000 0.000 0.000 0.000 0.000 0.964 0.997 0.000 0.998 0.927 0.023 0.083 0.977 0.995 0.990 0.990 0.000 0.000 0.000 0.000 0.000 0.000 0.000 0.000 0.000 0.000 0.071 0.000 0.000 0.000 0.000 0.000
0.000 0.000 0.000 0.000 0.000 0.000 0.000 0.000 0.933 0.998 0.000 0.974 0.930 0.995 0.994 0.995 0.945 0.975 0.000 0.000 0.000 0.000 0.000 0.000 0.000 0.000 0.000 0.000 0.733 0.000 0.000 0.000 0.000 0.000
0.011 0.000 0.017 0.013 0.000 0.000 0.000 0.000 0.043 0.927 0.974 0.000 0.991 0.973 0.943 0.208 0.001 0.388 0.000 0.000 0.000 0.000 0.000 0.000 0.000 0.000 0.000 0.000 0.005 0.000 0.002 0.000 0.072 0.246
0.006 0.000 0.000 0.007 0.000 0.000 0.000 0.000 0.000 0.023 0.930 0.991 0.000 0.978 0.890 0.044 0.000 0.000 0.000 0.000 0.000 0.000 0.001 0.000 0.000 0.000 0.000 0.000 0.048 0.000 0.000 0.000 0.001 0.025
0.001 0.000 0.000 0.000 0.000 0.000 0.000 0.000 0.000 0.083 0.995 0.973 0.978 0.000 0.993 0.957 0.021 0.044 0.000 0.000 0.000 0.000 0.000 0.000 0.000 0.000 0.000 0.000 0.479 0.000 0.000 0.000 0.000 0.001
0.000 0.000 0.000 0.000 0.000 0.000 0.000 0.000 0.000 0.977 0.994 0.943 0.890 0.993 0.000 0.995 0.940 0.000 0.000 0.000 0.000 0.000 0.000 0.000 0.000 0.000 0.000 0.000 0.004 0.000 0.000 0.000 0.000 0.000
0.000 0.000 0.000 0.000 0.000 0.000 0.000 0.000 0.934 0.995 0.995 0.208 0.044 0.957 0.995 0.000 0.994 0.958 0.000 0.000 0.000 0.000 0.000 0.000 0.000 0.000 0.000 0.000 0.758 0.000 0.000 0.000 0.000 0.000
0.000 0.000 0.000 0.000 0.000 0.000 0.000 1.000 0.989 0.990 0.945 0.001 0.000 0.021 0.940 0.994 0.000 0.989 0.992 0.000 0.000 0.000 0.000 0.000 0.000 0.000 0.000 0.041 0.983 0.020 0.055 0.000 0.000 0.000
0.000 0.000 0.000 0.000 0.000 0.012 0.948 0.986 0.999 0.990 0.975 0.388 0.000 0.044 0.000 0.958 0.989 0.000 1.000 0.997 0.000 0.000 0.000 0.000 0.000 0.024 0.972 0.995 1.000 0.410 0.000 0.000 0.000 0.000
0.000 1.000 0.007 0.000 0.000 0.985 0.989 0.996 0.968 0.000 0.000 0.000 0.000 0.000 0.000 0.000 0.992 1.000 0.000 0.991 0.851 0.000 0.000 0.000 0.000 0.819 0.953 0.999 0.998 0.987 0.989 0.997 0.000 0.000
0.000 0.224 0.000 0.000 0.848 0.991 0.990 0.938 0.997 0.000 0.000 0.000 0.000 0.000 0.000 0.000 0.000 0.997 0.991 0.000 0.994 0.994 0.017 0.000 0.982 0.982 0.999 0.975 0.000 0.000 0.000 0.189 0.000 0.000
0.000 0.000 0.175 0.776 0.970 0.995 0.913 0.000 0.000 0.000 0.000 0.000 0.000 0.000 0.000 0.000 0.000 0.000 0.851 0.994 0.000 0.994 0.994 0.989 0.978 0.996 0.944 0.115 0.000 0.000 0.000 0.067 0.000 0.000
0.000 0.003 0.003 0.076 0.991 0.954 0.958 0.000 0.836 0.000 0.000 0.000 0.000 0.000 0.000 0.000 0.000 0.000 0.000 0.994 0.994 0.000 0.990 0.961 0.976 0.303 0.000 0.000 0.000 0.000 0.000 0.000 0.000 0.000
0.000 0.000 0.000 0.708 0.977 0.163 0.000 0.000 0.000 0.000 0.000 0.000 0.001 0.000 0.000 0.000 0.000 0.000 0.000 0.017 0.994 0.990 0.000 0.995 0.970 0.175 0.000 0.000 0.000 0.000 0.000 0.000 0.000 0.000
0.000 0.000 0.000 0.008 0.179 0.461 0.000 0.000 0.000 0.000 0.000 0.000 0.000 0.000 0.000 0.000 0.000 0.000 0.000 0.000 0.989 0.961 0.995 0.000 0.994 0.991 0.003 0.000 0.000 0.000 0.000 0.000 0.000 0.000
0.000 0.000 0.000 0.000 0.000 0.000 0.000 0.000 0.014 0.000 0.000 0.000 0.000 0.000 0.000 0.000 0.000 0.000 0.000 0.982 0.978 0.976 0.970 0.994 0.000 0.990 0.883 0.000 0.000 0.000 0.000 0.000 0.000 0.000
0.000 0.000 0.000 0.000 0.000 0.903 0.000 0.000 0.000 0.000 0.000 0.000 0.000 0.000 0.000 0.000 0.000 0.024 0.819 0.982 0.996 0.303 0.175 0.991 0.990 0.000 0.983 0.861 0.001 0.000 0.000 0.000 0.000 0.000
0.000 0.000 0.000 0.000 0.000 0.946 0.000 0.000 0.154 0.000 0.000 0.000 0.000 0.000 0.000 0.000 0.000 0.972 0.953 0.999 0.944 0.000 0.000 0.003 0.883 0.983 0.000 0.979 0.919 0.000 0.000 0.000 0.000 0.000
0.000 0.000 0.000 0.000 0.000 0.989 0.000 0.000 0.000 0.000 0.000 0.000 0.000 0.000 0.000 0.000 0.041 0.995 0.999 0.975 0.115 0.000 0.000 0.000 0.000 0.861 0.979 0.000 1.000 0.988 0.957 0.998 0.789 0.000
0.000 0.000 0.000 0.000 0.000 0.000 0.000 0.002 0.000 0.071 0.733 0.005 0.048 0.479 0.004 0.758 0.983 1.000 0.998 0.000 0.000 0.000 0.000 0.000 0.000 0.001 0.919 1.000 0.000 0.998 0.963 0.011 0.000 0.000
0.000 0.000 0.000 0.000 0.000 0.025 0.000 0.000 0.000 0.000 0.000 0.000 0.000 0.000 0.000 0.000 0.020 0.410 0.987 0.000 0.000 0.000 0.000 0.000 0.000 0.000 0.000 0.988 0.998 0.000 0.995 0.998 0.064 0.008
0.660 0.984 0.577 0.000 0.000 0.001 0.000 0.322 0.000 0.000 0.000 0.002 0.000 0.000 0.000 0.000 0.055 0.000 0.989 0.000 0.000 0.000 0.000 0.000 0.000 0.000 0.000 0.957 0.963 0.995 0.000 0.997 0.964 0.399
0.146 0.983 0.985 0.000 0.000 0.990 0.273 0.002 0.000 0.000 0.000 0.000 0.000 0.000 0.000 0.000 0.000 0.000 0.997 0.189 0.067 0.000 0.000 0.000 0.000 0.000 0.000 0.998 0.011 0.998 0.997 0.000 0.993 0.918
0.165 0.258 0.985 0.016 0.000 0.231 0.000 0.000 0.000 0.000 0.000 0.072 0.001 0.000 0.000 0.000 0.000 0.000 0.000 0.000 0.000 0.000 0.000 0.000 0.000 0.000 0.000 0.789 0.000 0.064 0.964 0.993 0.000 0.990
0.342 0.288 0.960 0.423 0.000 0.032 0.000 0.000 0.000 0.000 0.000 0.246 0.025 0.001 0.000 0.000 0.000 0.000 0.000 0.000 0.000 0.000 0.000 0.000 0.000 0.000 0.000 0.000 0.000 0.008 0.399 0.918 0.990 0.000
