0.000 0.996 0.920 0.223 0.010 0.007 0.001 0.005 0.000 0.000 0.000 0.000 0.000 0.000 0.000 0.000 0.000 0.000 0.001 0.000 0.000 0.000 0.000 0.000 0.000 0.000 0.000 0.000 0.000 0.000 0.550 0.163 0.195 0.350
0.996 0.000 0.992 0.904 0.005 0.956 0.896 0.970 0.000 0.000 0.000 0.000 0.000 0.000 0.000 0.000 0.000 0.000 0.989 0.135 0.000 0.000 0.000 0.000 0.000 0.000 0.000 0.000 0.000 0.000 0.946 0.969 0.309 0.287
0.920 0.992 0.000 0.992 0.894 0.983 0.000 0.000 0.000 0.000 0.000 0.000 0.000 0.000 0.000 0.000 0.000 0.000 0.006 0.000 0.206 0.001 0.001 0.000 0.000 0.000 0.000 0.000 0.000 0.000 0.366 0.971 0.935 0.888
0.223 0.904 0.992 0.000 0.981 0.947 0.000 0.000 0.000 0.000 0.000 0.000 0.000 0.000 0.000 0.000 0.000 0.000 0.000 0.000 0.730 0.052 0.690 0.010 0.000 0.000 0.000 0.000 0.000 0.000 0.000 0.000 0.013 0.472
0.010 0.005 0.894 0.981 0.000 0.992 0.910 0.000 0.000 0.000 0.000 0.000 0.000 0.000 0.000 0.000 0.000 0.000 0.000 0.948 0.966 0.988 0.973 0.154 0.000 0.000 0.000 0.000 0.000 0.000 0.000 0.000 0.000 0.000
0.007 0.956 0.983 0.947 0.992 0.000 0.996 0.908 0.000 0.000 0.000 0.000 0.000 0.000 0.000 0.000 0.000 0.005 0.981 0.993 0.999 0.934 0.162 0.548 0.000 0.929 0.933 0.982 0.000 0.031 0.009 0.979 0.203 0.179
0.001 0.896 0.000 0.000 0.910 0.996 0.000 0.984 0.999 0.000 0.000 0.000 0.000 0.000 0.000 0.000 0.000 0.893 0.969 0.974 0.872 0.933 0.000 0.000 0.000 0.000 0.000 0.000 0.000 0.000 0.000 0.260 0.000 0.000
0.005 0.970 0.000 0.000 0.000 0.908 0.984 0.000 0.986 0.960 0.000 0.001 0.000 0.000 0.000 0.000 0.996 0.957 0.989 0.820 0.000 0.000 0.000 0.000 0.000 0.000 0.000 0.000 0.001 0.000 0.382 0.004 0.000 0.000
0.000 0.000 0.000 0.000 0.000 0.000 0.999 0.986 0.000 0.999 0.946 0.076 0.000 0.000 0.000 0.886 0.937 0.992 0.959 0.997 0.001 0.848 0.000 0.000 0.018 0.000 0.243 0.000 0.001 0.000 0.000 0.000 0.000 0.000
0.000 0.000 0.000 0.000 0.000 0.000 0.000 0.960 0.999 0.000 0.992 0.965 0.016 0.039 0.956 0.946 0.976 0.973 0.000 0.000 0.000 0.000 0.000 0.000 0.000 0.000 0.000 0.000 0.171 0.000 0.000 0.000 0.000 0.000
0.000 0.000 0.000 0.000 0.000 0.000 0.000 0.000 0.946 0.992 0.000 0.991 0.970 0.982 0.966 0.974 0.880 0.994 0.000 0.000 0.000 0.000 0.000 0.000 0.000 0.000 0.001 0.000 0.915 0.000 0.000 0.000 0.000 0.000
0.000 0.000 0.000 0.000 0.000 0.000 0.000 0.001 0.076 0.965 0.991 0.000 0.977 0.928 0.931 0.137 0.000 0.295 0.000 0.003 0.000 0.000 0.000 0.000 0.000 0.000 0.000 0.000 0.036 0.000 0.000 0.000 0.000 0.000
0.000 0.000 0.000 0.000 0.000 0.000 0.000 0.000 0.000 0.016 0.970 0.977 0.000 0.995 0.907 0.053 0.000 0.008 0.000 0.000 0.000 0.000 0.000 0.000 0.000 0.000 0.000 0.000 0.179 0.000 0.000 0.000 0.000 0.000
0.000 0.000 0.000 0.000 0.000 0.000 0.000 0.000 0.000 0.039 0.982 0.928 0.995 0.000 0.979 0.991 0.000 0.057 0.000 0.000 0.000 0.000 0.000 0.000 0.000 0.000 0.000 0.000 0.812 0.000 0.000 0.000 0.000 0.000
0.000 0.000 0.000 0.000 0.000 0.000 0.000 0.000 0.000 0.956 0.966 0.931 0.907 0.979 0.000 0.989 0.942 0.000 0.000 0.000 0.000 0.000 0.000 0.000 0.000 0.000 0.000 0.000 0.015 0.000 0.000 0.000 0.000 0.000
0.000 0.000 0.000 0.000 0.000 0.000 0.000 0.000 0.886 0.946 0.974 0.137 0.053 0.991 0.989 0.000 0.993 0.979 0.000 0.000 0.000 0.000 0.000 0.000 0.000 0.000 0.000 0.000 0.986 0.028 0.000 0.000 0.000 0.000
0.000 0.000 0.000 0.000 0.000 0.000 0.000 0.996 0.937 0.976 0.880 0.000 0.000 0.000 0.942 0.993 0.000 0.983 0.999 0.000 0.000 0.000 0.000 0.000 0.000 0.000 0.000 0.210 0.960 0.073 0.048 0.000 0.000 0.000
0.000 0.000 0.000 0.000 0.000 0.005 0.893 0.957 0.992 0.973 0.994 0.295 0.008 0.057 0.000 0.979 0.983 0.000 1.000 0.970 0.000 0.000 0.000 0.000 0.000 0.011 0.978 0.988 0.988 0.435 0.000 0.000 0.000 0.000
0.001 0.989 0.006 0.000 0.000 0.981 0.969 0.989 0.959 0.000 0.000 0.000 0.000 0.000 0.000 0.000 0.999 1.000 0.000 0.988 0.939 0.000 0.000 0.000 0.000 0.910 0.947 0.983 0.964 0.965 0.997 0.999 0.000 0.000
0.000 0.135 0.000 0.000 0.948 0.993 0.974 0.820 0.997 0.000 0.000 0.003 0.000 0.000 0.000 0.000 0.000 0.970 0.988 0.000 1.000 0.997 0.017 0.001 0.994 0.978 0.981 0.935 0.000 0.000 0.000 0.139 0.000 0.000
0.000 0.000 0.206 0.730 0.966 0.999 0.872 0.000 0.001 0.000 0.000 0.000 0.000 0.000 0.000 0.000 0.000 0.000 0.939 1.000 0.000 0.987 0.966 0.999 0.988 0.990 0.956 0.083 0.000 0.000 0.000 0.070 0.000 0.081
0.000 0.000 0.001 0.052 0.988 0.934 0.933 0.000 0.848 0.000 0.000 0.000 0.000 0.000 0.000 0.000 0.000 0.000 0.000 0.997 0.987 0.000 0.999 0.944 0.963 0.306 0.000 0.000 0.000 0.000 0.000 0.000 0.000 0.000
0.000 0.000 0.001 0.690 0.973 0.162 0.000 0.000 0.000 0.000 0.000 0.000 0.000 0.000 0.000 0.000 0.000 0.000 0.000 0.017 0.966 0.999 0.000 0.992 0.984 0.174 0.000 0.000 0.000 0.000 0.000 0.000 0.000 0.001
0.000 0.000 0.000 0.010 0.154 0.548 0.000 0.000 0.000 0.000 0.000 0.000 0.000 0.000 0.000 0.000 0.000 0.000 0.000 0.001 0.999 0.944 0.992 0.000 0.996 0.998 0.006 0.000 0.000 0.000 0.000 0.000 0.000 0.007
0.000 0.000 0.000 0.000 0.000 0.000 0.000 0.000 0.018 0.000 0.000 0.000 0.000 0.000 0.000 0.000 0.000 0.000 0.000 0.994 0.988 0.963 0.984 0.996 0.000 0.991 0.967 0.000 0.000 0.000 0.000 0.000 0.000 0.000
0.000 0.000 0.000 0.000 0.000 0.929 0.000 0.000 0.000 0.000 0.000 0.000 0.000 0.000 0.000 0.000 0.000 0.011 0.910 0.978 0.990 0.306 0.174 0.998 0.991 0.000 0.992 0.948 0.000 0.000 0.000 0.000 0.000 0.000
0.000 0.000 0.000 0.000 0.000 0.933 0.000 0.000 0.243 0.000 0.001 0.000 0.000 0.000 0.000 0.000 0.000 0.978 0.947 0.981 0.956 0.000 0.000 0.006 0.967 0.992 0.000 0.994 0.875 0.000 0.000 0.000 0.000 0.000
0.000 0.000 0.000 0.000 0.000 0.982 0.000 0.000 0.000 0.000 0.000 0.000 0.000 0.000 0.000 0.000 0.210 0.988 0.983 0.935 0.083 0.000 0.000 0.000 0.000 0.948 0.994 0.000 0.982 0.971 0.858 0.967 0.685 0.034
0.000 0.000 0.000 0.000 0.000 0.000 0.000 0.001 0.001 0.171 0.915 0.036 0.179 0.812 0.015 0.986 0.960 0.988 0.964 0.000 0.000 0.000 0.000 0.000 0.000 0.000 0.875 0.982 0.000 0.997 0.916 0.006 0.000 0.000
0.000 0.000 0.000 0.000 0.000 0.031 0.000 0.000 0.000 0.000 0.000 0.000 0.000 0.000 0.000 0.028 0.073 0.435 0.965 0.000 0.000 0.000 0.000 0.000 0.000 0.000 0.000 0.971 0.997 0.000 0.989 0.957 0.039 0.000
0.550 0.946 0.366 0.000 0.000 0.009 0.000 0.382 0.000 0.000 0.000 0.000 0.000 0.000 0.000 0.000 0.048 0.000 0.997 0.000 0.000 0.000 0.000 0.000 0.000 0.000 0.000 0.858 0.916 0.989 0.000 0.980 0.973 0.173
0.163 0.969 0.971 0.000 0.000 0.979 0.260 0.004 0.000 0.000 0.000 0.000 0.000 0.000 0.000 0.000 0.000 0.000 0.999 0.139 0.070 0.000 0.000 0.000 0.000 0.000 0.000 0.967 0.006 0.957 0.980 0.000 0.988 0.885
0.195 0.309 0.935 0.013 0.000 0.203 0.000 0.000 0.000 0.000 0.000 0.000 0.000 0.000 0.000 0.000 0.000 0.000 0.000 0.000 0.000 0.000 0.000 0.000 0.000 0.000 0.000 0.685 0.000 0.039 0.973 0.988 0.000 0.966
0.350 0.287 0.888 0.472 0.000 0.179 0.000 0.000 0.000 0.000 0.000 0.000 0.000 0.000 0.000 0.000 0.000 0.000 0.000 0.000 0.081 0.000 0.001 0.007 0.000 0.000 0.000 0.034 0.000 0.000 0.173 0.885 0.966 0.000
