0.000 0.992 0.954 0.231 0.009 0.005 0.000 0.005 0.000 0.000 0.000 0.001 0.014 0.000 0.000 0.000 0.000 0.000 0.001 0.000 0.000 0.000 0.000 0.000 0.000 0.000 0.000 0.000 0.000 0.000 0.474 0.103 0.110 0.149
0.992 0.000 0.999 0.952 0.006 0.988 0.987 0.993 0.000 0.000 0.000 0.000 0.000 0.000 0.000 0.000 0.000 0.000 0.977 0.180 0.000 0.001 0.000 0.000 0.000 0.000 0.000 0.000 0.000 0.000 0.935 0.973 0.211 0.119
0.954 0.999 0.000 1.000 0.979 1.000 0.000 0.000 0.000 0.000 0.000 0.003 0.000 0.000 0.000 0.000 0.000 0.000 0.008 0.000 0.202 0.000 0.000 0.000 0.000 0.000 0.000 0.000 0.000 0.000 0.365 0.967 0.961 0.963
0.231 0.952 1.000 0.000 0.999 0.986 0.000 0.000 0.000 0.000 0.000 0.006 0.005 0.000 0.000 0.000 0.000 0.000 0.000 0.000 0.810 0.030 0.767 0.009 0.000 0.000 0.000 0.000 0.000 0.000 0.000 0.000 0.027 0.597
0.009 0.006 0.979 0.999 0.000 0.998 0.974 0.000 0.000 0.000 0.000 0.000 0.000 0.000 0.000 0.000 0.000 0.000 0.000 0.945 0.966 0.989 0.965 0.168 0.000 0.000 0.000 0.000 0.000 0.000 0.000 0.000 0.000 0.004
0.005 0.988 1.000 0.986 0.998 0.000 1.000 0.962 0.000 0.000 0.000 0.000 0.000 0.000 0.000 0.000 0.000 0.015 0.995 1.000 1.000 0.960 0.226 0.626 0.000 0.973 0.980 0.988 0.000 0.018 0.002 0.997 0.309 0.583
0.000 0.987 0.000 0.000 0.974 1.000 0.000 0.999 0.998 0.000 0.000 0.000 0.000 0.000 0.000 0.000 0.000 0.917 0.958 0.991 0.945 0.960 0.000 0.000 0.000 0.000 0.000 0.000 0.000 0.000 0.000 0.348 0.000 0.000
0.005 0.993 0.000 0.000 0.000 0.962 0.999 0.000 0.998 0.931 0.000 0.000 0.000 0.000 0.000 0.000 0.992 0.984 0.998 0.968 0.000 0.000 0.000 0.000 0.000 0.000 0.000 0.000 0.001 0.000 0.316 0.002 0.000 0.000
0.000 0.000 0.000 0.000 0.000 0.000 0.998 0.998 0.000 0.981 0.908 0.017 0.000 0.000 0.000 0.897 0.978 1.000 0.993 1.000 0.001 0.830 0.000 0.000 0.016 0.000 0.130 0.000 0.001 0.000 0.000 0.000 0.000 0.000
0.000 0.000 0.000 0.000 0.000 0.000 0.000 0.931 0.981 0.000 0.996 0.967 0.032 0.081 0.949 0.986 0.998 0.977 0.000 0.000 0.000 0.000 0.000 0.000 0.000 0.000 0.000 0.000 0.157 0.000 0.000 0.000 0.000 0.000
0.000 0.000 0.000 0.000 0.000 0.000 0.000 0.000 0.908 0.996 0.000 0.990 0.928 0.963 0.971 1.000 0.979 0.971 0.000 0.000 0.000 0.000 0.000 0.000 0.000 0.000 0.000 0.000 0.952 0.000 0.000 0.000 0.000 0.000
0.001 0.000 0.003 0.006 0.000 0.000 0.000 0.000 0.017 0.967 0.990 0.000 0.992 0.958 0.963 0.225 0.000 0.441 0.000 0.000 0.000 0.000 0.004 0.002 0.000 0.000 0.000 0.000 0.001 0.000 0.000 0.000 0.007 0.011
0.014 0.000 0.000 0.005 0.000 0.000 0.000 0.000 0.000 0.032 0.928 0.992 0.000 0.985 0.915 0.066 0.000 0.000 0.000 0.000 0.000 0.000 0.000 0.000 0.000 0.000 0.000 0.000 0.054 0.000 0.000 0.000 0.000 0.009
0.000 0.000 0.000 0.000 0.000 0.000 0.000 0.000 0.000 0.081 0.963 0.958 0.985 0.000 0.984 0.980 0.001 0.015 0.000 0.000 0.000 0.000 0.000 0.000 0.000 0.000 0.000 0.000 0.621 0.000 0.000 0.000 0.000 0.000
0.000 0.000 0.000 0.000 0.000 0.000 0.000 0.000 0.000 0.949 0.971 0.963 0.915 0.984 0.000 0.963 0.865 0.000 0.000 0.000 0.000 0.000 0.000 0.000 0.000 0.000 0.000 0.000 0.002 0.000 0.000 0.000 0.000 0.000
0.000 0.000 0.000 0.000 0.000 0.000 0.000 0.000 0.897 0.986 1.000 0.225 0.066 0.980 0.963 0.000 0.998 0.946 0.000 0.000 0.000 0.000 0.000 0.000 0.000 0.000 0.000 0.000 0.969 0.105 0.000 0.000 0.000 0.000
0.000 0.000 0.000 0.000 0.000 0.000 0.000 0.992 0.978 0.998 0.979 0.000 0.000 0.001 0.865 0.998 0.000 0.990 0.959 0.000 0.000 0.000 0.000 0.000 0.000 0.000 0.000 0.097 0.987 0.038 0.045 0.000 0.000 0.000
0.000 0.000 0.000 0.000 0.000 0.015 0.917 0.984 1.000 0.977 0.971 0.441 0.000 0.015 0.000 0.946 0.990 0.000 1.000 0.988 0.002 0.000 0.000 0.000 0.000 0.041 0.988 1.000 0.996 0.588 0.000 0.000 0.000 0.000
0.001 0.977 0.008 0.000 0.000 0.995 0.958 0.998 0.993 0.000 0.000 0.000 0.000 0.000 0.000 0.000 0.959 1.000 0.000 0.982 0.914 0.000 0.000 0.000 0.000 0.933 0.979 1.000 0.990 0.996 1.000 1.000 0.000 0.000
0.000 0.180 0.000 0.000 0.945 1.000 0.991 0.968 1.000 0.000 0.000 0.000 0.000 0.000 0.000 0.000 0.000 0.988 0.982 0.000 1.000 0.998 0.013 0.000 0.989 1.000 0.984 0.960 0.000 0.000 0.000 0.212 0.000 0.000
0.000 0.000 0.202 0.810 0.966 1.000 0.945 0.000 0.001 0.000 0.000 0.000 0.000 0.000 0.000 0.000 0.000 0.002 0.914 1.000 0.000 0.994 0.998 0.994 0.970 0.997 0.957 0.068 0.000 0.000 0.000 0.113 0.002 0.297
0.000 0.001 0.000 0.030 0.989 0.960 0.960 0.000 0.830 0.000 0.000 0.000 0.000 0.000 0.000 0.000 0.000 0.000 0.000 0.998 0.994 0.000 1.000 0.984 0.986 0.222 0.000 0.000 0.000 0.000 0.000 0.000 0.000 0.000
0.000 0.000 0.000 0.767 0.965 0.226 0.000 0.000 0.000 0.000 0.000 0.004 0.000 0.000 0.000 0.000 0.000 0.000 0.000 0.013 0.998 1.000 0.000 0.996 0.990 0.173 0.000 0.000 0.000 0.000 0.000 0.000 0.000 0.004
0.000 0.000 0.000 0.009 0.168 0.626 0.000 0.000 0.000 0.000 0.000 0.002 0.000 0.000 0.000 0.000 0.000 0.000 0.000 0.000 0.994 0.984 0.996 0.000 1.000 0.994 0.002 0.000 0.000 0.000 0.000 0.000 0.000 0.011
0.000 0.000 0.000 0.000 0.000 0.000 0.000 0.000 0.016 0.000 0.000 0.000 0.000 0.000 0.000 0.000 0.000 0.000 0.000 0.989 0.970 0.986 0.990 1.000 0.000 0.983 0.923 0.000 0.000 0.000 0.000 0.000 0.000 0.000
0.000 0.000 0.000 0.000 0.000 0.973 0.000 0.000 0.000 0.000 0.000 0.000 0.000 0.000 0.000 0.000 0.000 0.041 0.933 1.000 0.997 0.222 0.173 0.994 0.983 0.000 0.996 0.949 0.000 0.000 0.000 0.000 0.000 0.001
0.000 0.000 0.000 0.000 0.000 0.980 0.000 0.000 0.130 0.000 0.000 0.000 0.000 0.000 0.000 0.000 0.000 0.988 0.979 0.984 0.957 0.000 0.000 0.002 0.923 0.996 0.000 0.996 0.942 0.000 0.000 0.000 0.000 0.000
0.000 0.000 0.000 0.000 0.000 0.988 0.000 0.000 0.000 0.000 0.000 0.000 0.000 0.000 0.000 0.000 0.097 1.000 1.000 0.960 0.068 0.000 0.000 0.000 0.000 0.949 0.996 0.000 0.993 0.998 0.980 0.995 0.845 0.083
0.000 0.000 0.000 0.000 0.000 0.000 0.000 0.001 0.001 0.157 0.952 0.001 0.054 0.621 0.002 0.969 0.987 0.996 0.990 0.000 0.000 0.000 0.000 0.000 0.000 0.000 0.942 0.993 0.000 1.000 0.983 0.007 0.000 0.000
0.000 0.000 0.000 0.000 0.000 0.018 0.000 0.000 0.000 0.000 0.000 0.000 0.000 0.000 0.000 0.105 0.038 0.588 0.996 0.000 0.000 0.000 0.000 0.000 0.000 0.000 0.000 0.998 1.000 0.000 0.998 0.984 0.019 0.000
0.474 0.935 0.365 0.000 0.000 0.002 0.000 0.316 0.000 0.000 0.000 0.000 0.000 0.000 0.000 0.000 0.045 0.000 1.000 0.000 0.000 0.000 0.000 0.000 0.000 0.000 0.000 0.980 0.983 0.998 0.000 1.000 0.991 0.056
0.103 0.973 0.967 0.000 0.000 0.997 0.348 0.002 0.000 0.000 0.000 0.000 0.000 0.000 0.000 0.000 0.000 0.000 1.000 0.212 0.113 0.000 0.000 0.000 0.000 0.000 0.000 0.995 0.007 0.984 1.000 0.000 0.999 0.984
0.110 0.211 0.961 0.027 0.000 0.309 0.000 0.000 0.000 0.000 0.000 0.007 0.000 0.000 0.000 0.000 0.000 0.000 0.000 0.000 0.002 0.000 0.000 0.000 0.000 0.000 0.000 0.845 0.000 0.019 0.991 0.999 0.000 0.996
0.149 0.119 0.963 0.597 0.004 0.583 0.000 0.000 0.000 0.000 0.000 0.011 0.009 0.000 0.000 0.000 0.000 0.000 0.000 0.000 0.297 0.000 0.004 0.011 0.000 0.001 0.000 0.083 0.000 0.000 0.056 0.984 0.996 0.000
