0.000 0.991 0.904 0.187 0.009 0.008 0.001 0.004 0.000 0.000 0.000 0.035 0.038 0.017 0.003 0.000 0.000 0.000 0.000 0.000 0.000 0.001 0.000 0.000 0.000 0.000 0.000 0.000 0.000 0.000 0.685 0.106 0.151 0.396
0.991 0.000 0.986 0.929 0.005 0.976 0.921 0.947 0.000 0.000 0.000 0.000 0.000 0.000 0.000 0.000 0.000 0.000 0.980 0.180 0.000 0.001 0.000 0.000 0.000 0.000 0.000 0.000 0.000 0.000 0.968 0.957 0.267 0.280
0.904 0.986 0.000 0.999 0.878 0.970 0.000 0.000 0.000 0.000 0.000 0.000 0.001 0.000 0.000 0.000 0.000 0.000 0.008 0.000 0.251 0.001 0.000 0.003 0.000 0.000 0.000 0.000 0.000 0.000 0.505 0.977 0.933 0.898
0.187 0.929 0.999 0.000 0.956 0.987 0.000 0.000 0.000 0.000 0.000 0.002 0.017 0.000 0.000 0.000 0.000 0.000 0.000 0.000 0.840 0.064 0.582 0.024 0.000 0.000 0.000 0.000 0.000 0.000 0.001 0.000 0.010 0.375
0.009 0.005 0.878 0.956 0.000 0.998 0.900 0.000 0.000 0.000 0.000 0.000 0.000 0.000 0.000 0.000 0.000 0.000 0.000 0.897 0.982 0.980 0.955 0.194 0.000 0.000 0.000 0.000 0.000 0.000 0.000 0.000 0.000 0.000
0.008 0.976 0.970 0.987 0.998 0.000 0.990 0.896 0.000 0.000 0.000 0.000 0.000 0.000 0.000 0.000 0.000 0.016 0.992 0.990 1.000 0.939 0.150 0.558 0.000 0.945 0.934 1.000 0.000 0.025 0.002 0.987 0.155 0.035
0.001 0.921 0.000 0.000 0.900 0.990 0.000 1.000 0.993 0.000 0.000 0.000 0.000 0.000 0.000 0.000 0.000 0.976 0.999 0.988 0.909 0.910 0.000 0.000 0.000 0.000 0.000 0.000 0.000 0.000 0.000 0.207 0.000 0.000
0.004 0.947 0.000 0.000 0.000 0.896 1.000 0.000 0.989 0.977 0.000 0.000 0.000 0.000 0.000 0.000 0.993 0.981 0.994 0.951 0.000 0.000 0.000 0.000 0.000 0.000 0.000 0.000 0.000 0.000 0.318 0.001 0.000 0.000
0.000 0.000 0.000 0.000 0.000 0.000 0.993 0.989 0.000 0.999 0.991 0.039 0.000 0.000 0.000 0.978 0.982 1.000 0.987 0.995 0.000 0.774 0.000 0.000 0.017 0.000 0.127 0.000 0.001 0.000 0.000 0.000 0.000 0.000
0.000 0.000 0.000 0.000 0.000 0.000 0.000 0.977 0.999 0.000 0.997 0.993 0.031 0.083 0.990 0.993 0.992 0.988 0.000 0.000 0.000 0.000 0.000 0.000 0.000 0.000 0.000 0.000 0.158 0.000 0.000 0.000 0.000 0.000
0.000 0.000 0.000 0.000 0.000 0.000 0.000 0.000 0.991 0.997 0.000 0.998 0.998 0.997 0.952 0.993 0.969 1.000 0.000 0.000 0.000 0.000 0.000 0.000 0.000 0.000 0.000 0.000 0.959 0.000 0.000 0.000 0.000 0.000
0.035 0.000 0.000 0.002 0.000 0.000 0.000 0.000 0.039 0.993 0.998 0.000 0.996 0.991 0.983 0.324 0.000 0.625 0.000 0.000 0.000 0.000 0.000 0.000 0.000 0.000 0.000 0.000 0.005 0.000 0.000 0.000 0.002 0.001
0.038 0.000 0.001 0.017 0.000 0.000 0.000 0.000 0.000 0.031 0.998 0.996 0.000 0.999 0.961 0.075 0.000 0.000 0.000 0.000 0.000 0.000 0.000 0.000 0.000 0.000 0.000 0.000 0.152 0.000 0.000 0.000 0.001 0.023
0.017 0.000 0.000 0.000 0.000 0.000 0.000 0.000 0.000 0.083 0.997 0.991 0.999 0.000 0.996 0.998 0.001 0.003 0.000 0.000 0.000 0.000 0.000 0.000 0.000 0.000 0.000 0.000 0.897 0.000 0.000 0.000 0.000 0.003
0.003 0.000 0.000 0.000 0.000 0.000 0.000 0.000 0.000 0.990 0.952 0.983 0.961 0.996 0.000 0.989 0.977 0.000 0.000 0.000 0.000 0.000 0.000 0.000 0.000 0.000 0.000 0.000 0.006 0.000 0.000 0.000 0.000 0.000
0.000 0.000 0.000 0.000 0.000 0.000 0.000 0.000 0.978 0.993 0.993 0.324 0.075 0.998 0.989 0.000 0.999 0.987 0.000 0.000 0.000 0.000 0.000 0.000 0.000 0.000 0.000 0.000 0.991 0.002 0.000 0.000 0.000 0.000
0.000 0.000 0.000 0.000 0.000 0.000 0.000 0.993 0.982 0.992 0.969 0.000 0.000 0.001 0.977 0.999 0.000 0.987 0.993 0.000 0.000 0.000 0.000 0.000 0.000 0.000 0.000 0.068 0.972 0.030 0.024 0.000 0.000 0.000
0.000 0.000 0.000 0.000 0.000 0.016 0.976 0.981 1.000 0.988 1.000 0.625 0.000 0.003 0.000 0.987 0.987 0.000 1.000 1.000 0.001 0.000 0.000 0.000 0.000 0.030 0.976 0.958 0.999 0.428 0.000 0.000 0.000 0.000
0.000 0.980 0.008 0.000 0.000 0.992 0.999 0.994 0.987 0.000 0.000 0.000 0.000 0.000 0.000 0.000 0.993 1.000 0.000 1.000 0.936 0.000 0.000 0.000 0.000 0.911 0.985 0.993 0.988 0.937 0.963 0.951 0.000 0.000
0.000 0.180 0.000 0.000 0.897 0.990 0.988 0.951 0.995 0.000 0.000 0.000 0.000 0.000 0.000 0.000 0.000 1.000 1.000 0.000 0.992 0.993 0.010 0.002 0.963 0.962 0.993 0.943 0.000 0.000 0.000 0.136 0.000 0.000
0.000 0.000 0.251 0.840 0.982 1.000 0.909 0.000 0.000 0.000 0.000 0.000 0.000 0.000 0.000 0.000 0.000 0.001 0.936 0.992 0.000 0.997 0.994 0.989 0.961 0.998 0.964 0.047 0.000 0.000 0.000 0.049 0.000 0.000
0.001 0.001 0.001 0.064 0.980 0.939 0.910 0.000 0.774 0.000 0.000 0.000 0.000 0.000 0.000 0.000 0.000 0.000 0.000 0.993 0.997 0.000 0.993 0.938 0.977 0.375 0.000 0.000 0.000 0.000 0.000 0.000 0.000 0.000
0.000 0.000 0.000 0.582 0.955 0.150 0.000 0.000 0.000 0.000 0.000 0.000 0.000 0.000 0.000 0.000 0.000 0.000 0.000 0.010 0.994 0.993 0.000 0.999 0.954 0.162 0.000 0.000 0.000 0.000 0.000 0.000 0.000 0.000
0.000 0.000 0.003 0.024 0.194 0.558 0.000 0.000 0.000 0.000 0.000 0.000 0.000 0.000 0.000 0.000 0.000 0.000 0.000 0.002 0.989 0.938 0.999 0.000 0.987 0.988 0.003 0.000 0.000 0.000 0.000 0.000 0.000 0.000
0.000 0.000 0.000 0.000 0.000 0.000 0.000 0.000 0.017 0.000 0.000 0.000 0.000 0.000 0.000 0.000 0.000 0.000 0.000 0.963 0.961 0.977 0.954 0.987 0.000 0.984 0.919 0.000 0.000 0.000 0.000 0.000 0.000 0.000
0.000 0.000 0.000 0.000 0.000 0.945 0.000 0.000 0.000 0.000 0.000 0.000 0.000 0.000 0.000 0.000 0.000 0.030 0.911 0.962 0.998 0.375 0.162 0.988 0.984 0.000 0.993 0.947 0.000 0.000 0.000 0.000 0.000 0.000
0.000 0.000 0.000 0.000 0.000 0.934 0.000 0.000 0.127 0.000 0.000 0.000 0.000 0.000 0.000 0.000 0.000 0.976 0.985 0.993 0.964 0.000 0.000 0.003 0.919 0.993 0.000 0.997 0.912 0.000 0.000 0.000 0.000 0.000
0.000 0.000 0.000 0.000 0.000 1.000 0.000 0.000 0.000 0.000 0.000 0.000 0.000 0.000 0.000 0.000 0.068 0.958 0.993 0.943 0.047 0.000 0.000 0.000 0.000 0.947 0.997 0.000 0.999 0.991 0.898 0.994 0.662 0.000
0.000 0.000 0.000 0.000 0.000 0.000 0.000 0.000 0.001 0.158 0.959 0.005 0.152 0.897 0.006 0.991 0.972 0.999 0.988 0.000 0.000 0.000 0.000 0.000 0.000 0.000 0.912 0.999 0.000 0.977 0.832 0.008 0.000 0.000
0.000 0.000 0.000 0.000 0.000 0.025 0.000 0.000 0.000 0.000 0.000 0.000 0.000 0.000 0.000 0.002 0.030 0.428 0.937 0.000 0.000 0.000 0.000 0.000 0.000 0.000 0.000 0.991 0.977 0.000 0.995 0.989 0.043 0.000
0.685 0.968 0.505 0.001 0.000 0.002 0.000 0.318 0.000 0.000 0.000 0.000 0.000 0.000 0.000 0.000 0.024 0.000 0.963 0.000 0.000 0.000 0.000 0.000 0.000 0.000 0.000 0.898 0.832 0.995 0.000 0.995 0.959 0.336
0.106 0.957 0.977 0.000 0.000 0.987 0.207 0.001 0.000 0.000 0.000 0.000 0.000 0.000 0.000 0.000 0.000 0.000 0.951 0.136 0.049 0.000 0.000 0.000 0.000 0.000 0.000 0.994 0.008 0.989 0.995 0.000 0.984 0.899
0.151 0.267 0.933 0.010 0.000 0.155 0.000 0.000 0.000 0.000 0.000 0.002 0.001 0.000 0.000 0.000 0.000 0.000 0.000 0.000 0.000 0.000 0.000 0.000 0.000 0.000 0.000 0.662 0.000 0.043 0.959 0.984 0.000 0.996
0.396 0.280 0.898 0.375 0.000 0.035 0.000 0.000 0.000 0.000 0.000 0.001 0.023 0.003 0.000 0.000 0.000 0.000 0.000 0.000 0.000 0.000 0.000 0.000 0.000 0.000 0.000 0.000 0.000 0.000 0.336 0.899 0.996 0.000
