0.000 0.985 0.895 0.202 0.011 0.007 0.001 0.008 0.000 0.000 0.000 0.000 0.000 0.000 0.000 0.000 0.000 0.000 0.001 0.000 0.000 0.001 0.000 0.000 0.000 0.000 0.000 0.000 0.000 0.000 0.490 0.127 0.155 0.231
0.985 0.000 0.997 0.932 0.006 0.982 0.927 0.940 0.000 0.000 0.000 0.000 0.000 0.000 0.000 0.000 0.000 0.000 0.951 0.167 0.000 0.000 0.000 0.000 0.000 0.000 0.000 0.000 0.000 0.000 0.879 0.966 0.273 0.173
0.895 0.997 0.000 0.998 0.900 0.967 0.000 0.000 0.000 0.000 0.000 0.000 0.000 0.000 0.000 0.000 0.000 0.000 0.005 0.000 0.232 0.002 0.000 0.000 0.000 0.000 0.000 0.000 0.000 0.000 0.323 0.939 0.924 0.966
0.202 0.932 0.998 0.000 0.956 0.928 0.000 0.000 0.000 0.000 0.000 0.000 0.000 0.000 0.000 0.000 0.000 0.000 0.000 0.000 0.765 0.058 0.641 0.015 0.000 0.000 0.000 0.000 0.000 0.000 0.000 0.000 0.019 0.560
0.011 0.006 0.900 0.956 0.000 0.998 0.942 0.000 0.000 0.000 0.000 0.000 0.000 0.000 0.000 0.000 0.000 0.000 0.000 0.895 0.983 0.981 0.991 0.239 0.000 0.000 0.000 0.000 0.000 0.000 0.000 0.000 0.000 0.001
0.007 0.982 0.967 0.928 0.998 0.000 0.990 0.877 0.000 0.000 0.000 0.000 0.000 0.000 0.000 0.000 0.000 0.030 0.983 0.985 1.000 0.964 0.164 0.593 0.000 0.954 0.953 0.946 0.000 0.007 0.000 0.968 0.206 0.386
0.001 0.927 0.000 0.000 0.942 0.990 0.000 0.993 0.999 0.000 0.000 0.000 0.000 0.000 0.000 0.000 0.000 0.860 0.951 1.000 0.986 0.958 0.000 0.000 0.000 0.000 0.000 0.000 0.000 0.000 0.000 0.273 0.000 0.000
0.008 0.940 0.000 0.000 0.000 0.877 0.993 0.000 1.000 0.943 0.000 0.001 0.000 0.000 0.001 0.001 0.968 0.959 0.991 0.975 0.000 0.002 0.000 0.000 0.000 0.000 0.000 0.000 0.000 0.000 0.374 0.001 0.000 0.000
0.000 0.000 0.000 0.000 0.000 0.000 0.999 1.000 0.000 0.988 0.914 0.118 0.000 0.000 0.001 0.860 0.917 0.996 0.966 0.997 0.000 0.695 0.000 0.000 0.004 0.000 0.069 0.000 0.000 0.000 0.000 0.000 0.000 0.000
0.000 0.000 0.000 0.000 0.000 0.000 0.000 0.943 0.988 0.000 0.992 0.945 0.001 0.009 0.856 0.942 0.944 0.962 0.000 0.000 0.000 0.000 0.000 0.000 0.000 0.000 0.000 0.000 0.173 0.000 0.000 0.000 0.000 0.000
0.000 0.000 0.000 0.000 0.000 0.000 0.000 0.000 0.914 0.992 0.000 0.982 0.976 0.987 0.957 0.981 0.914 0.983 0.000 0.000 0.000 0.000 0.000 0.000 0.000 0.000 0.000 0.000 0.833 0.000 0.000 0.000 0.000 0.000
0.000 0.000 0.000 0.000 0.000 0.000 0.000 0.001 0.118 0.945 0.982 0.000 0.986 0.912 0.907 0.070 0.003 0.589 0.000 0.002 0.000 0.000 0.000 0.000 0.000 0.000 0.001 0.000 0.008 0.000 0.000 0.000 0.000 0.000
0.000 0.000 0.000 0.000 0.000 0.000 0.000 0.000 0.000 0.001 0.976 0.986 0.000 0.990 0.958 0.056 0.000 0.000 0.000 0.000 0.000 0.000 0.000 0.000 0.000 0.000 0.000 0.000 0.066 0.000 0.000 0.000 0.000 0.000
0.000 0.000 0.000 0.000 0.000 0.000 0.000 0.000 0.000 0.009 0.987 0.912 0.990 0.000 0.995 0.994 0.002 0.024 0.000 0.000 0.000 0.000 0.000 0.000 0.000 0.000 0.000 0.000 0.564 0.000 0.000 0.000 0.000 0.000
0.000 0.000 0.000 0.000 0.000 0.000 0.000 0.001 0.001 0.856 0.957 0.907 0.958 0.995 0.000 0.969 0.919 0.000 0.000 0.000 0.000 0.000 0.000 0.000 0.000 0.000 0.000 0.000 0.006 0.000 0.000 0.000 0.000 0.000
0.000 0.000 0.000 0.000 0.000 0.000 0.000 0.001 0.860 0.942 0.981 0.070 0.056 0.994 0.969 0.000 0.995 0.972 0.000 0.000 0.000 0.000 0.000 0.000 0.000 0.000 0.002 0.000 0.902 0.068 0.000 0.000 0.000 0.000
0.000 0.000 0.000 0.000 0.000 0.000 0.000 0.968 0.917 0.944 0.914 0.003 0.000 0.002 0.919 0.995 0.000 0.991 0.998 0.000 0.000 0.000 0.000 0.000 0.000 0.000 0.000 0.075 0.989 0.030 0.070 0.000 0.000 0.000
0.000 0.000 0.000 0.000 0.000 0.030 0.860 0.959 0.996 0.962 0.983 0.589 0.000 0.024 0.000 0.972 0.991 0.000 1.000 0.990 0.001 0.000 0.000 0.000 0.000 0.038 1.000 0.991 1.000 0.524 0.001 0.000 0.000 0.000
0.001 0.951 0.005 0.000 0.000 0.983 0.951 0.991 0.966 0.000 0.000 0.000 0.000 0.000 0.000 0.000 0.998 1.000 0.000 0.972 0.879 0.000 0.000 0.000 0.000 0.925 0.992 1.000 0.996 0.979 0.983 0.978 0.000 0.000
0.000 0.167 0.000 0.000 0.895 0.985 1.000 0.975 0.997 0.000 0.000 0.002 0.000 0.000 0.000 0.000 0.000 0.990 0.972 0.000 0.999 0.982 0.008 0.000 0.993 0.981 0.956 0.834 0.000 0.000 0.000 0.179 0.000 0.000
0.000 0.000 0.232 0.765 0.983 1.000 0.986 0.000 0.000 0.000 0.000 0.000 0.000 0.000 0.000 0.000 0.000 0.001 0.879 0.999 0.000 0.996 0.995 1.000 0.997 0.982 0.902 0.035 0.000 0.000 0.000 0.064 0.000 0.164
0.001 0.000 0.002 0.058 0.981 0.964 0.958 0.002 0.695 0.000 0.000 0.000 0.000 0.000 0.000 0.000 0.000 0.000 0.000 0.982 0.996 0.000 0.985 0.944 0.994 0.302 0.000 0.000 0.000 0.000 0.000 0.000 0.000 0.000
0.000 0.000 0.000 0.641 0.991 0.164 0.000 0.000 0.000 0.000 0.000 0.000 0.000 0.000 0.000 0.000 0.000 0.000 0.000 0.008 0.995 0.985 0.000 0.995 0.945 0.170 0.000 0.000 0.000 0.000 0.000 0.000 0.000 0.001
0.000 0.000 0.000 0.015 0.239 0.593 0.000 0.000 0.000 0.000 0.000 0.000 0.000 0.000 0.000 0.000 0.000 0.000 0.000 0.000 1.000 0.944 0.995 0.000 0.983 0.976 0.001 0.000 0.000 0.000 0.000 0.000 0.000 0.004
0.000 0.000 0.000 0.000 0.000 0.000 0.000 0.000 0.004 0.000 0.000 0.000 0.000 0.000 0.000 0.000 0.000 0.000 0.000 0.993 0.997 0.994 0.945 0.983 0.000 0.992 0.941 0.000 0.000 0.000 0.000 0.000 0.000 0.000
0.000 0.000 0.000 0.000 0.000 0.954 0.000 0.000 0.000 0.000 0.000 0.000 0.000 0.000 0.000 0.000 0.000 0.038 0.925 0.981 0.982 0.302 0.170 0.976 0.992 0.000 0.988 0.862 0.000 0.000 0.000 0.000 0.000 0.000
0.000 0.000 0.000 0.000 0.000 0.953 0.000 0.000 0.069 0.000 0.000 0.001 0.000 0.000 0.000 0.002 0.000 1.000 0.992 0.956 0.902 0.000 0.000 0.001 0.941 0.988 0.000 0.980 0.869 0.000 0.000 0.000 0.000 0.000
0.000 0.000 0.000 0.000 0.000 0.946 0.000 0.000 0.000 0.000 0.000 0.000 0.000 0.000 0.000 0.000 0.075 0.991 1.000 0.834 0.035 0.000 0.000 0.000 0.000 0.862 0.980 0.000 0.999 0.993 0.973 0.981 0.702 0.039
0.000 0.000 0.000 0.000 0.000 0.000 0.000 0.000 0.000 0.173 0.833 0.008 0.066 0.564 0.006 0.902 0.989 1.000 0.996 0.000 0.000 0.000 0.000 0.000 0.000 0.000 0.869 0.999 0.000 0.994 0.957 0.010 0.000 0.000
0.000 0.000 0.000 0.000 0.000 0.007 0.000 0.000 0.000 0.000 0.000 0.000 0.000 0.000 0.000 0.068 0.030 0.524 0.979 0.000 0.000 0.000 0.000 0.000 0.000 0.000 0.000 0.993 0.994 0.000 0.998 0.952 0.041 0.000
0.490 0.879 0.323 0.000 0.000 0.000 0.000 0.374 0.000 0.000 0.000 0.000 0.000 0.000 0.000 0.000 0.070 0.001 0.983 0.000 0.000 0.000 0.000 0.000 0.000 0.000 0.000 0.973 0.957 0.998 0.000 0.997 0.892 0.046
0.127 0.966 0.939 0.000 0.000 0.968 0.273 0.001 0.000 0.000 0.000 0.000 0.000 0.000 0.000 0.000 0.000 0.000 0.978 0.179 0.064 0.000 0.000 0.000 0.000 0.000 0.000 0.981 0.010 0.952 0.997 0.000 0.971 0.883
0.155 0.273 0.924 0.019 0.000 0.206 0.000 0.000 0.000 0.000 0.000 0.000 0.000 0.000 0.000 0.000 0.000 0.000 0.000 0.000 0.000 0.000 0.000 0.000 0.000 0.000 0.000 0.702 0.000 0.041 0.892 0.971 0.000 0.980
0.231 0.173 0.966 0.560 0.001 0.386 0.000 0.000 0.000 0.000 0.000 0.000 0.000 0.000 0.000 0.000 0.000 0.000 0.000 0.000 0.164 0.000 0.001 0.004 0.000 0.000 0.000 0.039 0.000 0.000 0.046 0.883 0.980 0.000
