0.000 0.995 0.960 0.261 0.007 0.006 0.000 0.008 0.000 0.000 0.000 0.000 0.000 0.000 0.000 0.000 0.000 0.000 0.002 0.000 0.000 0.000 0.000 0.000 0.000 0.000 0.000 0.000 0.000 0.000 0.627 0.174 0.188 0.413
0.995 0.000 0.994 0.960 0.006 0.991 0.992 0.989 0.000 0.000 0.000 0.000 0.000 0.000 0.000 0.000 0.000 0.000 0.996 0.198 0.000 0.000 0.000 0.000 0.000 0.000 0.000 0.000 0.000 0.000 0.964 0.982 0.300 0.290
0.960 0.994 0.000 0.991 0.961 1.000 0.000 0.000 0.000 0.000 0.000 0.000 0.000 0.000 0.000 0.000 0.000 0.000 0.005 0.000 0.226 0.000 0.000 0.000 0.000 0.000 0.000 0.000 0.000 0.000 0.437 0.989 0.975 0.943
0.261 0.960 0.991 0.000 0.996 0.989 0.000 0.000 0.000 0.000 0.000 0.000 0.000 0.000 0.000 0.000 0.000 0.000 0.000 0.000 0.873 0.003 0.616 0.007 0.000 0.000 0.000 0.000 0.000 0.000 0.000 0.000 0.012 0.472
0.007 0.006 0.961 0.996 0.000 0.987 0.954 0.000 0.000 0.000 0.000 0.000 0.000 0.000 0.000 0.000 0.000 0.000 0.000 0.946 0.997 0.995 0.983 0.143 0.000 0.000 0.000 0.000 0.000 0.000 0.000 0.000 0.000 0.000
0.006 0.991 1.000 0.989 0.987 0.000 0.999 0.937 0.000 0.000 0.000 0.000 0.000 0.000 0.000 0.000 0.000 0.017 1.000 1.000 1.000 0.964 0.180 0.606 0.000 0.974 0.975 0.996 0.000 0.050 0.005 0.999 0.246 0.055
0.000 0.992 0.000 0.000 0.954 0.999 0.000 0.991 0.996 0.000 0.000 0.000 0.000 0.000 0.000 0.000 0.000 0.960 0.995 0.994 0.968 0.977 0.000 0.000 0.000 0.000 0.000 0.000 0.000 0.000 0.000 0.282 0.000 0.000
0.008 0.989 0.000 0.000 0.000 0.937 0.991 0.000 0.998 0.959 0.000 0.000 0.000 0.000 0.000 0.000 0.986 0.992 0.992 0.947 0.000 0.000 0.000 0.000 0.000 0.000 0.000 0.000 0.000 0.000 0.442 0.002 0.000 0.000
0.000 0.000 0.000 0.000 0.000 0.000 0.996 0.998 0.000 0.993 0.942 0.000 0.000 0.000 0.000 0.924 0.985 1.000 0.973 0.998 0.000 0.856 0.000 0.000 0.029 0.000 0.148 0.000 0.002 0.000 0.000 0.000 0.000 0.000
0.000 0.000 0.000 0.000 0.000 0.000 0.000 0.959 0.993 0.000 0.999 0.987 0.023 0.051 0.958 0.990 0.993 0.959 0.000 0.000 0.000 0.000 0.000 0.000 0.000 0.000 0.000 0.000 0.074 0.000 0.000 0.000 0.000 0.000
0.000 0.000 0.000 0.000 0.000 0.000 0.000 0.000 0.942 0.999 0.000 0.996 0.931 0.969 0.987 0.997 0.984 0.984 0.000 0.000 0.000 0.000 0.000 0.000 0.000 0.000 0.000 0.000 0.920 0.000 0.000 0.000 0.000 0.000
0.000 0.000 0.000 0.000 0.000 0.000 0.000 0.000 0.000 0.987 0.996 0.000 0.991 0.981 0.986 0.304 0.000 0.534 0.000 0.000 0.000 0.000 0.000 0.000 0.000 0.000 0.000 0.000 0.009 0.000 0.000 0.000 0.000 0.000
0.000 0.000 0.000 0.000 0.000 0.000 0.000 0.000 0.000 0.023 0.931 0.991 0.000 0.999 0.952 0.061 0.000 0.000 0.000 0.000 0.000 0.000 0.000 0.000 0.000 0.000 0.000 0.000 0.111 0.000 0.000 0.000 0.000 0.000
0.000 0.000 0.000 0.000 0.000 0.000 0.000 0.000 0.000 0.051 0.969 0.981 0.999 0.000 0.990 0.986 0.001 0.034 0.000 0.000 0.000 0.000 0.000 0.000 0.000 0.000 0.000 0.000 0.785 0.000 0.000 0.000 0.000 0.000
0.000 0.000 0.000 0.000 0.000 0.000 0.000 0.000 0.000 0.958 0.987 0.986 0.952 0.990 0.000 0.995 0.965 0.000 0.000 0.000 0.000 0.000 0.000 0.000 0.000 0.000 0.000 0.000 0.008 0.000 0.000 0.000 0.000 0.000
0.000 0.000 0.000 0.000 0.000 0.000 0.000 0.000 0.924 0.990 0.997 0.304 0.061 0.986 0.995 0.000 0.999 0.971 0.000 0.000 0.000 0.000 0.000 0.000 0.000 0.000 0.000 0.000 0.977 0.054 0.000 0.000 0.000 0.000
0.000 0.000 0.000 0.000 0.000 0.000 0.000 0.986 0.985 0.993 0.984 0.000 0.000 0.001 0.965 0.999 0.000 0.990 0.978 0.000 0.000 0.000 0.000 0.000 0.000 0.000 0.000 0.091 0.961 0.029 0.060 0.000 0.000 0.000
0.000 0.000 0.000 0.000 0.000 0.017 0.960 0.992 1.000 0.959 0.984 0.534 0.000 0.034 0.000 0.971 0.990 0.000 1.000 0.991 0.001 0.000 0.000 0.000 0.000 0.043 0.989 0.978 0.998 0.513 0.000 0.000 0.000 0.000
0.002 0.996 0.005 0.000 0.000 1.000 0.995 0.992 0.973 0.000 0.000 0.000 0.000 0.000 0.000 0.000 0.978 1.000 0.000 1.000 0.988 0.000 0.000 0.000 0.000 0.982 0.987 0.995 0.964 0.984 0.998 0.996 0.000 0.000
0.000 0.198 0.000 0.000 0.946 1.000 0.994 0.947 0.998 0.000 0.000 0.000 0.000 0.000 0.000 0.000 0.000 0.991 1.000 0.000 1.000 0.990 0.014 0.001 0.998 0.989 0.992 0.963 0.000 0.000 0.000 0.173 0.000 0.000
0.000 0.000 0.226 0.873 0.997 1.000 0.968 0.000 0.000 0.000 0.000 0.000 0.000 0.000 0.000 0.000 0.000 0.001 0.988 1.000 0.000 0.992 0.979 0.998 1.000 0.997 0.979 0.078 0.000 0.000 0.000 0.078 0.000 0.000
0.000 0.000 0.000 0.003 0.995 0.964 0.977 0.000 0.856 0.000 0.000 0.000 0.000 0.000 0.000 0.000 0.000 0.000 0.000 0.990 0.992 0.000 0.999 0.974 0.986 0.278 0.000 0.000 0.000 0.000 0.000 0.000 0.000 0.000
0.000 0.000 0.000 0.616 0.983 0.180 0.000 0.000 0.000 0.000 0.000 0.000 0.000 0.000 0.000 0.000 0.000 0.000 0.000 0.014 0.979 0.999 0.000 0.992 0.972 0.148 0.000 0.000 0.000 0.000 0.000 0.000 0.000 0.000
0.000 0.000 0.000 0.007 0.143 0.606 0.000 0.000 0.000 0.000 0.000 0.000 0.000 0.000 0.000 0.000 0.000 0.000 0.000 0.001 0.998 0.974 0.992 0.000 0.997 0.987 0.004 0.001 0.000 0.000 0.000 0.000 0.000 0.000
0.000 0.000 0.000 0.000 0.000 0.000 0.000 0.000 0.029 0.000 0.000 0.000 0.000 0.000 0.000 0.000 0.000 0.000 0.000 0.998 1.000 0.986 0.972 0.997 0.000 0.993 0.965 0.000 0.000 0.000 0.000 0.000 0.000 0.000
0.000 0.000 0.000 0.000 0.000 0.974 0.000 0.000 0.000 0.000 0.000 0.000 0.000 0.000 0.000 0.000 0.000 0.043 0.982 0.989 0.997 0.278 0.148 0.987 0.993 0.000 0.999 0.988 0.000 0.000 0.000 0.000 0.000 0.000
0.000 0.000 0.000 0.000 0.000 0.975 0.000 0.000 0.148 0.000 0.000 0.000 0.000 0.000 0.000 0.000 0.000 0.989 0.987 0.992 0.979 0.000 0.000 0.004 0.965 0.999 0.000 0.997 0.921 0.000 0.000 0.000 0.000 0.000
0.000 0.000 0.000 0.000 0.000 0.996 0.000 0.000 0.000 0.000 0.000 0.000 0.000 0.000 0.000 0.000 0.091 0.978 0.995 0.963 0.078 0.000 0.000 0.001 0.000 0.988 0.997 0.000 0.989 0.989 0.971 0.994 0.770 0.000
0.000 0.000 0.000 0.000 0.000 0.000 0.000 0.000 0.002 0.074 0.920 0.009 0.111 0.785 0.008 0.977 0.961 0.998 0.964 0.000 0.000 0.000 0.000 0.000 0.000 0.000 0.921 0.989 0.000 1.000 0.955 0.007 0.000 0.000
0.000 0.000 0.000 0.000 0.000 0.050 0.000 0.000 0.000 0.000 0.000 0.000 0.000 0.000 0.000 0.054 0.029 0.513 0.984 0.000 0.000 0.000 0.000 0.000 0.000 0.000 0.000 0.989 1.000 0.000 0.999 0.980 0.036 0.000
0.627 0.964 0.437 0.000 0.000 0.005 0.000 0.442 0.000 0.000 0.000 0.000 0.000 0.000 0.000 0.000 0.060 0.000 0.998 0.000 0.000 0.000 0.000 0.000 0.000 0.000 0.000 0.971 0.955 0.999 0.000 0.993 0.978 0.192
0.174 0.982 0.989 0.000 0.000 0.999 0.282 0.002 0.000 0.000 0.000 0.000 0.000 0.000 0.000 0.000 0.000 0.000 0.996 0.173 0.078 0.000 0.000 0.000 0.000 0.000 0.000 0.994 0.007 0.980 0.993 0.000 0.987 0.928
0.188 0.300 0.975 0.012 0.000 0.246 0.000 0.000 0.000 0.000 0.000 0.000 0.000 0.000 0.000 0.000 0.000 0.000 0.000 0.000 0.000 0.000 0.000 0.000 0.000 0.000 0.000 0.770 0.000 0.036 0.978 0.987 0.000 0.996
0.413 0.290 0.943 0.472 0.000 0.055 0.000 0.000 0.000 0.000 0.000 0.000 0.000 0.000 0.000 0.000 0.000 0.000 0.000 0.000 0.000 0.000 0.000 0.000 0.000 0.000 0.000 0.000 0.000 0.000 0.192 0.928 0.996 0.000
