0.000 0.994 0.911 0.179 0.002 0.003 0.001 0.028 0.000 0.000 0.000 0.000 0.000 0.000 0.000 0.000 0.000 0.000 0.002 0.000 0.000 0.000 0.000 0.000 0.000 0.000 0.000 0.000 0.000 0.003 0.072 0.086 0.479 0.489
0.994 0.000 0.995 0.834 0.004 0.981 0.880 0.926 0.000 0.000 0.000 0.000 0.000 0.000 0.000 0.000 0.000 0.000 0.988 0.278 0.000 0.003 0.000 0.000 0.000 0.000 0.000 0.008 0.000 0.003 0.554 0.201 0.394 0.495
0.911 0.995 0.000 0.966 0.889 0.992 0.002 0.001 0.000 0.000 0.000 0.000 0.000 0.000 0.000 0.000 0.000 0.000 0.377 0.000 0.243 0.004 0.002 0.000 0.000 0.000 0.000 0.030 0.000 0.000 0.550 0.104 0.136 0.255
0.179 0.834 0.966 0.000 0.985 0.946 0.000 0.000 0.000 0.000 0.000 0.003 0.001 0.002 0.007 0.000 0.000 0.000 0.000 0.000 0.741 0.097 0.532 0.012 0.000 0.000 0.000 0.000 0.000 0.000 0.004 0.000 0.009 0.011
0.002 0.004 0.889 0.985 0.000 0.988 0.852 0.000 0.000 0.000 0.000 0.000 0.000 0.000 0.000 0.000 0.000 0.000 0.000 0.823 0.971 0.983 0.992 0.187 0.000 0.000 0.000 0.000 0.000 0.000 0.000 0.000 0.001 0.001
0.003 0.981 0.992 0.946 0.988 0.000 0.988 0.805 0.000 0.000 0.000 0.000 0.000 0.000 0.000 0.000 0.000 0.023 0.980 0.991 0.999 0.954 0.255 0.416 0.000 0.895 0.918 0.971 0.000 0.002 0.528 0.024 0.001 0.000
0.001 0.880 0.002 0.000 0.852 0.988 0.000 0.986 0.999 0.000 0.000 0.000 0.000 0.000 0.000 0.000 0.000 0.863 0.952 0.995 0.947 0.956 0.000 0.000 0.000 0.000 0.000 0.000 0.000 0.000 0.000 0.000 0.000 0.000
0.028 0.926 0.001 0.000 0.000 0.805 0.986 0.000 0.994 0.975 0.000 0.000 0.000 0.000 0.000 0.000 0.952 0.974 0.980 0.914 0.000 0.000 0.000 0.000 0.000 0.000 0.000 0.000 0.020 0.035 0.079 0.013 0.007 0.281
0.000 0.000 0.000 0.000 0.000 0.000 0.999 0.994 0.000 0.999 0.964 0.120 0.000 0.000 0.000 0.917 0.974 1.000 0.930 0.991 0.002 0.839 0.000 0.000 0.024 0.000 0.105 0.000 0.000 0.000 0.000 0.000 0.000 0.000
0.000 0.000 0.000 0.000 0.000 0.000 0.000 0.975 0.999 0.000 0.998 0.975 0.021 0.089 0.971 0.981 0.990 0.984 0.000 0.000 0.000 0.000 0.000 0.000 0.000 0.000 0.000 0.000 0.056 0.000 0.000 0.000 0.000 0.000
0.000 0.000 0.000 0.000 0.000 0.000 0.000 0.000 0.964 0.998 0.000 0.991 0.916 0.973 0.963 0.986 0.944 0.973 0.000 0.000 0.000 0.000 0.000 0.000 0.000 0.000 0.000 0.000 0.895 0.000 0.000 0.000 0.000 0.000
0.000 0.000 0.000 0.003 0.000 0.000 0.000 0.000 0.120 0.975 0.991 0.000 0.989 0.955 0.940 0.392 0.000 0.383 0.000 0.000 0.000 0.002 0.014 0.014 0.000 0.000 0.000 0.000 0.035 0.000 0.000 0.000 0.000 0.000
0.000 0.000 0.000 0.001 0.000 0.000 0.000 0.000 0.000 0.021 0.916 0.989 0.000 0.987 0.923 0.046 0.000 0.000 0.000 0.000 0.000 0.000 0.017 0.000 0.000 0.000 0.000 0.000 0.059 0.000 0.000 0.000 0.000 0.000
0.000 0.000 0.000 0.002 0.000 0.000 0.000 0.000 0.000 0.089 0.973 0.955 0.987 0.000 0.993 0.978 0.001 0.048 0.000 0.000 0.000 0.000 0.016 0.000 0.000 0.000 0.000 0.000 0.642 0.000 0.000 0.000 0.000 0.000
0.000 0.000 0.000 0.007 0.000 0.000 0.000 0.000 0.000 0.971 0.963 0.940 0.923 0.993 0.000 0.985 0.925 0.000 0.000 0.000 0.000 0.000 0.002 0.000 0.000 0.000 0.000 0.000 0.007 0.000 0.000 0.000 0.000 0.000
0.000 0.000 0.000 0.000 0.000 0.000 0.000 0.000 0.917 0.981 0.986 0.392 0.046 0.978 0.985 0.000 0.994 0.960 0.044 0.000 0.000 0.000 0.000 0.000 0.000 0.000 0.000 0.059 0.970 0.688 0.257 0.003 0.004 0.012
0.000 0.000 0.000 0.000 0.000 0.000 0.000 0.952 0.974 0.990 0.944 0.000 0.000 0.001 0.925 0.994 0.000 0.993 0.931 0.000 0.000 0.000 0.000 0.000 0.000 0.000 0.000 0.055 0.924 0.081 0.132 0.004 0.002 0.017
0.000 0.000 0.000 0.000 0.000 0.023 0.863 0.974 1.000 0.984 0.973 0.383 0.000 0.048 0.000 0.960 0.993 0.000 0.986 0.977 0.001 0.000 0.000 0.000 0.000 0.040 0.979 0.946 1.000 0.338 0.065 0.002 0.000 0.000
0.002 0.988 0.377 0.000 0.000 0.980 0.952 0.980 0.930 0.000 0.000 0.000 0.000 0.000 0.000 0.044 0.931 0.986 0.000 0.980 0.844 0.000 0.000 0.000 0.000 0.873 0.996 1.000 0.988 0.568 0.684 0.083 0.002 0.404
0.000 0.278 0.000 0.000 0.823 0.991 0.995 0.914 0.991 0.000 0.000 0.000 0.000 0.000 0.000 0.000 0.000 0.977 0.980 0.000 0.992 0.973 0.014 0.001 0.981 0.983 0.995 0.924 0.054 0.000 0.000 0.000 0.000 0.000
0.000 0.000 0.243 0.741 0.971 0.999 0.947 0.000 0.002 0.000 0.000 0.000 0.000 0.000 0.000 0.000 0.000 0.001 0.844 0.992 0.000 0.977 0.968 1.000 0.997 1.000 0.908 0.160 0.000 0.000 0.041 0.000 0.000 0.000
0.000 0.003 0.004 0.097 0.983 0.954 0.956 0.000 0.839 0.000 0.000 0.002 0.000 0.000 0.000 0.000 0.000 0.000 0.000 0.973 0.977 0.000 0.978 0.927 0.994 0.367 0.000 0.000 0.000 0.000 0.027 0.000 0.003 0.007
0.000 0.000 0.002 0.532 0.992 0.255 0.000 0.000 0.000 0.000 0.000 0.014 0.017 0.016 0.002 0.000 0.000 0.000 0.000 0.014 0.968 0.978 0.000 0.981 0.950 0.160 0.000 0.000 0.000 0.000 0.053 0.000 0.027 0.056
0.000 0.000 0.000 0.012 0.187 0.416 0.000 0.000 0.000 0.000 0.000 0.014 0.000 0.000 0.000 0.000 0.000 0.000 0.000 0.001 1.000 0.927 0.981 0.000 0.982 0.981 0.004 0.019 0.000 0.000 0.008 0.000 0.003 0.013
0.000 0.000 0.000 0.000 0.000 0.000 0.000 0.000 0.024 0.000 0.000 0.000 0.000 0.000 0.000 0.000 0.000 0.000 0.000 0.981 0.997 0.994 0.950 0.982 0.000 0.984 0.877 0.000 0.000 0.000 0.014 0.000 0.001 0.004
0.000 0.000 0.000 0.000 0.000 0.895 0.000 0.000 0.000 0.000 0.000 0.000 0.000 0.000 0.000 0.000 0.000 0.040 0.873 0.983 1.000 0.367 0.160 0.981 0.984 0.000 0.954 0.892 0.000 0.000 0.004 0.000 0.000 0.000
0.000 0.000 0.000 0.000 0.000 0.918 0.000 0.000 0.105 0.000 0.000 0.000 0.000 0.000 0.000 0.000 0.000 0.979 0.996 0.995 0.908 0.000 0.000 0.004 0.877 0.954 0.000 0.993 0.965 0.001 0.000 0.000 0.000 0.000
0.000 0.008 0.030 0.000 0.000 0.971 0.000 0.000 0.000 0.000 0.000 0.000 0.000 0.000 0.000 0.059 0.055 0.946 1.000 0.924 0.160 0.000 0.000 0.019 0.000 0.892 0.993 0.000 0.998 0.980 0.827 0.532 0.004 0.001
0.000 0.000 0.000 0.000 0.000 0.000 0.000 0.020 0.000 0.056 0.895 0.035 0.059 0.642 0.007 0.970 0.924 1.000 0.988 0.054 0.000 0.000 0.000 0.000 0.000 0.000 0.965 0.998 0.000 0.995 0.872 0.000 0.000 0.001
0.003 0.003 0.000 0.000 0.000 0.002 0.000 0.035 0.000 0.000 0.000 0.000 0.000 0.000 0.000 0.688 0.081 0.338 0.568 0.000 0.000 0.000 0.000 0.000 0.000 0.000 0.001 0.980 0.995 0.000 0.987 0.962 0.027 0.117
0.072 0.554 0.550 0.004 0.000 0.528 0.000 0.079 0.000 0.000 0.000 0.000 0.000 0.000 0.000 0.257 0.132 0.065 0.684 0.000 0.041 0.027 0.053 0.008 0.014 0.004 0.000 0.827 0.872 0.987 0.000 1.000 0.968 0.866
0.086 0.201 0.104 0.000 0.000 0.024 0.000 0.013 0.000 0.000 0.000 0.000 0.000 0.000 0.000 0.003 0.004 0.002 0.083 0.000 0.000 0.000 0.000 0.000 0.000 0.000 0.000 0.532 0.000 0.962 1.000 0.000 0.989 0.965
0.479 0.394 0.136 0.009 0.001 0.001 0.000 0.007 0.000 0.000 0.000 0.000 0.000 0.000 0.000 0.004 0.002 0.000 0.002 0.000 0.000 0.003 0.027 0.003 0.001 0.000 0.000 0.004 0.000 0.027 0.968 0.989 0.000 0.999
0.489 0.495 0.255 0.011 0.001 0.000 0.000 0.281 0.000 0.000 0.000 0.000 0.000 0.000 0.000 0.012 0.017 0.000 0.404 0.000 0.000 0.007 0.056 0.013 0.004 0.000 0.000 0.001 0.001 0.117 0.866 0.965 0.999 0.000
