0.000 0.992 0.936 0.261 0.014 0.011 0.001 0.001 0.000 0.000 0.000 0.006 0.000 0.000 0.000 0.000 0.000 0.000 0.001 0.000 0.000 0.000 0.000 0.000 0.000 0.000 0.000 0.000 0.000 0.000 0.123 0.247 0.700 0.956
0.992 0.000 0.992 0.882 0.014 0.945 0.868 0.920 0.000 0.000 0.000 0.000 0.000 0.000 0.000 0.000 0.000 0.000 0.935 0.108 0.000 0.000 0.000 0.000 0.000 0.000 0.000 0.000 0.000 0.000 0.251 0.956 0.913 0.916
0.936 0.992 0.000 0.986 0.746 0.986 0.001 0.000 0.000 0.000 0.000 0.000 0.000 0.000 0.000 0.000 0.000 0.000 0.008 0.000 0.203 0.000 0.000 0.000 0.000 0.000 0.000 0.005 0.000 0.000 0.005 0.958 0.885 0.819
0.261 0.882 0.986 0.000 0.966 0.989 0.000 0.000 0.000 0.000 0.000 0.003 0.000 0.000 0.000 0.000 0.000 0.000 0.000 0.000 0.803 0.015 0.820 0.017 0.000 0.000 0.000 0.000 0.000 0.000 0.000 0.000 0.000 0.182
0.014 0.014 0.746 0.966 0.000 0.960 0.801 0.000 0.000 0.000 0.000 0.000 0.000 0.000 0.000 0.000 0.000 0.000 0.000 0.841 0.962 0.959 0.961 0.214 0.000 0.000 0.000 0.000 0.000 0.000 0.000 0.000 0.000 0.000
0.011 0.945 0.986 0.989 0.960 0.000 0.984 0.709 0.000 0.000 0.000 0.000 0.000 0.000 0.000 0.000 0.000 0.005 0.941 0.973 0.987 0.867 0.220 0.504 0.000 0.847 0.905 0.985 0.000 0.012 0.001 0.952 0.000 0.000
0.001 0.868 0.001 0.000 0.801 0.984 0.000 0.953 0.999 0.000 0.000 0.000 0.000 0.000 0.000 0.000 0.000 0.725 0.927 0.989 0.823 0.936 0.000 0.000 0.000 0.000 0.000 0.000 0.000 0.000 0.000 0.178 0.000 0.000
0.001 0.920 0.000 0.000 0.000 0.709 0.953 0.000 0.997 0.939 0.000 0.000 0.000 0.000 0.000 0.000 0.989 0.958 0.974 0.781 0.000 0.000 0.000 0.000 0.000 0.000 0.000 0.000 0.000 0.000 0.312 0.101 0.014 0.047
0.000 0.000 0.000 0.000 0.000 0.000 0.999 0.997 0.000 0.997 0.929 0.021 0.000 0.000 0.000 0.893 0.913 0.995 0.897 0.989 0.002 0.867 0.000 0.000 0.011 0.000 0.083 0.000 0.001 0.000 0.000 0.000 0.000 0.000
0.000 0.000 0.000 0.000 0.000 0.000 0.000 0.939 0.997 0.000 0.989 0.973 0.015 0.070 0.976 0.951 0.939 0.969 0.000 0.000 0.000 0.000 0.000 0.000 0.000 0.000 0.000 0.000 0.036 0.000 0.000 0.000 0.000 0.000
0.000 0.000 0.000 0.000 0.000 0.000 0.000 0.000 0.929 0.989 0.000 0.973 0.983 0.990 0.982 0.942 0.816 0.987 0.000 0.000 0.000 0.000 0.000 0.000 0.000 0.000 0.000 0.000 0.697 0.000 0.000 0.000 0.000 0.000
0.006 0.000 0.000 0.003 0.000 0.000 0.000 0.000 0.021 0.973 0.973 0.000 0.981 0.914 0.897 0.222 0.000 0.459 0.000 0.000 0.000 0.000 0.001 0.000 0.000 0.000 0.000 0.000 0.011 0.000 0.000 0.000 0.000 0.001
0.000 0.000 0.000 0.000 0.000 0.000 0.000 0.000 0.000 0.015 0.983 0.981 0.000 0.984 0.939 0.067 0.000 0.000 0.000 0.000 0.000 0.000 0.000 0.000 0.000 0.000 0.000 0.000 0.049 0.000 0.000 0.000 0.000 0.000
0.000 0.000 0.000 0.000 0.000 0.000 0.000 0.000 0.000 0.070 0.990 0.914 0.984 0.000 0.990 0.988 0.001 0.019 0.000 0.000 0.000 0.000 0.000 0.000 0.000 0.000 0.000 0.000 0.378 0.000 0.000 0.000 0.000 0.000
0.000 0.000 0.000 0.000 0.000 0.000 0.000 0.000 0.000 0.976 0.982 0.897 0.939 0.990 0.000 0.989 0.938 0.000 0.000 0.000 0.000 0.000 0.000 0.000 0.000 0.000 0.000 0.000 0.012 0.000 0.000 0.000 0.000 0.000
0.000 0.000 0.000 0.000 0.000 0.000 0.000 0.000 0.893 0.951 0.942 0.222 0.067 0.988 0.989 0.000 0.997 0.987 0.000 0.000 0.000 0.000 0.000 0.000 0.000 0.000 0.000 0.000 0.912 0.036 0.001 0.000 0.000 0.000
0.000 0.000 0.000 0.000 0.000 0.000 0.000 0.989 0.913 0.939 0.816 0.000 0.000 0.001 0.938 0.997 0.000 0.985 0.981 0.000 0.000 0.000 0.000 0.000 0.000 0.000 0.000 0.135 0.948 0.012 0.160 0.001 0.000 0.000
0.000 0.000 0.000 0.000 0.000 0.005 0.725 0.958 0.995 0.969 0.987 0.459 0.000 0.019 0.000 0.987 0.985 0.000 0.999 0.940 0.000 0.000 0.000 0.000 0.000 0.014 0.911 0.981 0.999 0.321 0.013 0.000 0.000 0.000
0.001 0.935 0.008 0.000 0.000 0.941 0.927 0.974 0.897 0.000 0.000 0.000 0.000 0.000 0.000 0.000 0.981 0.999 0.000 0.959 0.721 0.000 0.000 0.000 0.000 0.726 0.925 1.000 0.997 0.980 0.983 0.966 0.085 0.034
0.000 0.108 0.000 0.000 0.841 0.973 0.989 0.781 0.989 0.000 0.000 0.000 0.000 0.000 0.000 0.000 0.000 0.940 0.959 0.000 0.981 0.986 0.009 0.000 0.967 0.957 0.979 0.879 0.001 0.000 0.000 0.147 0.000 0.000
0.000 0.000 0.203 0.803 0.962 0.987 0.823 0.000 0.002 0.000 0.000 0.000 0.000 0.000 0.000 0.000 0.000 0.000 0.721 0.981 0.000 0.978 0.991 0.990 0.970 0.990 0.909 0.029 0.000 0.000 0.000 0.065 0.000 0.000
0.000 0.000 0.000 0.015 0.959 0.867 0.936 0.000 0.867 0.000 0.000 0.000 0.000 0.000 0.000 0.000 0.000 0.000 0.000 0.986 0.978 0.000 0.989 0.912 0.977 0.250 0.000 0.000 0.000 0.000 0.000 0.000 0.000 0.000
0.000 0.000 0.000 0.820 0.961 0.220 0.000 0.000 0.000 0.000 0.000 0.001 0.000 0.000 0.000 0.000 0.000 0.000 0.000 0.009 0.991 0.989 0.000 0.984 0.958 0.177 0.000 0.000 0.000 0.000 0.000 0.000 0.000 0.000
0.000 0.000 0.000 0.017 0.214 0.504 0.000 0.000 0.000 0.000 0.000 0.000 0.000 0.000 0.000 0.000 0.000 0.000 0.000 0.000 0.990 0.912 0.984 0.000 0.985 0.987 0.005 0.000 0.000 0.000 0.000 0.000 0.000 0.000
0.000 0.000 0.000 0.000 0.000 0.000 0.000 0.000 0.011 0.000 0.000 0.000 0.000 0.000 0.000 0.000 0.000 0.000 0.000 0.967 0.970 0.977 0.958 0.985 0.000 0.977 0.861 0.000 0.000 0.000 0.000 0.000 0.000 0.000
0.000 0.000 0.000 0.000 0.000 0.847 0.000 0.000 0.000 0.000 0.000 0.000 0.000 0.000 0.000 0.000 0.000 0.014 0.726 0.957 0.990 0.250 0.177 0.987 0.977 0.000 0.985 0.757 0.000 0.000 0.000 0.000 0.000 0.000
0.000 0.000 0.000 0.000 0.000 0.905 0.000 0.000 0.083 0.000 0.000 0.000 0.000 0.000 0.000 0.000 0.000 0.911 0.925 0.979 0.909 0.000 0.000 0.005 0.861 0.985 0.000 0.957 0.777 0.000 0.000 0.003 0.000 0.000
0.000 0.000 0.005 0.000 0.000 0.985 0.000 0.000 0.000 0.000 0.000 0.000 0.000 0.000 0.000 0.000 0.135 0.981 1.000 0.879 0.029 0.000 0.000 0.000 0.000 0.757 0.957 0.000 0.990 0.989 0.884 0.990 0.042 0.000
0.000 0.000 0.000 0.000 0.000 0.000 0.000 0.000 0.001 0.036 0.697 0.011 0.049 0.378 0.012 0.912 0.948 0.999 0.997 0.001 0.000 0.000 0.000 0.000 0.000 0.000 0.777 0.990 0.000 0.982 0.924 0.001 0.000 0.000
0.000 0.000 0.000 0.000 0.000 0.012 0.000 0.000 0.000 0.000 0.000 0.000 0.000 0.000 0.000 0.036 0.012 0.321 0.980 0.000 0.000 0.000 0.000 0.000 0.000 0.000 0.000 0.989 0.982 0.000 0.990 0.962 0.002 0.000
0.123 0.251 0.005 0.000 0.000 0.001 0.000 0.312 0.000 0.000 0.000 0.000 0.000 0.000 0.000 0.001 0.160 0.013 0.983 0.000 0.000 0.000 0.000 0.000 0.000 0.000 0.000 0.884 0.924 0.990 0.000 0.994 0.960 0.367
0.247 0.956 0.958 0.000 0.000 0.952 0.178 0.101 0.000 0.000 0.000 0.000 0.000 0.000 0.000 0.000 0.001 0.000 0.966 0.147 0.065 0.000 0.000 0.000 0.000 0.000 0.003 0.990 0.001 0.962 0.994 0.000 0.998 0.908
0.700 0.913 0.885 0.000 0.000 0.000 0.000 0.014 0.000 0.000 0.000 0.000 0.000 0.000 0.000 0.000 0.000 0.000 0.085 0.000 0.000 0.000 0.000 0.000 0.000 0.000 0.000 0.042 0.000 0.002 0.960 0.998 0.000 0.974
0.956 0.916 0.819 0.182 0.000 0.000 0.000 0.047 0.000 0.000 0.000 0.001 0.000 0.000 0.000 0.000 0.000 0.000 0.034 0.000 0.000 0.000 0.000 0.000 0.000 0.000 0.000 0.000 0.000 0.000 0.367 0.908 0.974 0.000
