0.000 0.991 0.940 0.218 0.004 0.003 0.000 0.004 0.000 0.000 0.000 0.001 0.010 0.002 0.000 0.000 0.000 0.000 0.001 0.000 0.000 0.001 0.000 0.000 0.000 0.000 0.000 0.000 0.000 0.000 0.785 0.247 0.280 0.550
0.991 0.000 0.991 0.831 0.005 0.985 0.985 0.983 0.000 0.000 0.000 0.000 0.000 0.000 0.000 0.000 0.000 0.000 0.988 0.226 0.000 0.001 0.000 0.000 0.000 0.000 0.000 0.000 0.000 0.000 0.962 0.938 0.331 0.357
0.940 0.991 0.000 0.971 0.906 0.998 0.000 0.000 0.000 0.000 0.000 0.000 0.000 0.000 0.000 0.000 0.000 0.000 0.007 0.000 0.000 0.003 0.017 0.000 0.000 0.000 0.000 0.000 0.000 0.000 0.444 0.957 0.891 0.890
0.218 0.831 0.971 0.000 0.989 0.935 0.000 0.000 0.000 0.000 0.000 0.000 0.003 0.000 0.000 0.000 0.000 0.000 0.000 0.000 0.080 0.093 0.613 0.002 0.000 0.000 0.000 0.000 0.000 0.000 0.000 0.000 0.007 0.390
0.004 0.005 0.906 0.989 0.000 0.966 0.790 0.000 0.000 0.000 0.000 0.000 0.000 0.000 0.000 0.000 0.000 0.000 0.000 0.777 0.897 0.946 0.896 0.106 0.000 0.000 0.000 0.000 0.000 0.000 0.000 0.000 0.000 0.000
0.003 0.985 0.998 0.935 0.966 0.000 0.996 0.912 0.000 0.000 0.000 0.000 0.000 0.000 0.000 0.000 0.000 0.010 0.991 0.997 0.987 0.825 0.542 0.376 0.000 0.896 0.943 0.998 0.000 0.082 0.007 0.992 0.111 0.021
0.000 0.985 0.000 0.000 0.790 0.996 0.000 0.995 1.000 0.000 0.000 0.000 0.000 0.000 0.000 0.000 0.000 0.958 0.977 0.979 0.875 0.795 0.000 0.000 0.000 0.000 0.000 0.000 0.000 0.000 0.000 0.186 0.000 0.000
0.004 0.983 0.000 0.000 0.000 0.912 0.995 0.000 1.000 0.981 0.000 0.000 0.000 0.000 0.000 0.000 0.991 0.964 0.992 0.899 0.000 0.000 0.000 0.000 0.000 0.000 0.000 0.000 0.000 0.000 0.590 0.001 0.000 0.000
0.000 0.000 0.000 0.000 0.000 0.000 1.000 1.000 0.000 1.000 0.930 0.067 0.000 0.002 0.000 0.930 0.994 0.994 0.977 0.999 0.000 0.713 0.000 0.000 0.017 0.000 0.151 0.000 0.001 0.000 0.000 0.000 0.000 0.000
0.000 0.000 0.000 0.000 0.000 0.000 0.000 0.981 1.000 0.000 0.989 0.959 0.021 0.071 0.973 0.974 0.994 0.975 0.000 0.000 0.000 0.000 0.000 0.000 0.000 0.000 0.000 0.000 0.133 0.000 0.000 0.000 0.000 0.000
0.000 0.000 0.000 0.000 0.000 0.000 0.000 0.000 0.930 0.989 0.000 0.970 0.943 0.995 0.993 0.997 0.936 1.000 0.000 0.000 0.000 0.000 0.000 0.000 0.000 0.000 0.000 0.000 0.925 0.000 0.000 0.000 0.000 0.000
0.001 0.000 0.000 0.000 0.000 0.000 0.000 0.000 0.067 0.959 0.970 0.000 0.982 0.946 0.920 0.228 0.000 0.517 0.000 0.000 0.000 0.000 0.000 0.000 0.000 0.000 0.000 0.000 0.001 0.000 0.000 0.000 0.000 0.000
0.010 0.000 0.000 0.003 0.000 0.000 0.000 0.000 0.000 0.021 0.943 0.982 0.000 0.972 0.873 0.053 0.000 0.001 0.000 0.000 0.000 0.000 0.000 0.000 0.000 0.000 0.000 0.000 0.060 0.000 0.000 0.000 0.000 0.000
0.002 0.000 0.000 0.000 0.000 0.000 0.000 0.000 0.002 0.071 0.995 0.946 0.972 0.000 0.988 0.985 0.003 0.017 0.000 0.000 0.000 0.000 0.000 0.000 0.000 0.000 0.000 0.000 0.743 0.000 0.000 0.000 0.000 0.000
0.000 0.000 0.000 0.000 0.000 0.000 0.000 0.000 0.000 0.973 0.993 0.920 0.873 0.988 0.000 0.995 0.975 0.000 0.000 0.000 0.000 0.000 0.000 0.000 0.000 0.000 0.000 0.000 0.003 0.000 0.000 0.000 0.000 0.000
0.000 0.000 0.000 0.000 0.000 0.000 0.000 0.000 0.930 0.974 0.997 0.228 0.053 0.985 0.995 0.000 0.992 0.989 0.002 0.000 0.000 0.000 0.000 0.000 0.000 0.000 0.000 0.000 0.964 0.045 0.000 0.000 0.000 0.000
0.000 0.000 0.000 0.000 0.000 0.000 0.000 0.991 0.994 0.994 0.936 0.000 0.000 0.003 0.975 0.992 0.000 0.995 0.994 0.000 0.000 0.000 0.000 0.000 0.000 0.000 0.000 0.138 0.953 0.030 0.092 0.000 0.000 0.000
0.000 0.000 0.000 0.000 0.000 0.010 0.958 0.964 0.994 0.975 1.000 0.517 0.001 0.017 0.000 0.989 0.995 0.000 1.000 0.999 0.001 0.000 0.000 0.000 0.000 0.053 0.996 0.994 1.000 0.513 0.000 0.000 0.000 0.000
0.001 0.988 0.007 0.000 0.000 0.991 0.977 0.992 0.977 0.000 0.000 0.000 0.000 0.000 0.000 0.002 0.994 1.000 0.000 1.000 0.909 0.000 0.000 0.000 0.000 0.890 0.974 0.999 0.995 0.954 0.992 0.989 0.000 0.000
0.000 0.226 0.000 0.000 0.777 0.997 0.979 0.899 0.999 0.000 0.000 0.000 0.000 0.000 0.000 0.000 0.000 0.999 1.000 0.000 0.991 0.957 0.012 0.011 0.953 0.973 0.983 0.967 0.000 0.000 0.000 0.145 0.000 0.000
0.000 0.000 0.000 0.080 0.897 0.987 0.875 0.000 0.000 0.000 0.000 0.000 0.000 0.000 0.000 0.000 0.000 0.001 0.909 0.991 0.000 0.976 0.915 0.952 0.931 0.995 0.948 0.171 0.000 0.000 0.000 0.011 0.000 0.000
0.001 0.001 0.003 0.093 0.946 0.825 0.795 0.000 0.713 0.000 0.000 0.000 0.000 0.000 0.000 0.000 0.000 0.000 0.000 0.957 0.976 0.000 0.996 0.937 0.954 0.581 0.000 0.000 0.000 0.000 0.000 0.000 0.000 0.000
0.000 0.000 0.017 0.613 0.896 0.542 0.000 0.000 0.000 0.000 0.000 0.000 0.000 0.000 0.000 0.000 0.000 0.000 0.000 0.012 0.915 0.996 0.000 0.994 0.912 0.148 0.000 0.000 0.000 0.000 0.000 0.000 0.000 0.000
0.000 0.000 0.000 0.002 0.106 0.376 0.000 0.000 0.000 0.000 0.000 0.000 0.000 0.000 0.000 0.000 0.000 0.000 0.000 0.011 0.952 0.937 0.994 0.000 0.993 0.958 0.010 0.001 0.000 0.000 0.000 0.000 0.000 0.000
0.000 0.000 0.000 0.000 0.000 0.000 0.000 0.000 0.017 0.000 0.000 0.000 0.000 0.000 0.000 0.000 0.000 0.000 0.000 0.953 0.931 0.954 0.912 0.993 0.000 0.974 0.819 0.000 0.000 0.000 0.000 0.000 0.000 0.000
0.000 0.000 0.000 0.000 0.000 0.896 0.000 0.000 0.000 0.000 0.000 0.000 0.000 0.000 0.000 0.000 0.000 0.053 0.890 0.973 0.995 0.581 0.148 0.958 0.974 0.000 0.986 0.902 0.000 0.000 0.000 0.000 0.000 0.000
0.000 0.000 0.000 0.000 0.000 0.943 0.000 0.000 0.151 0.000 0.000 0.000 0.000 0.000 0.000 0.000 0.000 0.996 0.974 0.983 0.948 0.000 0.000 0.010 0.819 0.986 0.000 0.987 0.944 0.000 0.000 0.000 0.000 0.000
0.000 0.000 0.000 0.000 0.000 0.998 0.000 0.000 0.000 0.000 0.000 0.000 0.000 0.000 0.000 0.000 0.138 0.994 0.999 0.967 0.171 0.000 0.000 0.001 0.000 0.902 0.987 0.000 1.000 0.996 0.956 0.990 0.588 0.000
0.000 0.000 0.000 0.000 0.000 0.000 0.000 0.000 0.001 0.133 0.925 0.001 0.060 0.743 0.003 0.964 0.953 1.000 0.995 0.000 0.000 0.000 0.000 0.000 0.000 0.000 0.944 1.000 0.000 0.993 0.947 0.010 0.000 0.000
0.000 0.000 0.000 0.000 0.000 0.082 0.000 0.000 0.000 0.000 0.000 0.000 0.000 0.000 0.000 0.045 0.030 0.513 0.954 0.000 0.000 0.000 0.000 0.000 0.000 0.000 0.000 0.996 0.993 0.000 0.990 0.990 0.029 0.000
0.785 0.962 0.444 0.000 0.000 0.007 0.000 0.590 0.000 0.000 0.000 0.000 0.000 0.000 0.000 0.000 0.092 0.000 0.992 0.000 0.000 0.000 0.000 0.000 0.000 0.000 0.000 0.956 0.947 0.990 0.000 1.000 0.932 0.225
0.247 0.938 0.957 0.000 0.000 0.992 0.186 0.001 0.000 0.000 0.000 0.000 0.000 0.000 0.000 0.000 0.000 0.000 0.989 0.145 0.011 0.000 0.000 0.000 0.000 0.000 0.000 0.990 0.010 0.990 1.000 0.000 0.983 0.892
0.280 0.331 0.891 0.007 0.000 0.111 0.000 0.000 0.000 0.000 0.000 0.000 0.000 0.000 0.000 0.000 0.000 0.000 0.000 0.000 0.000 0.000 0.000 0.000 0.000 0.000 0.000 0.588 0.000 0.029 0.932 0.983 0.000 0.982
0.550 0.357 0.890 0.390 0.000 0.021 0.000 0.000 0.000 0.000 0.000 0.000 0.000 0.000 0.000 0.000 0.000 0.000 0.000 0.000 0.000 0.000 0.000 0.000 0.000 0.000 0.000 0.000 0.000 0.000 0.225 0.892 0.982 0.000
