0.000 0.999 0.975 0.113 0.024 0.017 0.003 0.002 0.000 0.000 0.000 0.023 0.005 0.003 0.000 0.000 0.000 0.000 0.000 0.000 0.000 0.000 0.000 0.000 0.000 0.000 0.000 0.000 0.000 0.000 0.692 0.176 0.252 0.295
0.999 0.000 1.000 0.941 0.021 0.977 0.955 0.962 0.000 0.000 0.000 0.005 0.000 0.000 0.000 0.000 0.000 0.000 0.996 0.189 0.000 0.002 0.000 0.000 0.000 0.000 0.000 0.000 0.000 0.000 0.982 0.994 0.437 0.245
0.975 1.000 0.000 0.991 0.961 1.000 0.002 0.000 0.000 0.000 0.000 0.031 0.000 0.000 0.000 0.000 0.000 0.000 0.006 0.000 0.189 0.004 0.000 0.000 0.000 0.000 0.000 0.000 0.000 0.000 0.532 0.997 0.993 0.520
0.113 0.941 0.991 0.000 0.996 0.995 0.000 0.000 0.000 0.000 0.000 0.016 0.000 0.000 0.000 0.000 0.000 0.000 0.000 0.000 0.743 0.079 0.640 0.019 0.000 0.000 0.000 0.000 0.000 0.000 0.000 0.000 0.000 0.084
0.024 0.021 0.961 0.996 0.000 0.980 0.959 0.000 0.000 0.000 0.000 0.002 0.000 0.000 0.000 0.000 0.000 0.000 0.000 0.903 0.969 0.983 0.983 0.122 0.000 0.000 0.000 0.000 0.000 0.000 0.000 0.000 0.000 0.001
0.017 0.977 1.000 0.995 0.980 0.000 0.987 0.922 0.000 0.000 0.000 0.003 0.000 0.000 0.000 0.000 0.000 0.013 0.983 0.985 0.999 0.943 0.134 0.521 0.000 0.972 0.976 0.995 0.000 0.040 0.001 0.995 0.162 0.023
0.003 0.955 0.002 0.000 0.959 0.987 0.000 0.986 0.995 0.000 0.000 0.000 0.000 0.000 0.000 0.000 0.000 0.921 0.993 0.999 0.986 0.966 0.000 0.000 0.000 0.000 0.000 0.000 0.000 0.000 0.000 0.288 0.000 0.000
0.002 0.962 0.000 0.000 0.000 0.922 0.986 0.000 0.999 0.901 0.000 0.000 0.000 0.000 0.000 0.000 0.996 0.998 0.994 0.960 0.000 0.000 0.000 0.000 0.000 0.000 0.000 0.000 0.000 0.000 0.511 0.002 0.000 0.000
0.000 0.000 0.000 0.000 0.000 0.000 0.995 0.999 0.000 0.986 0.836 0.010 0.000 0.165 0.000 0.844 0.963 1.000 0.935 0.993 0.000 0.779 0.000 0.000 0.014 0.000 0.165 0.000 0.000 0.000 0.000 0.000 0.000 0.000
0.000 0.000 0.000 0.000 0.000 0.000 0.000 0.901 0.986 0.000 1.000 0.884 0.014 0.341 0.972 0.997 0.957 0.999 0.000 0.000 0.000 0.000 0.000 0.000 0.000 0.000 0.000 0.000 0.049 0.000 0.000 0.000 0.000 0.000
0.000 0.000 0.000 0.000 0.000 0.000 0.000 0.000 0.836 1.000 0.000 0.958 0.950 0.981 0.980 0.970 0.822 0.937 0.000 0.000 0.000 0.000 0.000 0.000 0.000 0.000 0.000 0.000 0.642 0.000 0.000 0.000 0.000 0.000
0.023 0.005 0.031 0.016 0.002 0.003 0.000 0.000 0.010 0.884 0.958 0.000 0.995 0.907 0.911 0.297 0.000 0.310 0.000 0.000 0.005 0.000 0.014 0.016 0.000 0.000 0.000 0.000 0.006 0.001 0.036 0.017 0.258 0.295
0.005 0.000 0.000 0.000 0.000 0.000 0.000 0.000 0.000 0.014 0.950 0.995 0.000 0.967 0.914 0.031 0.000 0.017 0.000 0.000 0.000 0.000 0.000 0.000 0.000 0.000 0.000 0.000 0.205 0.000 0.000 0.000 0.002 0.004
0.003 0.000 0.000 0.000 0.000 0.000 0.000 0.000 0.165 0.341 0.981 0.907 0.967 0.000 0.995 0.986 0.236 0.346 0.000 0.000 0.000 0.000 0.000 0.000 0.000 0.000 0.000 0.000 0.798 0.000 0.000 0.000 0.000 0.000
0.000 0.000 0.000 0.000 0.000 0.000 0.000 0.000 0.000 0.972 0.980 0.911 0.914 0.995 0.000 0.985 0.835 0.005 0.000 0.000 0.000 0.000 0.000 0.000 0.000 0.000 0.000 0.000 0.129 0.000 0.000 0.000 0.000 0.000
0.000 0.000 0.000 0.000 0.000 0.000 0.000 0.000 0.844 0.997 0.970 0.297 0.031 0.986 0.985 0.000 0.994 0.942 0.019 0.000 0.000 0.000 0.000 0.000 0.000 0.000 0.000 0.000 0.985 0.097 0.001 0.000 0.000 0.000
0.000 0.000 0.000 0.000 0.000 0.000 0.000 0.996 0.963 0.957 0.822 0.000 0.000 0.236 0.835 0.994 0.000 0.984 0.953 0.000 0.000 0.000 0.000 0.000 0.000 0.000 0.000 0.074 0.995 0.024 0.055 0.000 0.000 0.000
0.000 0.000 0.000 0.000 0.000 0.013 0.921 0.998 1.000 0.999 0.937 0.310 0.017 0.346 0.005 0.942 0.984 0.000 0.978 0.992 0.001 0.000 0.000 0.000 0.000 0.032 0.983 0.966 0.999 0.460 0.000 0.000 0.000 0.000
0.000 0.996 0.006 0.000 0.000 0.983 0.993 0.994 0.935 0.000 0.000 0.000 0.000 0.000 0.000 0.019 0.953 0.978 0.000 0.990 0.967 0.000 0.000 0.000 0.000 0.968 0.992 1.000 0.999 0.998 0.998 0.998 0.000 0.000
0.000 0.189 0.000 0.000 0.903 0.985 0.999 0.960 0.993 0.000 0.000 0.000 0.000 0.000 0.000 0.000 0.000 0.992 0.990 0.000 1.000 0.995 0.009 0.001 0.989 1.000 1.000 0.983 0.000 0.000 0.000 0.157 0.000 0.000
0.000 0.000 0.189 0.743 0.969 0.999 0.986 0.000 0.000 0.000 0.000 0.005 0.000 0.000 0.000 0.000 0.000 0.001 0.967 1.000 0.000 0.984 0.970 0.997 0.997 1.000 0.989 0.101 0.000 0.000 0.000 0.067 0.000 0.000
0.000 0.002 0.004 0.079 0.983 0.943 0.966 0.000 0.779 0.000 0.000 0.000 0.000 0.000 0.000 0.000 0.000 0.000 0.000 0.995 0.984 0.000 0.999 0.973 0.987 0.310 0.000 0.000 0.000 0.000 0.000 0.000 0.000 0.000
0.000 0.000 0.000 0.640 0.983 0.134 0.000 0.000 0.000 0.000 0.000 0.014 0.000 0.000 0.000 0.000 0.000 0.000 0.000 0.009 0.970 0.999 0.000 0.992 0.980 0.148 0.000 0.000 0.000 0.000 0.000 0.000 0.000 0.000
0.000 0.000 0.000 0.019 0.122 0.521 0.000 0.000 0.000 0.000 0.000 0.016 0.000 0.000 0.000 0.000 0.000 0.000 0.000 0.001 0.997 0.973 0.992 0.000 0.998 0.990 0.006 0.000 0.000 0.000 0.000 0.000 0.000 0.000
0.000 0.000 0.000 0.000 0.000 0.000 0.000 0.000 0.014 0.000 0.000 0.000 0.000 0.000 0.000 0.000 0.000 0.000 0.000 0.989 0.997 0.987 0.980 0.998 0.000 0.990 0.944 0.000 0.000 0.000 0.000 0.000 0.000 0.000
0.000 0.000 0.000 0.000 0.000 0.972 0.000 0.000 0.000 0.000 0.000 0.000 0.000 0.000 0.000 0.000 0.000 0.032 0.968 1.000 1.000 0.310 0.148 0.990 0.990 0.000 0.997 0.969 0.000 0.000 0.000 0.000 0.000 0.000
0.000 0.000 0.000 0.000 0.000 0.976 0.000 0.000 0.165 0.000 0.000 0.000 0.000 0.000 0.000 0.000 0.000 0.983 0.992 1.000 0.989 0.000 0.000 0.006 0.944 0.997 0.000 0.990 0.935 0.000 0.000 0.000 0.000 0.000
0.000 0.000 0.000 0.000 0.000 0.995 0.000 0.000 0.000 0.000 0.000 0.000 0.000 0.000 0.000 0.000 0.074 0.966 1.000 0.983 0.101 0.000 0.000 0.000 0.000 0.969 0.990 0.000 0.992 0.987 0.963 1.000 0.805 0.060
0.000 0.000 0.000 0.000 0.000 0.000 0.000 0.000 0.000 0.049 0.642 0.006 0.205 0.798 0.129 0.985 0.995 0.999 0.999 0.000 0.000 0.000 0.000 0.000 0.000 0.000 0.935 0.992 0.000 0.991 0.981 0.010 0.000 0.000
0.000 0.000 0.000 0.000 0.000 0.040 0.000 0.000 0.000 0.000 0.000 0.001 0.000 0.000 0.000 0.097 0.024 0.460 0.998 0.000 0.000 0.000 0.000 0.000 0.000 0.000 0.000 0.987 0.991 0.000 1.000 0.981 0.055 0.154
0.692 0.982 0.532 0.000 0.000 0.001 0.000 0.511 0.000 0.000 0.000 0.036 0.000 0.000 0.000 0.001 0.055 0.000 0.998 0.000 0.000 0.000 0.000 0.000 0.000 0.000 0.000 0.963 0.981 1.000 0.000 0.989 0.995 0.620
0.176 0.994 0.997 0.000 0.000 0.995 0.288 0.002 0.000 0.000 0.000 0.017 0.000 0.000 0.000 0.000 0.000 0.000 0.998 0.157 0.067 0.000 0.000 0.000 0.000 0.000 0.000 1.000 0.010 0.981 0.989 0.000 1.000 0.980
0.252 0.437 0.993 0.000 0.000 0.162 0.000 0.000 0.000 0.000 0.000 0.258 0.002 0.000 0.000 0.000 0.000 0.000 0.000 0.000 0.000 0.000 0.000 0.000 0.000 0.000 0.000 0.805 0.000 0.055 0.995 1.000 0.000 0.998
0.295 0.245 0.520 0.084 0.001 0.023 0.000 0.000 0.000 0.000 0.000 0.295 0.004 0.000 0.000 0.000 0.000 0.000 0.000 0.000 0.000 0.000 0.000 0.000 0.000 0.000 0.000 0.060 0.000 0.154 0.620 0.980 0.998 0.000
