0.000 0.998 0.966 0.223 0.008 0.004 0.000 0.002 0.000 0.000 0.000 0.003 0.009 0.000 0.000 0.000 0.000 0.000 0.000 0.000 0.000 0.000 0.000 0.000 0.000 0.000 0.000 0.000 0.000 0.000 0.617 0.285 0.296 0.488
0.998 0.000 0.997 0.988 0.007 0.998 0.969 0.969 0.000 0.000 0.000 0.000 0.000 0.000 0.000 0.000 0.000 0.000 1.000 0.203 0.000 0.000 0.000 0.000 0.000 0.000 0.000 0.000 0.000 0.000 0.987 0.998 0.401 0.380
0.966 0.997 0.000 0.999 0.994 1.000 0.000 0.000 0.000 0.000 0.000 0.000 0.000 0.000 0.000 0.000 0.000 0.000 0.006 0.000 0.170 0.000 0.000 0.000 0.000 0.000 0.000 0.000 0.000 0.000 0.341 1.000 0.993 0.960
0.223 0.988 0.999 0.000 0.999 0.997 0.000 0.000 0.000 0.000 0.000 0.003 0.002 0.000 0.000 0.000 0.000 0.000 0.000 0.000 0.980 0.106 0.586 0.000 0.000 0.000 0.000 0.000 0.000 0.000 0.000 0.000 0.010 0.490
0.008 0.007 0.994 0.999 0.000 1.000 0.980 0.000 0.000 0.000 0.000 0.000 0.000 0.000 0.000 0.000 0.000 0.000 0.000 0.995 0.997 0.996 0.963 0.000 0.000 0.000 0.000 0.000 0.000 0.000 0.000 0.000 0.000 0.000
0.004 0.998 1.000 0.997 1.000 0.000 1.000 0.947 0.000 0.000 0.000 0.000 0.000 0.000 0.000 0.000 0.000 0.014 0.997 1.000 1.000 0.964 0.104 0.247 0.000 0.979 0.992 0.999 0.000 0.046 0.003 1.000 0.215 0.038
0.000 0.969 0.000 0.000 0.980 1.000 0.000 0.994 1.000 0.000 0.000 0.000 0.000 0.000 0.000 0.000 0.000 0.990 1.000 0.998 0.969 0.829 0.000 0.000 0.000 0.000 0.000 0.000 0.000 0.000 0.000 0.212 0.000 0.000
0.002 0.969 0.000 0.000 0.000 0.947 0.994 0.000 1.000 0.967 0.000 0.000 0.000 0.000 0.000 0.000 0.999 1.000 1.000 0.944 0.000 0.000 0.000 0.000 0.000 0.000 0.000 0.000 0.001 0.000 0.571 0.001 0.000 0.000
0.000 0.000 0.000 0.000 0.000 0.000 1.000 1.000 0.000 0.993 0.984 0.060 0.000 0.000 0.000 0.927 0.986 1.000 0.993 0.994 0.000 0.740 0.000 0.000 0.024 0.000 0.184 0.000 0.002 0.000 0.000 0.000 0.000 0.000
0.000 0.000 0.000 0.000 0.000 0.000 0.000 0.967 0.993 0.000 1.000 0.986 0.025 0.071 0.959 0.985 0.987 0.986 0.000 0.000 0.000 0.000 0.000 0.000 0.000 0.000 0.000 0.000 0.057 0.000 0.000 0.000 0.000 0.000
0.000 0.000 0.000 0.000 0.000 0.000 0.000 0.000 0.984 1.000 0.000 0.983 0.970 0.981 0.972 0.996 0.981 0.994 0.000 0.000 0.000 0.000 0.000 0.000 0.000 0.000 0.000 0.000 0.927 0.000 0.000 0.000 0.000 0.000
0.003 0.000 0.000 0.003 0.000 0.000 0.000 0.000 0.060 0.986 0.983 0.000 0.989 0.947 0.942 0.265 0.001 0.634 0.000 0.000 0.000 0.000 0.001 0.000 0.000 0.000 0.000 0.000 0.025 0.000 0.000 0.000 0.001 0.020
0.009 0.000 0.000 0.002 0.000 0.000 0.000 0.000 0.000 0.025 0.970 0.989 0.000 0.985 0.964 0.043 0.000 0.000 0.000 0.000 0.000 0.000 0.000 0.000 0.000 0.000 0.000 0.000 0.090 0.000 0.000 0.000 0.000 0.012
0.000 0.000 0.000 0.000 0.000 0.000 0.000 0.000 0.000 0.071 0.981 0.947 0.985 0.000 0.999 1.000 0.001 0.025 0.000 0.000 0.000 0.000 0.000 0.000 0.000 0.000 0.000 0.000 0.837 0.000 0.000 0.000 0.000 0.000
0.000 0.000 0.000 0.000 0.000 0.000 0.000 0.000 0.000 0.959 0.972 0.942 0.964 0.999 0.000 0.994 0.956 0.000 0.000 0.000 0.000 0.000 0.000 0.000 0.000 0.000 0.000 0.000 0.009 0.000 0.000 0.000 0.000 0.000
0.000 0.000 0.000 0.000 0.000 0.000 0.000 0.000 0.927 0.985 0.996 0.265 0.043 1.000 0.994 0.000 1.000 0.949 0.019 0.000 0.000 0.000 0.000 0.000 0.000 0.000 0.000 0.000 0.981 0.119 0.007 0.000 0.000 0.000
0.000 0.000 0.000 0.000 0.000 0.000 0.000 0.999 0.986 0.987 0.981 0.001 0.000 0.001 0.956 1.000 0.000 0.990 0.995 0.000 0.000 0.000 0.000 0.000 0.000 0.000 0.000 0.123 0.990 0.038 0.110 0.000 0.000 0.000
0.000 0.000 0.000 0.000 0.000 0.014 0.990 1.000 1.000 0.986 0.994 0.634 0.000 0.025 0.000 0.949 0.990 0.000 1.000 0.990 0.000 0.000 0.000 0.000 0.000 0.073 0.969 0.989 0.964 0.499 0.000 0.000 0.000 0.000
0.000 1.000 0.006 0.000 0.000 0.997 1.000 1.000 0.993 0.000 0.000 0.000 0.000 0.000 0.000 0.019 0.995 1.000 0.000 1.000 0.987 0.000 0.000 0.000 0.000 0.987 0.991 1.000 0.964 0.990 1.000 0.998 0.000 0.000
0.000 0.203 0.000 0.000 0.995 1.000 0.998 0.944 0.994 0.000 0.000 0.000 0.000 0.000 0.000 0.000 0.000 0.990 1.000 0.000 1.000 1.000 0.004 0.001 0.999 1.000 1.000 0.999 0.000 0.000 0.000 0.171 0.000 0.000
0.000 0.000 0.170 0.980 0.997 1.000 0.969 0.000 0.000 0.000 0.000 0.000 0.000 0.000 0.000 0.000 0.000 0.000 0.987 1.000 0.000 0.999 0.998 1.000 1.000 1.000 1.000 0.078 0.000 0.000 0.000 0.015 0.000 0.000
0.000 0.000 0.000 0.106 0.996 0.964 0.829 0.000 0.740 0.000 0.000 0.000 0.000 0.000 0.000 0.000 0.000 0.000 0.000 1.000 0.999 0.000 1.000 0.999 1.000 0.665 0.000 0.000 0.000 0.000 0.000 0.000 0.000 0.000
0.000 0.000 0.000 0.586 0.963 0.104 0.000 0.000 0.000 0.000 0.000 0.001 0.000 0.000 0.000 0.000 0.000 0.000 0.000 0.004 0.998 1.000 0.000 1.000 0.999 0.179 0.000 0.000 0.000 0.000 0.000 0.000 0.000 0.000
0.000 0.000 0.000 0.000 0.000 0.247 0.000 0.000 0.000 0.000 0.000 0.000 0.000 0.000 0.000 0.000 0.000 0.000 0.000 0.001 1.000 0.999 1.000 0.000 1.000 0.994 0.011 0.000 0.000 0.000 0.000 0.000 0.000 0.000
0.000 0.000 0.000 0.000 0.000 0.000 0.000 0.000 0.024 0.000 0.000 0.000 0.000 0.000 0.000 0.000 0.000 0.000 0.000 0.999 1.000 1.000 0.999 1.000 0.000 1.000 1.000 0.000 0.000 0.000 0.000 0.000 0.000 0.000
0.000 0.000 0.000 0.000 0.000 0.979 0.000 0.000 0.000 0.000 0.000 0.000 0.000 0.000 0.000 0.000 0.000 0.073 0.987 1.000 1.000 0.665 0.179 0.994 1.000 0.000 1.000 0.999 0.000 0.000 0.000 0.000 0.000 0.000
0.000 0.000 0.000 0.000 0.000 0.992 0.000 0.000 0.184 0.000 0.000 0.000 0.000 0.000 0.000 0.000 0.000 0.969 0.991 1.000 1.000 0.000 0.000 0.011 1.000 1.000 0.000 1.000 0.920 0.000 0.000 0.000 0.000 0.000
0.000 0.000 0.000 0.000 0.000 0.999 0.000 0.000 0.000 0.000 0.000 0.000 0.000 0.000 0.000 0.000 0.123 0.989 1.000 0.999 0.078 0.000 0.000 0.000 0.000 0.999 1.000 0.000 0.978 0.994 0.978 0.999 0.724 0.000
0.000 0.000 0.000 0.000 0.000 0.000 0.000 0.001 0.002 0.057 0.927 0.025 0.090 0.837 0.009 0.981 0.990 0.964 0.964 0.000 0.000 0.000 0.000 0.000 0.000 0.000 0.920 0.978 0.000 1.000 0.985 0.011 0.000 0.000
0.000 0.000 0.000 0.000 0.000 0.046 0.000 0.000 0.000 0.000 0.000 0.000 0.000 0.000 0.000 0.119 0.038 0.499 0.990 0.000 0.000 0.000 0.000 0.000 0.000 0.000 0.000 0.994 1.000 0.000 1.000 0.980 0.025 0.000
0.617 0.987 0.341 0.000 0.000 0.003 0.000 0.571 0.000 0.000 0.000 0.000 0.000 0.000 0.000 0.007 0.110 0.000 1.000 0.000 0.000 0.000 0.000 0.000 0.000 0.000 0.000 0.978 0.985 1.000 0.000 0.998 0.985 0.151
0.285 0.998 1.000 0.000 0.000 1.000 0.212 0.001 0.000 0.000 0.000 0.000 0.000 0.000 0.000 0.000 0.000 0.000 0.998 0.171 0.015 0.000 0.000 0.000 0.000 0.000 0.000 0.999 0.011 0.980 0.998 0.000 0.996 0.964
0.296 0.401 0.993 0.010 0.000 0.215 0.000 0.000 0.000 0.000 0.000 0.001 0.000 0.000 0.000 0.000 0.000 0.000 0.000 0.000 0.000 0.000 0.000 0.000 0.000 0.000 0.000 0.724 0.000 0.025 0.985 0.996 0.000 0.997
0.488 0.380 0.960 0.490 0.000 0.038 0.000 0.000 0.000 0.000 0.000 0.020 0.012 0.000 0.000 0.000 0.000 0.000 0.000 0.000 0.000 0.000 0.000 0.000 0.000 0.000 0.000 0.000 0.000 0.000 0.151 0.964 0.997 0.000
