0.000 1.000 0.983 0.188 0.005 0.002 0.000 0.010 0.000 0.000 0.000 0.000 0.000 0.000 0.000 0.000 0.000 0.000 0.003 0.000 0.000 0.000 0.000 0.000 0.000 0.000 0.000 0.000 0.000 0.000 0.783 0.076 0.145 0.426
1.000 0.000 0.999 0.918 0.006 0.975 0.909 0.963 0.000 0.000 0.000 0.000 0.000 0.000 0.000 0.000 0.000 0.000 0.962 0.184 0.000 0.003 0.000 0.000 0.000 0.000 0.000 0.000 0.000 0.000 0.976 0.974 0.270 0.335
0.983 0.999 0.000 0.984 0.879 0.982 0.000 0.000 0.000 0.000 0.000 0.000 0.000 0.000 0.000 0.000 0.000 0.000 0.008 0.000 0.157 0.005 0.000 0.000 0.000 0.000 0.000 0.000 0.000 0.000 0.584 0.944 0.946 0.979
0.188 0.918 0.984 0.000 0.984 0.962 0.000 0.000 0.000 0.000 0.000 0.000 0.001 0.005 0.001 0.001 0.000 0.000 0.000 0.000 0.730 0.101 0.695 0.008 0.000 0.000 0.000 0.000 0.000 0.000 0.000 0.000 0.010 0.368
0.005 0.006 0.879 0.984 0.000 0.987 0.920 0.000 0.000 0.000 0.000 0.000 0.000 0.000 0.000 0.000 0.000 0.000 0.000 0.846 0.946 0.973 0.948 0.163 0.000 0.000 0.000 0.000 0.000 0.000 0.000 0.000 0.000 0.000
0.002 0.975 0.982 0.962 0.987 0.000 0.999 0.936 0.000 0.000 0.000 0.000 0.000 0.000 0.000 0.000 0.000 0.015 0.998 0.998 0.998 0.931 0.212 0.424 0.000 0.941 0.958 0.983 0.000 0.036 0.000 0.991 0.155 0.029
0.000 0.909 0.000 0.000 0.920 0.999 0.000 0.998 0.994 0.000 0.000 0.000 0.000 0.000 0.000 0.000 0.000 0.857 0.966 0.989 0.920 0.948 0.000 0.000 0.000 0.000 0.000 0.000 0.000 0.000 0.000 0.215 0.000 0.000
0.010 0.963 0.000 0.000 0.000 0.936 0.998 0.000 0.981 0.937 0.000 0.002 0.000 0.000 0.000 0.000 0.984 0.956 0.999 0.936 0.000 0.000 0.000 0.000 0.000 0.000 0.000 0.000 0.000 0.000 0.467 0.001 0.000 0.000
0.000 0.000 0.000 0.000 0.000 0.000 0.994 0.981 0.000 1.000 0.987 0.030 0.000 0.000 0.000 0.975 0.981 1.000 0.996 1.000 0.000 0.792 0.000 0.000 0.011 0.000 0.123 0.000 0.000 0.000 0.000 0.000 0.000 0.000
0.000 0.000 0.000 0.000 0.000 0.000 0.000 0.937 1.000 0.000 0.999 0.984 0.020 0.050 0.979 0.995 0.992 0.999 0.000 0.000 0.000 0.000 0.000 0.000 0.000 0.000 0.000 0.000 0.111 0.000 0.000 0.000 0.000 0.000
0.000 0.000 0.000 0.000 0.000 0.000 0.000 0.000 0.987 0.999 0.000 0.995 0.996 0.993 0.995 0.993 0.968 1.000 0.000 0.000 0.000 0.000 0.000 0.000 0.000 0.000 0.000 0.000 0.931 0.000 0.000 0.000 0.000 0.000
0.000 0.000 0.000 0.000 0.000 0.000 0.000 0.002 0.030 0.984 0.995 0.000 0.995 0.955 0.946 0.194 0.000 0.613 0.000 0.000 0.000 0.000 0.000 0.000 0.000 0.000 0.000 0.000 0.003 0.000 0.001 0.000 0.007 0.001
0.000 0.000 0.000 0.001 0.000 0.000 0.000 0.000 0.000 0.020 0.996 0.995 0.000 0.993 0.965 0.060 0.000 0.000 0.000 0.000 0.000 0.000 0.001 0.000 0.000 0.000 0.000 0.000 0.049 0.000 0.000 0.000 0.000 0.000
0.000 0.000 0.000 0.005 0.000 0.000 0.000 0.000 0.000 0.050 0.993 0.955 0.993 0.000 0.998 0.998 0.000 0.006 0.000 0.000 0.000 0.000 0.006 0.000 0.000 0.000 0.000 0.000 0.687 0.000 0.000 0.000 0.000 0.000
0.000 0.000 0.000 0.001 0.000 0.000 0.000 0.000 0.000 0.979 0.995 0.946 0.965 0.998 0.000 1.000 0.991 0.000 0.000 0.000 0.000 0.000 0.000 0.000 0.000 0.000 0.000 0.000 0.001 0.000 0.000 0.000 0.000 0.000
0.000 0.000 0.000 0.001 0.000 0.000 0.000 0.000 0.975 0.995 0.993 0.194 0.060 0.998 1.000 0.000 1.000 0.996 0.001 0.000 0.000 0.000 0.002 0.000 0.000 0.000 0.000 0.000 0.958 0.101 0.000 0.000 0.000 0.000
0.000 0.000 0.000 0.000 0.000 0.000 0.000 0.984 0.981 0.992 0.968 0.000 0.000 0.000 0.991 1.000 0.000 0.998 0.995 0.000 0.000 0.000 0.000 0.000 0.000 0.000 0.000 0.124 0.985 0.035 0.060 0.000 0.000 0.000
0.000 0.000 0.000 0.000 0.000 0.015 0.857 0.956 1.000 0.999 1.000 0.613 0.000 0.006 0.000 0.996 0.998 0.000 0.999 0.966 0.001 0.000 0.000 0.000 0.000 0.029 0.972 0.986 0.974 0.526 0.000 0.000 0.000 0.000
0.003 0.962 0.008 0.000 0.000 0.998 0.966 0.999 0.996 0.000 0.000 0.000 0.000 0.000 0.000 0.001 0.995 0.999 0.000 0.990 0.869 0.000 0.000 0.000 0.000 0.883 0.951 0.995 0.962 0.932 0.975 0.984 0.000 0.000
0.000 0.184 0.000 0.000 0.846 0.998 0.989 0.936 1.000 0.000 0.000 0.000 0.000 0.000 0.000 0.000 0.000 0.966 0.990 0.000 1.000 0.982 0.015 0.002 0.990 0.988 0.984 0.922 0.000 0.000 0.000 0.142 0.000 0.000
0.000 0.000 0.157 0.730 0.946 0.998 0.920 0.000 0.000 0.000 0.000 0.000 0.000 0.000 0.000 0.000 0.000 0.001 0.869 1.000 0.000 0.991 0.961 0.985 0.971 0.990 0.927 0.120 0.000 0.000 0.000 0.056 0.000 0.000
0.000 0.003 0.005 0.101 0.973 0.931 0.948 0.000 0.792 0.000 0.000 0.000 0.000 0.000 0.000 0.000 0.000 0.000 0.000 0.982 0.991 0.000 0.987 0.955 0.967 0.309 0.000 0.000 0.000 0.000 0.000 0.000 0.000 0.000
0.000 0.000 0.000 0.695 0.948 0.212 0.000 0.000 0.000 0.000 0.000 0.000 0.001 0.006 0.000 0.002 0.000 0.000 0.000 0.015 0.961 0.987 0.000 0.985 0.955 0.122 0.000 0.000 0.000 0.000 0.000 0.000 0.000 0.000
0.000 0.000 0.000 0.008 0.163 0.424 0.000 0.000 0.000 0.000 0.000 0.000 0.000 0.000 0.000 0.000 0.000 0.000 0.000 0.002 0.985 0.955 0.985 0.000 0.991 0.963 0.003 0.000 0.000 0.000 0.000 0.000 0.000 0.000
0.000 0.000 0.000 0.000 0.000 0.000 0.000 0.000 0.011 0.000 0.000 0.000 0.000 0.000 0.000 0.000 0.000 0.000 0.000 0.990 0.971 0.967 0.955 0.991 0.000 0.981 0.901 0.000 0.000 0.000 0.000 0.000 0.000 0.000
0.000 0.000 0.000 0.000 0.000 0.941 0.000 0.000 0.000 0.000 0.000 0.000 0.000 0.000 0.000 0.000 0.000 0.029 0.883 0.988 0.990 0.309 0.122 0.963 0.981 0.000 0.993 0.913 0.000 0.000 0.000 0.000 0.000 0.000
0.000 0.000 0.000 0.000 0.000 0.958 0.000 0.000 0.123 0.000 0.000 0.000 0.000 0.000 0.000 0.000 0.000 0.972 0.951 0.984 0.927 0.000 0.000 0.003 0.901 0.993 0.000 0.990 0.870 0.000 0.000 0.000 0.000 0.000
0.000 0.000 0.000 0.000 0.000 0.983 0.000 0.000 0.000 0.000 0.000 0.000 0.000 0.000 0.000 0.000 0.124 0.986 0.995 0.922 0.120 0.000 0.000 0.000 0.000 0.913 0.990 0.000 0.994 1.000 0.929 0.968 0.669 0.000
0.000 0.000 0.000 0.000 0.000 0.000 0.000 0.000 0.000 0.111 0.931 0.003 0.049 0.687 0.001 0.958 0.985 0.974 0.962 0.000 0.000 0.000 0.000 0.000 0.000 0.000 0.870 0.994 0.000 0.986 0.846 0.008 0.000 0.000
0.000 0.000 0.000 0.000 0.000 0.036 0.000 0.000 0.000 0.000 0.000 0.000 0.000 0.000 0.000 0.101 0.035 0.526 0.932 0.000 0.000 0.000 0.000 0.000 0.000 0.000 0.000 1.000 0.986 0.000 0.993 0.950 0.041 0.000
0.783 0.976 0.584 0.000 0.000 0.000 0.000 0.467 0.000 0.000 0.000 0.001 0.000 0.000 0.000 0.000 0.060 0.000 0.975 0.000 0.000 0.000 0.000 0.000 0.000 0.000 0.000 0.929 0.846 0.993 0.000 0.999 0.976 0.432
0.076 0.974 0.944 0.000 0.000 0.991 0.215 0.001 0.000 0.000 0.000 0.000 0.000 0.000 0.000 0.000 0.000 0.000 0.984 0.142 0.056 0.000 0.000 0.000 0.000 0.000 0.000 0.968 0.008 0.950 0.999 0.000 0.995 0.923
0.145 0.270 0.946 0.010 0.000 0.155 0.000 0.000 0.000 0.000 0.000 0.007 0.000 0.000 0.000 0.000 0.000 0.000 0.000 0.000 0.000 0.000 0.000 0.000 0.000 0.000 0.000 0.669 0.000 0.041 0.976 0.995 0.000 0.977
0.426 0.335 0.979 0.368 0.000 0.029 0.000 0.000 0.000 0.000 0.000 0.001 0.000 0.000 0.000 0.000 0.000 0.000 0.000 0.000 0.000 0.000 0.000 0.000 0.000 0.000 0.000 0.000 0.000 0.000 0.432 0.923 0.977 0.000
