0.000 0.994 0.979 0.219 0.005 0.003 0.000 0.003 0.000 0.000 0.000 0.000 0.000 0.000 0.000 0.000 0.000 0.000 0.000 0.000 0.000 0.000 0.000 0.000 0.000 0.000 0.000 0.000 0.000 0.000 0.752 0.147 0.235 0.498
0.994 0.000 0.999 0.976 0.007 0.985 0.980 0.971 0.000 0.000 0.000 0.000 0.000 0.000 0.000 0.000 0.000 0.000 0.992 0.157 0.000 0.000 0.000 0.000 0.000 0.000 0.000 0.000 0.000 0.000 0.979 0.977 0.394 0.363
0.979 0.999 0.000 0.999 0.987 0.998 0.000 0.000 0.000 0.000 0.000 0.000 0.000 0.000 0.000 0.000 0.000 0.000 0.006 0.000 0.297 0.000 0.000 0.000 0.000 0.000 0.000 0.000 0.000 0.000 0.492 0.973 0.945 0.896
0.219 0.976 0.999 0.000 0.992 0.987 0.000 0.000 0.000 0.000 0.000 0.000 0.000 0.000 0.000 0.000 0.000 0.000 0.000 0.000 0.873 0.038 0.834 0.021 0.000 0.000 0.000 0.000 0.000 0.000 0.000 0.000 0.012 0.424
0.005 0.007 0.987 0.992 0.000 0.999 0.985 0.000 0.000 0.000 0.000 0.000 0.000 0.000 0.000 0.000 0.000 0.000 0.000 0.954 0.976 0.996 0.996 0.238 0.000 0.000 0.000 0.000 0.000 0.000 0.000 0.000 0.000 0.000
0.003 0.985 0.998 0.987 0.999 0.000 1.000 0.931 0.000 0.000 0.000 0.000 0.000 0.000 0.000 0.000 0.000 0.021 0.989 1.000 1.000 0.982 0.195 0.670 0.000 0.990 0.987 0.977 0.000 0.011 0.001 0.994 0.154 0.023
0.000 0.980 0.000 0.000 0.985 1.000 0.000 0.987 1.000 0.000 0.000 0.000 0.000 0.000 0.000 0.000 0.000 0.915 0.977 0.991 0.959 0.969 0.000 0.000 0.000 0.000 0.000 0.000 0.000 0.000 0.000 0.256 0.000 0.000
0.003 0.971 0.000 0.000 0.000 0.931 0.987 0.000 0.996 0.950 0.000 0.000 0.000 0.000 0.000 0.000 0.988 0.973 0.999 0.933 0.000 0.000 0.000 0.000 0.000 0.000 0.000 0.000 0.003 0.000 0.544 0.002 0.000 0.000
0.000 0.000 0.000 0.000 0.000 0.000 1.000 0.996 0.000 0.989 0.870 0.165 0.000 0.000 0.001 0.789 0.978 0.999 0.995 0.999 0.001 0.772 0.000 0.000 0.014 0.000 0.082 0.000 0.002 0.000 0.000 0.000 0.000 0.000
0.000 0.000 0.000 0.000 0.000 0.000 0.000 0.950 0.989 0.000 0.995 0.952 0.024 0.297 0.908 0.981 1.000 0.980 0.000 0.000 0.000 0.000 0.000 0.000 0.000 0.000 0.000 0.000 0.060 0.000 0.000 0.000 0.000 0.000
0.000 0.000 0.000 0.000 0.000 0.000 0.000 0.000 0.870 0.995 0.000 0.999 0.967 0.833 0.884 0.981 0.956 0.946 0.000 0.000 0.000 0.000 0.000 0.000 0.000 0.000 0.000 0.000 0.942 0.000 0.000 0.000 0.000 0.000
0.000 0.000 0.000 0.000 0.000 0.000 0.000 0.000 0.165 0.952 0.999 0.000 0.995 0.946 0.620 0.155 0.000 0.633 0.000 0.013 0.000 0.000 0.000 0.000 0.000 0.000 0.005 0.000 0.102 0.000 0.000 0.000 0.000 0.004
0.000 0.000 0.000 0.000 0.000 0.000 0.000 0.000 0.000 0.024 0.967 0.995 0.000 0.994 0.944 0.634 0.000 0.004 0.000 0.000 0.000 0.000 0.000 0.000 0.000 0.000 0.000 0.000 0.208 0.000 0.000 0.000 0.000 0.000
0.000 0.000 0.000 0.000 0.000 0.000 0.000 0.000 0.000 0.297 0.833 0.946 0.994 0.000 0.981 0.967 0.001 0.001 0.000 0.000 0.000 0.000 0.000 0.000 0.000 0.000 0.000 0.000 0.113 0.000 0.000 0.000 0.000 0.000
0.000 0.000 0.000 0.000 0.000 0.000 0.000 0.000 0.001 0.908 0.884 0.620 0.944 0.981 0.000 0.995 0.887 0.000 0.000 0.000 0.000 0.000 0.000 0.000 0.000 0.000 0.000 0.000 0.012 0.000 0.000 0.000 0.000 0.000
0.000 0.000 0.000 0.000 0.000 0.000 0.000 0.000 0.789 0.981 0.981 0.155 0.634 0.967 0.995 0.000 0.989 0.878 0.007 0.000 0.000 0.000 0.000 0.000 0.000 0.000 0.000 0.001 0.980 0.169 0.001 0.000 0.000 0.000
0.000 0.000 0.000 0.000 0.000 0.000 0.000 0.988 0.978 1.000 0.956 0.000 0.000 0.001 0.887 0.989 0.000 0.987 0.973 0.000 0.000 0.000 0.000 0.000 0.000 0.000 0.000 0.056 0.986 0.016 0.049 0.000 0.000 0.000
0.000 0.000 0.000 0.000 0.000 0.021 0.915 0.973 0.999 0.980 0.946 0.633 0.004 0.001 0.000 0.878 0.987 0.000 1.000 0.991 0.001 0.000 0.000 0.000 0.000 0.051 0.990 0.997 0.997 0.459 0.000 0.000 0.000 0.000
0.000 0.992 0.006 0.000 0.000 0.989 0.977 0.999 0.995 0.000 0.000 0.000 0.000 0.000 0.000 0.007 0.973 1.000 0.000 0.990 0.950 0.000 0.000 0.000 0.000 0.970 0.988 0.999 0.982 0.997 0.998 1.000 0.000 0.000
0.000 0.157 0.000 0.000 0.954 1.000 0.991 0.933 0.999 0.000 0.000 0.013 0.000 0.000 0.000 0.000 0.000 0.991 0.990 0.000 1.000 0.992 0.022 0.000 0.997 1.000 0.997 0.963 0.000 0.000 0.000 0.153 0.000 0.000
0.000 0.000 0.297 0.873 0.976 1.000 0.959 0.000 0.001 0.000 0.000 0.000 0.000 0.000 0.000 0.000 0.000 0.001 0.950 1.000 0.000 0.999 0.993 1.000 0.998 0.992 0.965 0.039 0.000 0.000 0.000 0.062 0.000 0.000
0.000 0.000 0.000 0.038 0.996 0.982 0.969 0.000 0.772 0.000 0.000 0.000 0.000 0.000 0.000 0.000 0.000 0.000 0.000 0.992 0.999 0.000 1.000 0.995 0.988 0.234 0.000 0.000 0.000 0.000 0.000 0.000 0.000 0.000
0.000 0.000 0.000 0.834 0.996 0.195 0.000 0.000 0.000 0.000 0.000 0.000 0.000 0.000 0.000 0.000 0.000 0.000 0.000 0.022 0.993 1.000 0.000 0.993 0.985 0.164 0.000 0.000 0.000 0.000 0.000 0.000 0.000 0.000
0.000 0.000 0.000 0.021 0.238 0.670 0.000 0.000 0.000 0.000 0.000 0.000 0.000 0.000 0.000 0.000 0.000 0.000 0.000 0.000 1.000 0.995 0.993 0.000 1.000 0.993 0.001 0.000 0.000 0.000 0.000 0.000 0.000 0.000
0.000 0.000 0.000 0.000 0.000 0.000 0.000 0.000 0.014 0.000 0.000 0.000 0.000 0.000 0.000 0.000 0.000 0.000 0.000 0.997 0.998 0.988 0.985 1.000 0.000 1.000 0.983 0.000 0.000 0.000 0.000 0.000 0.000 0.000
0.000 0.000 0.000 0.000 0.000 0.990 0.000 0.000 0.000 0.000 0.000 0.000 0.000 0.000 0.000 0.000 0.000 0.051 0.970 1.000 0.992 0.234 0.164 0.993 1.000 0.000 0.995 0.962 0.000 0.000 0.000 0.000 0.000 0.000
0.000 0.000 0.000 0.000 0.000 0.987 0.000 0.000 0.082 0.000 0.000 0.005 0.000 0.000 0.000 0.000 0.000 0.990 0.988 0.997 0.965 0.000 0.000 0.001 0.983 0.995 0.000 0.998 0.950 0.000 0.000 0.000 0.000 0.000
0.000 0.000 0.000 0.000 0.000 0.977 0.000 0.000 0.000 0.000 0.000 0.000 0.000 0.000 0.000 0.001 0.056 0.997 0.999 0.963 0.039 0.000 0.000 0.000 0.000 0.962 0.998 0.000 0.993 0.994 0.952 0.984 0.662 0.000
0.000 0.000 0.000 0.000 0.000 0.000 0.000 0.003 0.002 0.060 0.942 0.102 0.208 0.113 0.012 0.980 0.986 0.997 0.982 0.000 0.000 0.000 0.000 0.000 0.000 0.000 0.950 0.993 0.000 1.000 0.958 0.013 0.000 0.000
0.000 0.000 0.000 0.000 0.000 0.011 0.000 0.000 0.000 0.000 0.000 0.000 0.000 0.000 0.000 0.169 0.016 0.459 0.997 0.000 0.000 0.000 0.000 0.000 0.000 0.000 0.000 0.994 1.000 0.000 0.996 0.967 0.027 0.000
0.752 0.979 0.492 0.000 0.000 0.001 0.000 0.544 0.000 0.000 0.000 0.000 0.000 0.000 0.000 0.001 0.049 0.000 0.998 0.000 0.000 0.000 0.000 0.000 0.000 0.000 0.000 0.952 0.958 0.996 0.000 0.995 0.939 0.225
0.147 0.977 0.973 0.000 0.000 0.994 0.256 0.002 0.000 0.000 0.000 0.000 0.000 0.000 0.000 0.000 0.000 0.000 1.000 0.153 0.062 0.000 0.000 0.000 0.000 0.000 0.000 0.984 0.013 0.967 0.995 0.000 0.954 0.799
0.235 0.394 0.945 0.012 0.000 0.154 0.000 0.000 0.000 0.000 0.000 0.000 0.000 0.000 0.000 0.000 0.000 0.000 0.000 0.000 0.000 0.000 0.000 0.000 0.000 0.000 0.000 0.662 0.000 0.027 0.939 0.954 0.000 0.979
0.498 0.363 0.896 0.424 0.000 0.023 0.000 0.000 0.000 0.000 0.000 0.004 0.000 0.000 0.000 0.000 0.000 0.000 0.000 0.000 0.000 0.000 0.000 0.000 0.000 0.000 0.000 0.000 0.000 0.000 0.225 0.799 0.979 0.000
