0.000 0.992 0.933 0.257 0.010 0.006 0.001 0.004 0.000 0.000 0.000 0.000 0.000 0.000 0.000 0.000 0.000 0.000 0.000 0.000 0.000 0.001 0.000 0.000 0.000 0.000 0.000 0.000 0.000 0.000 0.547 0.159 0.179 0.258
0.992 0.000 1.000 0.926 0.004 0.979 0.962 0.976 0.000 0.000 0.000 0.000 0.000 0.000 0.000 0.000 0.000 0.000 0.990 0.213 0.000 0.001 0.000 0.000 0.000 0.000 0.000 0.000 0.000 0.000 0.962 0.989 0.283 0.205
0.933 1.000 0.000 0.994 0.889 0.971 0.000 0.000 0.000 0.000 0.000 0.000 0.000 0.000 0.000 0.000 0.000 0.000 0.006 0.000 0.195 0.005 0.000 0.000 0.000 0.000 0.000 0.000 0.000 0.000 0.501 0.981 0.982 0.987
0.257 0.926 0.994 0.000 0.976 0.953 0.000 0.000 0.000 0.000 0.000 0.000 0.000 0.000 0.000 0.000 0.000 0.000 0.000 0.000 0.802 0.106 0.462 0.006 0.000 0.000 0.000 0.000 0.000 0.000 0.000 0.000 0.024 0.592
0.010 0.004 0.889 0.976 0.000 0.990 0.984 0.000 0.000 0.000 0.000 0.000 0.000 0.000 0.000 0.000 0.000 0.000 0.000 0.952 0.981 0.993 0.991 0.211 0.000 0.000 0.000 0.000 0.000 0.000 0.000 0.000 0.000 0.003
0.006 0.979 0.971 0.953 0.990 0.000 1.000 0.955 0.000 0.000 0.000 0.000 0.000 0.000 0.000 0.000 0.000 0.036 0.998 1.000 1.000 0.962 0.187 0.479 0.000 0.987 0.994 0.998 0.000 0.017 0.001 0.997 0.191 0.376
0.001 0.962 0.000 0.000 0.984 1.000 0.000 0.989 0.999 0.000 0.000 0.000 0.000 0.000 0.000 0.000 0.000 0.936 0.988 1.000 0.992 0.974 0.000 0.000 0.000 0.000 0.000 0.000 0.000 0.000 0.000 0.311 0.000 0.000
0.004 0.976 0.000 0.000 0.000 0.955 0.989 0.000 1.000 0.872 0.000 0.000 0.000 0.000 0.000 0.000 0.976 0.990 0.999 0.974 0.000 0.000 0.000 0.000 0.000 0.000 0.000 0.000 0.001 0.000 0.416 0.002 0.000 0.000
0.000 0.000 0.000 0.000 0.000 0.000 0.999 1.000 0.000 0.972 0.900 0.011 0.000 0.000 0.000 0.869 0.951 1.000 0.968 0.996 0.001 0.824 0.000 0.000 0.023 0.000 0.096 0.000 0.001 0.000 0.000 0.000 0.000 0.000
0.000 0.000 0.000 0.000 0.000 0.000 0.000 0.872 0.972 0.000 1.000 0.994 0.017 0.062 0.971 0.996 0.995 0.964 0.000 0.000 0.000 0.000 0.000 0.000 0.000 0.000 0.000 0.000 0.061 0.000 0.000 0.000 0.000 0.000
0.000 0.000 0.000 0.000 0.000 0.000 0.000 0.000 0.900 1.000 0.000 0.980 0.992 0.997 0.987 0.994 0.986 0.965 0.000 0.000 0.000 0.000 0.000 0.000 0.000 0.000 0.000 0.000 0.945 0.000 0.000 0.000 0.000 0.000
0.000 0.000 0.000 0.000 0.000 0.000 0.000 0.000 0.011 0.994 0.980 0.000 0.998 0.971 0.978 0.455 0.000 0.428 0.000 0.000 0.000 0.000 0.014 0.019 0.001 0.000 0.000 0.000 0.012 0.000 0.000 0.000 0.005 0.007
0.000 0.000 0.000 0.000 0.000 0.000 0.000 0.000 0.000 0.017 0.992 0.998 0.000 0.995 0.989 0.086 0.000 0.000 0.000 0.000 0.000 0.000 0.000 0.000 0.000 0.000 0.000 0.000 0.100 0.000 0.000 0.000 0.000 0.000
0.000 0.000 0.000 0.000 0.000 0.000 0.000 0.000 0.000 0.062 0.997 0.971 0.995 0.000 0.995 0.997 0.002 0.043 0.000 0.000 0.000 0.000 0.000 0.000 0.000 0.000 0.000 0.000 0.702 0.000 0.000 0.000 0.000 0.000
0.000 0.000 0.000 0.000 0.000 0.000 0.000 0.000 0.000 0.971 0.987 0.978 0.989 0.995 0.000 0.978 0.928 0.000 0.000 0.000 0.000 0.000 0.000 0.000 0.000 0.000 0.000 0.000 0.025 0.000 0.000 0.000 0.000 0.000
0.000 0.000 0.000 0.000 0.000 0.000 0.000 0.000 0.869 0.996 0.994 0.455 0.086 0.997 0.978 0.000 1.000 0.900 0.008 0.000 0.000 0.000 0.000 0.000 0.000 0.000 0.000 0.000 0.986 0.232 0.003 0.000 0.000 0.000
0.000 0.000 0.000 0.000 0.000 0.000 0.000 0.976 0.951 0.995 0.986 0.000 0.000 0.002 0.928 1.000 0.000 0.960 0.894 0.000 0.000 0.000 0.000 0.000 0.000 0.000 0.000 0.065 0.986 0.018 0.061 0.000 0.000 0.000
0.000 0.000 0.000 0.000 0.000 0.036 0.936 0.990 1.000 0.964 0.965 0.428 0.000 0.043 0.000 0.900 0.960 0.000 0.999 0.998 0.007 0.000 0.000 0.000 0.000 0.093 0.998 0.998 1.000 0.463 0.000 0.000 0.000 0.000
0.000 0.990 0.006 0.000 0.000 0.998 0.988 0.999 0.968 0.000 0.000 0.000 0.000 0.000 0.000 0.008 0.894 0.999 0.000 0.998 0.952 0.000 0.000 0.000 0.000 0.972 1.000 1.000 1.000 0.998 0.987 1.000 0.000 0.000
0.000 0.213 0.000 0.000 0.952 1.000 1.000 0.974 0.996 0.000 0.000 0.000 0.000 0.000 0.000 0.000 0.000 0.998 0.998 0.000 1.000 0.996 0.021 0.004 0.996 1.000 1.000 0.993 0.000 0.000 0.000 0.226 0.000 0.000
0.000 0.000 0.195 0.802 0.981 1.000 0.992 0.000 0.001 0.000 0.000 0.000 0.000 0.000 0.000 0.000 0.000 0.007 0.952 1.000 0.000 0.993 0.987 1.000 0.999 0.996 0.977 0.077 0.000 0.000 0.000 0.072 0.000 0.173
0.001 0.001 0.005 0.106 0.993 0.962 0.974 0.000 0.824 0.000 0.000 0.000 0.000 0.000 0.000 0.000 0.000 0.000 0.000 0.996 0.993 0.000 1.000 0.987 0.987 0.313 0.000 0.000 0.000 0.000 0.000 0.000 0.000 0.000
0.000 0.000 0.000 0.462 0.991 0.187 0.000 0.000 0.000 0.000 0.000 0.014 0.000 0.000 0.000 0.000 0.000 0.000 0.000 0.021 0.987 1.000 0.000 0.994 0.980 0.169 0.000 0.000 0.000 0.000 0.000 0.000 0.000 0.000
0.000 0.000 0.000 0.006 0.211 0.479 0.000 0.000 0.000 0.000 0.000 0.019 0.000 0.000 0.000 0.000 0.000 0.000 0.000 0.004 1.000 0.987 0.994 0.000 1.000 0.990 0.001 0.000 0.000 0.000 0.000 0.000 0.000 0.005
0.000 0.000 0.000 0.000 0.000 0.000 0.000 0.000 0.023 0.000 0.000 0.001 0.000 0.000 0.000 0.000 0.000 0.000 0.000 0.996 0.999 0.987 0.980 1.000 0.000 0.991 0.969 0.000 0.000 0.000 0.000 0.000 0.000 0.000
0.000 0.000 0.000 0.000 0.000 0.987 0.000 0.000 0.000 0.000 0.000 0.000 0.000 0.000 0.000 0.000 0.000 0.093 0.972 1.000 0.996 0.313 0.169 0.990 0.991 0.000 0.999 0.972 0.000 0.000 0.000 0.000 0.000 0.000
0.000 0.000 0.000 0.000 0.000 0.994 0.000 0.000 0.096 0.000 0.000 0.000 0.000 0.000 0.000 0.000 0.000 0.998 1.000 1.000 0.977 0.000 0.000 0.001 0.969 0.999 0.000 1.000 0.985 0.000 0.000 0.000 0.000 0.000
0.000 0.000 0.000 0.000 0.000 0.998 0.000 0.000 0.000 0.000 0.000 0.000 0.000 0.000 0.000 0.000 0.065 0.998 1.000 0.993 0.077 0.000 0.000 0.000 0.000 0.972 1.000 0.000 0.999 0.995 0.935 0.999 0.725 0.055
0.000 0.000 0.000 0.000 0.000 0.000 0.000 0.001 0.001 0.061 0.945 0.012 0.100 0.702 0.025 0.986 0.986 1.000 1.000 0.000 0.000 0.000 0.000 0.000 0.000 0.000 0.985 0.999 0.000 0.996 0.922 0.009 0.000 0.000
0.000 0.000 0.000 0.000 0.000 0.017 0.000 0.000 0.000 0.000 0.000 0.000 0.000 0.000 0.000 0.232 0.018 0.463 0.998 0.000 0.000 0.000 0.000 0.000 0.000 0.000 0.000 0.995 0.996 0.000 0.997 0.996 0.045 0.000
0.547 0.962 0.501 0.000 0.000 0.001 0.000 0.416 0.000 0.000 0.000 0.000 0.000 0.000 0.000 0.003 0.061 0.000 0.987 0.000 0.000 0.000 0.000 0.000 0.000 0.000 0.000 0.935 0.922 0.997 0.000 0.992 0.982 0.090
0.159 0.989 0.981 0.000 0.000 0.997 0.311 0.002 0.000 0.000 0.000 0.000 0.000 0.000 0.000 0.000 0.000 0.000 1.000 0.226 0.072 0.000 0.000 0.000 0.000 0.000 0.000 0.999 0.009 0.996 0.992 0.000 0.995 0.946
0.179 0.283 0.982 0.024 0.000 0.191 0.000 0.000 0.000 0.000 0.000 0.005 0.000 0.000 0.000 0.000 0.000 0.000 0.000 0.000 0.000 0.000 0.000 0.000 0.000 0.000 0.000 0.725 0.000 0.045 0.982 0.995 0.000 0.982
0.258 0.205 0.987 0.592 0.003 0.376 0.000 0.000 0.000 0.000 0.000 0.007 0.000 0.000 0.000 0.000 0.000 0.000 0.000 0.000 0.173 0.000 0.000 0.005 0.000 0.000 0.000 0.055 0.000 0.000 0.090 0.946 0.982 0.000
