0.000 0.997 0.989 0.327 0.005 0.004 0.000 0.001 0.000 0.000 0.000 0.005 0.024 0.018 0.001 0.000 0.000 0.000 0.000 0.000 0.000 0.000 0.000 0.000 0.000 0.000 0.000 0.000 0.000 0.000 0.606 0.368 0.426 0.597
0.997 0.000 1.000 0.991 0.006 0.993 0.976 0.942 0.000 0.000 0.000 0.000 0.000 0.000 0.000 0.000 0.000 0.000 0.985 0.134 0.000 0.000 0.000 0.000 0.000 0.000 0.000 0.000 0.000 0.000 0.975 0.988 0.577 0.495
0.989 1.000 0.000 1.000 1.000 1.000 0.000 0.000 0.000 0.000 0.000 0.000 0.000 0.000 0.000 0.000 0.000 0.000 0.003 0.000 0.382 0.001 0.000 0.000 0.000 0.000 0.000 0.000 0.000 0.000 0.277 0.999 0.999 0.994
0.327 0.991 1.000 0.000 1.000 0.989 0.000 0.000 0.000 0.000 0.000 0.000 0.023 0.004 0.000 0.000 0.000 0.000 0.000 0.000 0.959 0.046 0.898 0.024 0.000 0.000 0.000 0.000 0.000 0.000 0.000 0.000 0.011 0.549
0.005 0.006 1.000 1.000 0.000 1.000 0.998 0.000 0.001 0.000 0.000 0.000 0.000 0.000 0.000 0.000 0.000 0.000 0.000 0.997 1.000 0.998 0.999 0.268 0.000 0.000 0.000 0.000 0.000 0.000 0.000 0.000 0.000 0.000
0.004 0.993 1.000 0.989 1.000 0.000 1.000 0.996 0.000 0.000 0.000 0.000 0.000 0.000 0.000 0.000 0.000 0.046 1.000 1.000 1.000 0.990 0.186 0.811 0.000 0.999 0.986 1.000 0.000 0.003 0.000 1.000 0.165 0.044
0.000 0.976 0.000 0.000 0.998 1.000 0.000 0.998 0.995 0.000 0.000 0.000 0.000 0.000 0.000 0.000 0.000 0.961 1.000 1.000 1.000 0.815 0.000 0.000 0.000 0.000 0.000 0.000 0.000 0.000 0.000 0.270 0.000 0.000
0.001 0.942 0.000 0.000 0.000 0.996 0.998 0.000 1.000 0.928 0.000 0.001 0.000 0.000 0.000 0.000 0.982 0.995 1.000 0.997 0.000 0.018 0.000 0.000 0.000 0.000 0.000 0.000 0.001 0.000 0.454 0.001 0.000 0.000
0.000 0.000 0.000 0.000 0.001 0.000 0.995 1.000 0.000 0.972 0.909 0.053 0.000 0.000 0.000 0.899 0.980 1.000 0.993 0.998 0.002 0.702 0.000 0.000 0.014 0.000 0.110 0.000 0.000 0.000 0.000 0.000 0.000 0.000
0.000 0.000 0.000 0.000 0.000 0.000 0.000 0.928 0.972 0.000 1.000 0.976 0.029 0.074 0.956 1.000 0.999 0.984 0.000 0.000 0.000 0.000 0.000 0.000 0.000 0.000 0.000 0.000 0.012 0.000 0.000 0.000 0.000 0.000
0.000 0.000 0.000 0.000 0.000 0.000 0.000 0.000 0.909 1.000 0.000 0.988 0.921 0.980 0.966 0.996 0.979 0.953 0.000 0.000 0.000 0.000 0.000 0.000 0.000 0.000 0.000 0.000 0.214 0.000 0.000 0.000 0.000 0.000
0.005 0.000 0.000 0.000 0.000 0.000 0.000 0.001 0.053 0.976 0.988 0.000 0.993 0.983 0.967 0.331 0.001 0.303 0.000 0.000 0.000 0.000 0.001 0.000 0.000 0.000 0.000 0.000 0.000 0.000 0.000 0.000 0.000 0.002
0.024 0.000 0.000 0.023 0.000 0.000 0.000 0.000 0.000 0.029 0.921 0.993 0.000 0.983 0.919 0.061 0.000 0.000 0.000 0.000 0.000 0.000 0.000 0.000 0.000 0.000 0.000 0.000 0.012 0.000 0.000 0.000 0.000 0.007
0.018 0.000 0.000 0.004 0.000 0.000 0.000 0.000 0.000 0.074 0.980 0.983 0.983 0.000 0.993 0.968 0.008 0.025 0.000 0.000 0.000 0.000 0.000 0.000 0.000 0.000 0.000 0.000 0.171 0.000 0.000 0.000 0.000 0.001
0.001 0.000 0.000 0.000 0.000 0.000 0.000 0.000 0.000 0.956 0.966 0.967 0.919 0.993 0.000 0.979 0.870 0.000 0.000 0.000 0.000 0.000 0.000 0.000 0.000 0.000 0.000 0.000 0.002 0.000 0.000 0.000 0.000 0.000
0.000 0.000 0.000 0.000 0.000 0.000 0.000 0.000 0.899 1.000 0.996 0.331 0.061 0.968 0.979 0.000 0.993 0.932 0.002 0.000 0.000 0.000 0.000 0.000 0.000 0.000 0.046 0.044 0.773 0.005 0.000 0.000 0.000 0.000
0.000 0.000 0.000 0.000 0.000 0.000 0.000 0.982 0.980 0.999 0.979 0.001 0.000 0.008 0.870 0.993 0.000 0.986 0.939 0.000 0.000 0.000 0.000 0.000 0.000 0.000 0.000 0.020 0.961 0.017 0.047 0.000 0.000 0.000
0.000 0.000 0.000 0.000 0.000 0.046 0.961 0.995 1.000 0.984 0.953 0.303 0.000 0.025 0.000 0.932 0.986 0.000 0.997 0.994 0.000 0.000 0.000 0.000 0.000 0.037 0.997 0.999 1.000 0.389 0.000 0.000 0.000 0.000
0.000 0.985 0.003 0.000 0.000 1.000 1.000 1.000 0.993 0.000 0.000 0.000 0.000 0.000 0.000 0.002 0.939 0.997 0.000 1.000 0.988 0.000 0.000 0.000 0.000 0.994 1.000 1.000 0.989 1.000 1.000 0.999 0.000 0.000
0.000 0.134 0.000 0.000 0.997 1.000 1.000 0.997 0.998 0.000 0.000 0.000 0.000 0.000 0.000 0.000 0.000 0.994 1.000 0.000 1.000 1.000 0.013 0.000 0.995 1.000 1.000 0.995 0.000 0.000 0.000 0.166 0.000 0.000
0.000 0.000 0.382 0.959 1.000 1.000 1.000 0.000 0.002 0.000 0.000 0.000 0.000 0.000 0.000 0.000 0.000 0.000 0.988 1.000 0.000 1.000 0.999 1.000 0.980 1.000 0.986 0.016 0.000 0.000 0.000 0.060 0.000 0.000
0.000 0.000 0.001 0.046 0.998 0.990 0.815 0.018 0.702 0.000 0.000 0.000 0.000 0.000 0.000 0.000 0.000 0.000 0.000 1.000 1.000 0.000 1.000 1.000 0.998 0.309 0.000 0.000 0.000 0.000 0.000 0.000 0.000 0.000
0.000 0.000 0.000 0.898 0.999 0.186 0.000 0.000 0.000 0.000 0.000 0.001 0.000 0.000 0.000 0.000 0.000 0.000 0.000 0.013 0.999 1.000 0.000 0.999 0.995 0.204 0.000 0.000 0.000 0.000 0.000 0.000 0.000 0.000
0.000 0.000 0.000 0.024 0.268 0.811 0.000 0.000 0.000 0.000 0.000 0.000 0.000 0.000 0.000 0.000 0.000 0.000 0.000 0.000 1.000 1.000 0.999 0.000 1.000 1.000 0.000 0.000 0.000 0.000 0.000 0.000 0.000 0.000
0.000 0.000 0.000 0.000 0.000 0.000 0.000 0.000 0.014 0.000 0.000 0.000 0.000 0.000 0.000 0.000 0.000 0.000 0.000 0.995 0.980 0.998 0.995 1.000 0.000 0.985 0.958 0.000 0.000 0.000 0.000 0.000 0.000 0.000
0.000 0.000 0.000 0.000 0.000 0.999 0.000 0.000 0.000 0.000 0.000 0.000 0.000 0.000 0.000 0.000 0.000 0.037 0.994 1.000 1.000 0.309 0.204 1.000 0.985 0.000 0.997 0.994 0.000 0.000 0.000 0.000 0.000 0.000
0.000 0.000 0.000 0.000 0.000 0.986 0.000 0.000 0.110 0.000 0.000 0.000 0.000 0.000 0.000 0.046 0.000 0.997 1.000 1.000 0.986 0.000 0.000 0.000 0.958 0.997 0.000 1.000 0.989 0.000 0.000 0.000 0.000 0.000
0.000 0.000 0.000 0.000 0.000 1.000 0.000 0.000 0.000 0.000 0.000 0.000 0.000 0.000 0.000 0.044 0.020 0.999 1.000 0.995 0.016 0.000 0.000 0.000 0.000 0.994 1.000 0.000 0.998 1.000 1.000 1.000 0.755 0.000
0.000 0.000 0.000 0.000 0.000 0.000 0.000 0.001 0.000 0.012 0.214 0.000 0.012 0.171 0.002 0.773 0.961 1.000 0.989 0.000 0.000 0.000 0.000 0.000 0.000 0.000 0.989 0.998 0.000 0.995 0.961 0.036 0.000 0.000
0.000 0.000 0.000 0.000 0.000 0.003 0.000 0.000 0.000 0.000 0.000 0.000 0.000 0.000 0.000 0.005 0.017 0.389 1.000 0.000 0.000 0.000 0.000 0.000 0.000 0.000 0.000 1.000 0.995 0.000 1.000 0.996 0.039 0.000
0.606 0.975 0.277 0.000 0.000 0.000 0.000 0.454 0.000 0.000 0.000 0.000 0.000 0.000 0.000 0.000 0.047 0.000 1.000 0.000 0.000 0.000 0.000 0.000 0.000 0.000 0.000 1.000 0.961 1.000 0.000 1.000 1.000 0.128
0.368 0.988 0.999 0.000 0.000 1.000 0.270 0.001 0.000 0.000 0.000 0.000 0.000 0.000 0.000 0.000 0.000 0.000 0.999 0.166 0.060 0.000 0.000 0.000 0.000 0.000 0.000 1.000 0.036 0.996 1.000 0.000 1.000 0.987
0.426 0.577 0.999 0.011 0.000 0.165 0.000 0.000 0.000 0.000 0.000 0.000 0.000 0.000 0.000 0.000 0.000 0.000 0.000 0.000 0.000 0.000 0.000 0.000 0.000 0.000 0.000 0.755 0.000 0.039 1.000 1.000 0.000 0.995
0.597 0.495 0.994 0.549 0.000 0.044 0.000 0.000 0.000 0.000 0.000 0.002 0.007 0.001 0.000 0.000 0.000 0.000 0.000 0.000 0.000 0.000 0.000 0.000 0.000 0.000 0.000 0.000 0.000 0.000 0.128 0.987 0.995 0.000
