0.000 0.994 0.967 0.140 0.003 0.003 0.000 0.032 0.000 0.000 0.000 0.001 0.001 0.000 0.000 0.000 0.000 0.000 0.005 0.000 0.000 0.000 0.000 0.000 0.000 0.000 0.000 0.000 0.000 0.000 0.659 0.127 0.102 0.256
0.994 0.000 1.000 0.902 0.003 0.973 0.922 0.949 0.000 0.000 0.000 0.000 0.000 0.000 0.000 0.000 0.000 0.000 0.971 0.166 0.000 0.004 0.000 0.000 0.000 0.000 0.000 0.000 0.000 0.000 0.944 0.992 0.250 0.208
0.967 1.000 0.000 0.981 0.887 0.985 0.002 0.001 0.000 0.000 0.000 0.000 0.000 0.000 0.000 0.000 0.000 0.000 0.013 0.000 0.092 0.001 0.000 0.000 0.000 0.000 0.000 0.000 0.000 0.000 0.582 0.997 0.971 0.920
0.140 0.902 0.981 0.000 0.985 0.973 0.000 0.000 0.000 0.000 0.000 0.000 0.000 0.000 0.000 0.000 0.000 0.000 0.000 0.000 0.581 0.037 0.361 0.009 0.000 0.000 0.000 0.000 0.000 0.000 0.000 0.001 0.017 0.503
0.003 0.003 0.887 0.985 0.000 0.978 0.856 0.000 0.000 0.000 0.000 0.000 0.000 0.000 0.000 0.000 0.000 0.000 0.000 0.884 0.981 0.985 0.935 0.085 0.000 0.000 0.000 0.000 0.000 0.000 0.000 0.000 0.000 0.001
0.003 0.973 0.985 0.973 0.978 0.000 0.990 0.947 0.000 0.000 0.000 0.000 0.000 0.000 0.000 0.000 0.000 0.008 0.986 0.988 0.984 0.941 0.075 0.381 0.000 0.821 0.866 0.968 0.000 0.035 0.001 0.981 0.241 0.230
0.000 0.922 0.002 0.000 0.856 0.990 0.000 0.995 0.993 0.000 0.000 0.000 0.000 0.000 0.000 0.000 0.000 0.947 0.998 0.997 0.869 0.900 0.000 0.000 0.000 0.000 0.000 0.000 0.000 0.000 0.000 0.293 0.000 0.000
0.032 0.949 0.001 0.000 0.000 0.947 0.995 0.000 0.993 0.972 0.000 0.001 0.000 0.000 0.000 0.000 0.990 0.987 1.000 0.964 0.000 0.002 0.000 0.000 0.000 0.000 0.000 0.000 0.000 0.000 0.369 0.006 0.000 0.000
0.000 0.000 0.000 0.000 0.000 0.000 0.993 0.993 0.000 1.000 0.958 0.072 0.000 0.157 0.000 0.906 0.966 1.000 0.994 1.000 0.000 0.451 0.000 0.000 0.023 0.000 0.024 0.000 0.003 0.000 0.000 0.000 0.000 0.000
0.000 0.000 0.000 0.000 0.000 0.000 0.000 0.972 1.000 0.000 0.987 0.948 0.017 0.263 0.953 0.989 0.996 1.000 0.000 0.000 0.000 0.000 0.000 0.000 0.000 0.000 0.000 0.000 0.075 0.000 0.000 0.000 0.000 0.000
0.000 0.000 0.000 0.000 0.000 0.000 0.000 0.000 0.958 0.987 0.000 0.997 0.992 0.995 0.976 0.973 0.897 0.999 0.000 0.000 0.000 0.000 0.000 0.000 0.000 0.000 0.000 0.000 0.744 0.000 0.000 0.000 0.000 0.000
0.001 0.000 0.000 0.000 0.000 0.000 0.000 0.001 0.072 0.948 0.997 0.000 0.996 0.978 0.971 0.254 0.000 0.405 0.000 0.002 0.000 0.000 0.000 0.000 0.000 0.000 0.001 0.000 0.003 0.000 0.000 0.000 0.001 0.012
0.001 0.000 0.000 0.000 0.000 0.000 0.000 0.000 0.000 0.017 0.992 0.996 0.000 0.995 0.957 0.039 0.000 0.014 0.000 0.000 0.000 0.000 0.000 0.000 0.000 0.000 0.000 0.000 0.197 0.000 0.000 0.000 0.000 0.000
0.000 0.000 0.000 0.000 0.000 0.000 0.000 0.000 0.157 0.263 0.995 0.978 0.995 0.000 0.989 0.999 0.196 0.270 0.000 0.000 0.000 0.000 0.000 0.000 0.000 0.000 0.000 0.000 0.960 0.000 0.000 0.000 0.000 0.000
0.000 0.000 0.000 0.000 0.000 0.000 0.000 0.000 0.000 0.953 0.976 0.971 0.957 0.989 0.000 0.994 0.913 0.003 0.000 0.000 0.000 0.000 0.000 0.000 0.000 0.000 0.000 0.000 0.126 0.000 0.000 0.000 0.000 0.000
0.000 0.000 0.000 0.000 0.000 0.000 0.000 0.000 0.906 0.989 0.973 0.254 0.039 0.999 0.994 0.000 0.992 0.991 0.000 0.000 0.000 0.000 0.000 0.000 0.000 0.000 0.000 0.000 1.000 0.111 0.000 0.000 0.000 0.000
0.000 0.000 0.000 0.000 0.000 0.000 0.000 0.990 0.966 0.996 0.897 0.000 0.000 0.196 0.913 0.992 0.000 0.997 0.996 0.000 0.000 0.000 0.000 0.000 0.000 0.000 0.000 0.210 0.995 0.036 0.091 0.000 0.000 0.000
0.000 0.000 0.000 0.000 0.000 0.008 0.947 0.987 1.000 1.000 0.999 0.405 0.014 0.270 0.003 0.991 0.997 0.000 0.998 1.000 0.001 0.000 0.000 0.000 0.000 0.011 0.965 0.998 0.996 0.479 0.000 0.000 0.000 0.000
0.005 0.971 0.013 0.000 0.000 0.986 0.998 1.000 0.994 0.000 0.000 0.000 0.000 0.000 0.000 0.000 0.996 0.998 0.000 0.998 0.816 0.000 0.000 0.000 0.000 0.746 0.892 0.999 0.987 0.998 0.979 0.977 0.000 0.000
0.000 0.166 0.000 0.000 0.884 0.988 0.997 0.964 1.000 0.000 0.000 0.002 0.000 0.000 0.000 0.000 0.000 1.000 0.998 0.000 0.980 0.963 0.002 0.005 0.874 0.972 0.995 0.950 0.000 0.000 0.000 0.205 0.000 0.000
0.000 0.000 0.092 0.581 0.981 0.984 0.869 0.000 0.000 0.000 0.000 0.000 0.000 0.000 0.000 0.000 0.000 0.001 0.816 0.980 0.000 1.000 0.989 0.984 0.949 0.972 0.921 0.134 0.000 0.000 0.000 0.065 0.000 0.126
0.000 0.004 0.001 0.037 0.985 0.941 0.900 0.002 0.451 0.000 0.000 0.000 0.000 0.000 0.000 0.000 0.000 0.000 0.000 0.963 1.000 0.000 0.999 0.980 0.951 0.112 0.000 0.000 0.000 0.000 0.000 0.000 0.000 0.000
0.000 0.000 0.000 0.361 0.935 0.075 0.000 0.000 0.000 0.000 0.000 0.000 0.000 0.000 0.000 0.000 0.000 0.000 0.000 0.002 0.989 0.999 0.000 1.000 0.968 0.172 0.000 0.000 0.000 0.000 0.000 0.000 0.000 0.001
0.000 0.000 0.000 0.009 0.085 0.381 0.000 0.000 0.000 0.000 0.000 0.000 0.000 0.000 0.000 0.000 0.000 0.000 0.000 0.005 0.984 0.980 1.000 0.000 0.999 0.992 0.002 0.000 0.000 0.000 0.000 0.000 0.000 0.010
0.000 0.000 0.000 0.000 0.000 0.000 0.000 0.000 0.023 0.000 0.000 0.000 0.000 0.000 0.000 0.000 0.000 0.000 0.000 0.874 0.949 0.951 0.968 0.999 0.000 0.996 0.936 0.000 0.000 0.000 0.000 0.000 0.000 0.000
0.000 0.000 0.000 0.000 0.000 0.821 0.000 0.000 0.000 0.000 0.000 0.000 0.000 0.000 0.000 0.000 0.000 0.011 0.746 0.972 0.972 0.112 0.172 0.992 0.996 0.000 0.987 0.800 0.000 0.000 0.000 0.000 0.000 0.001
0.000 0.000 0.000 0.000 0.000 0.866 0.000 0.000 0.024 0.000 0.000 0.001 0.000 0.000 0.000 0.000 0.000 0.965 0.892 0.995 0.921 0.000 0.000 0.002 0.936 0.987 0.000 0.978 0.844 0.000 0.000 0.000 0.000 0.000
0.000 0.000 0.000 0.000 0.000 0.968 0.000 0.000 0.000 0.000 0.000 0.000 0.000 0.000 0.000 0.000 0.210 0.998 0.999 0.950 0.134 0.000 0.000 0.000 0.000 0.800 0.978 0.000 0.998 0.993 0.969 0.990 0.721 0.044
0.000 0.000 0.000 0.000 0.000 0.000 0.000 0.000 0.003 0.075 0.744 0.003 0.197 0.960 0.126 1.000 0.995 0.996 0.987 0.000 0.000 0.000 0.000 0.000 0.000 0.000 0.844 0.998 0.000 0.992 0.911 0.007 0.000 0.000
0.000 0.000 0.000 0.000 0.000 0.035 0.000 0.000 0.000 0.000 0.000 0.000 0.000 0.000 0.000 0.111 0.036 0.479 0.998 0.000 0.000 0.000 0.000 0.000 0.000 0.000 0.000 0.993 0.992 0.000 0.992 0.978 0.049 0.000
0.659 0.944 0.582 0.000 0.000 0.001 0.000 0.369 0.000 0.000 0.000 0.000 0.000 0.000 0.000 0.000 0.091 0.000 0.979 0.000 0.000 0.000 0.000 0.000 0.000 0.000 0.000 0.969 0.911 0.992 0.000 0.996 0.970 0.198
0.127 0.992 0.997 0.001 0.000 0.981 0.293 0.006 0.000 0.000 0.000 0.000 0.000 0.000 0.000 0.000 0.000 0.000 0.977 0.205 0.065 0.000 0.000 0.000 0.000 0.000 0.000 0.990 0.007 0.978 0.996 0.000 0.985 0.871
0.102 0.250 0.971 0.017 0.000 0.241 0.000 0.000 0.000 0.000 0.000 0.001 0.000 0.000 0.000 0.000 0.000 0.000 0.000 0.000 0.000 0.000 0.000 0.000 0.000 0.000 0.000 0.721 0.000 0.049 0.970 0.985 0.000 0.980
0.256 0.208 0.920 0.503 0.001 0.230 0.000 0.000 0.000 0.000 0.000 0.012 0.000 0.000 0.000 0.000 0.000 0.000 0.000 0.000 0.126 0.000 0.001 0.010 0.000 0.001 0.000 0.044 0.000 0.000 0.198 0.871 0.980 0.000
