0.000 0.998 0.992 0.099 0.009 0.005 0.000 0.003 0.000 0.000 0.000 0.004 0.007 0.000 0.000 0.000 0.000 0.000 0.002 0.000 0.000 0.000 0.000 0.000 0.000 0.000 0.000 0.000 0.000 0.000 0.808 0.165 0.190 0.378
0.998 0.000 1.000 0.995 0.013 1.000 0.989 0.989 0.000 0.000 0.000 0.000 0.000 0.000 0.000 0.000 0.000 0.000 0.990 0.191 0.000 0.001 0.000 0.000 0.000 0.000 0.000 0.000 0.000 0.000 0.969 0.986 0.321 0.289
0.992 1.000 0.000 0.999 0.999 1.000 0.000 0.000 0.000 0.000 0.000 0.000 0.000 0.000 0.000 0.000 0.000 0.000 0.007 0.000 0.238 0.002 0.001 0.000 0.000 0.000 0.000 0.000 0.000 0.000 0.518 0.981 0.945 0.968
0.099 0.995 0.999 0.000 1.000 1.000 0.000 0.000 0.000 0.000 0.000 0.000 0.000 0.000 0.000 0.000 0.000 0.000 0.000 0.000 0.851 0.058 0.806 0.017 0.000 0.000 0.000 0.000 0.000 0.000 0.000 0.000 0.000 0.348
0.009 0.013 0.999 1.000 0.000 1.000 1.000 0.000 0.000 0.000 0.000 0.000 0.000 0.000 0.000 0.000 0.000 0.000 0.000 0.994 0.999 1.000 0.999 0.227 0.000 0.000 0.000 0.000 0.000 0.000 0.000 0.000 0.000 0.001
0.005 1.000 1.000 1.000 1.000 0.000 1.000 0.996 0.000 0.000 0.000 0.000 0.000 0.000 0.000 0.000 0.000 0.016 0.999 1.000 1.000 0.998 0.166 0.539 0.000 0.972 0.976 0.996 0.000 0.032 0.001 0.992 0.222 0.231
0.000 0.989 0.000 0.000 1.000 1.000 0.000 1.000 1.000 0.000 0.000 0.000 0.000 0.000 0.000 0.000 0.000 0.957 0.971 1.000 0.996 0.993 0.000 0.000 0.000 0.000 0.000 0.000 0.000 0.000 0.000 0.281 0.000 0.000
0.003 0.989 0.000 0.000 0.000 0.996 1.000 0.000 1.000 0.993 0.000 0.000 0.000 0.000 0.000 0.000 0.992 0.999 1.000 0.999 0.000 0.000 0.000 0.000 0.000 0.000 0.000 0.000 0.000 0.000 0.566 0.001 0.000 0.000
0.000 0.000 0.000 0.000 0.000 0.000 1.000 1.000 0.000 1.000 0.931 0.044 0.000 0.000 0.000 0.885 0.973 1.000 0.999 1.000 0.001 0.843 0.000 0.000 0.018 0.000 0.154 0.000 0.000 0.000 0.000 0.000 0.000 0.000
0.000 0.000 0.000 0.000 0.000 0.000 0.000 0.993 1.000 0.000 0.985 0.965 0.023 0.083 0.944 0.963 1.000 1.000 0.000 0.000 0.000 0.000 0.000 0.000 0.000 0.000 0.000 0.000 0.123 0.000 0.000 0.000 0.000 0.000
0.000 0.000 0.000 0.000 0.000 0.000 0.000 0.000 0.931 0.985 0.000 0.977 0.975 0.993 0.995 0.996 0.990 0.991 0.000 0.000 0.000 0.000 0.000 0.000 0.000 0.000 0.000 0.000 0.960 0.000 0.000 0.000 0.000 0.000
0.004 0.000 0.000 0.000 0.000 0.000 0.000 0.000 0.044 0.965 0.977 0.000 0.984 0.946 0.950 0.229 0.000 0.552 0.000 0.000 0.000 0.000 0.000 0.000 0.000 0.000 0.000 0.000 0.007 0.000 0.000 0.000 0.006 0.003
0.007 0.000 0.000 0.000 0.000 0.000 0.000 0.000 0.000 0.023 0.975 0.984 0.000 0.990 0.963 0.075 0.000 0.000 0.000 0.000 0.000 0.000 0.000 0.000 0.000 0.000 0.000 0.000 0.061 0.000 0.000 0.000 0.000 0.000
0.000 0.000 0.000 0.000 0.000 0.000 0.000 0.000 0.000 0.083 0.993 0.946 0.990 0.000 0.986 0.999 0.000 0.019 0.000 0.000 0.000 0.000 0.000 0.000 0.000 0.000 0.000 0.000 0.671 0.000 0.000 0.000 0.000 0.000
0.000 0.000 0.000 0.000 0.000 0.000 0.000 0.000 0.000 0.944 0.995 0.950 0.963 0.986 0.000 1.000 0.974 0.000 0.000 0.000 0.000 0.000 0.000 0.000 0.000 0.000 0.000 0.000 0.001 0.000 0.000 0.000 0.000 0.000
0.000 0.000 0.000 0.000 0.000 0.000 0.000 0.000 0.885 0.963 0.996 0.229 0.075 0.999 1.000 0.000 0.991 0.971 0.001 0.000 0.000 0.000 0.000 0.000 0.000 0.000 0.000 0.000 1.000 0.146 0.000 0.000 0.000 0.000
0.000 0.000 0.000 0.000 0.000 0.000 0.000 0.992 0.973 1.000 0.990 0.000 0.000 0.000 0.974 0.991 0.000 0.999 0.995 0.000 0.000 0.000 0.000 0.000 0.000 0.000 0.000 0.078 0.983 0.022 0.075 0.000 0.000 0.000
0.000 0.000 0.000 0.000 0.000 0.016 0.957 0.999 1.000 1.000 0.991 0.552 0.000 0.019 0.000 0.971 0.999 0.000 1.000 0.997 0.000 0.000 0.000 0.000 0.000 0.030 0.999 1.000 0.982 0.492 0.000 0.000 0.000 0.000
0.002 0.990 0.007 0.000 0.000 0.999 0.971 1.000 0.999 0.000 0.000 0.000 0.000 0.000 0.000 0.001 0.995 1.000 0.000 0.993 0.969 0.000 0.000 0.000 0.000 0.980 0.984 0.997 0.943 0.981 0.997 1.000 0.000 0.000
0.000 0.191 0.000 0.000 0.994 1.000 1.000 0.999 1.000 0.000 0.000 0.000 0.000 0.000 0.000 0.000 0.000 0.997 0.993 0.000 1.000 1.000 0.017 0.001 0.998 0.998 0.982 0.964 0.000 0.000 0.000 0.213 0.000 0.000
0.000 0.000 0.238 0.851 0.999 1.000 0.996 0.000 0.001 0.000 0.000 0.000 0.000 0.000 0.000 0.000 0.000 0.000 0.969 1.000 0.000 0.998 1.000 1.000 0.998 0.982 0.948 0.084 0.000 0.000 0.000 0.070 0.000 0.084
0.000 0.001 0.002 0.058 1.000 0.998 0.993 0.000 0.843 0.000 0.000 0.000 0.000 0.000 0.000 0.000 0.000 0.000 0.000 1.000 0.998 0.000 1.000 0.987 0.988 0.262 0.000 0.000 0.000 0.000 0.000 0.000 0.000 0.000
0.000 0.000 0.001 0.806 0.999 0.166 0.000 0.000 0.000 0.000 0.000 0.000 0.000 0.000 0.000 0.000 0.000 0.000 0.000 0.017 1.000 1.000 0.000 0.995 0.994 0.171 0.000 0.000 0.000 0.000 0.000 0.000 0.000 0.000
0.000 0.000 0.000 0.017 0.227 0.539 0.000 0.000 0.000 0.000 0.000 0.000 0.000 0.000 0.000 0.000 0.000 0.000 0.000 0.001 1.000 0.987 0.995 0.000 1.000 0.999 0.003 0.000 0.000 0.000 0.000 0.000 0.000 0.003
0.000 0.000 0.000 0.000 0.000 0.000 0.000 0.000 0.018 0.000 0.000 0.000 0.000 0.000 0.000 0.000 0.000 0.000 0.000 0.998 0.998 0.988 0.994 1.000 0.000 1.000 0.973 0.000 0.000 0.000 0.000 0.000 0.000 0.000
0.000 0.000 0.000 0.000 0.000 0.972 0.000 0.000 0.000 0.000 0.000 0.000 0.000 0.000 0.000 0.000 0.000 0.030 0.980 0.998 0.982 0.262 0.171 0.999 1.000 0.000 0.998 0.986 0.000 0.000 0.000 0.000 0.000 0.000
0.000 0.000 0.000 0.000 0.000 0.976 0.000 0.000 0.154 0.000 0.000 0.000 0.000 0.000 0.000 0.000 0.000 0.999 0.984 0.982 0.948 0.000 0.000 0.003 0.973 0.998 0.000 1.000 0.892 0.000 0.000 0.000 0.000 0.000
0.000 0.000 0.000 0.000 0.000 0.996 0.000 0.000 0.000 0.000 0.000 0.000 0.000 0.000 0.000 0.000 0.078 1.000 0.997 0.964 0.084 0.000 0.000 0.000 0.000 0.986 1.000 0.000 0.973 0.993 0.987 0.990 0.739 0.035
0.000 0.000 0.000 0.000 0.000 0.000 0.000 0.000 0.000 0.123 0.960 0.007 0.061 0.671 0.001 1.000 0.983 0.982 0.943 0.000 0.000 0.000 0.000 0.000 0.000 0.000 0.892 0.973 0.000 1.000 0.952 0.009 0.000 0.000
0.000 0.000 0.000 0.000 0.000 0.032 0.000 0.000 0.000 0.000 0.000 0.000 0.000 0.000 0.000 0.146 0.022 0.492 0.981 0.000 0.000 0.000 0.000 0.000 0.000 0.000 0.000 0.993 1.000 0.000 0.999 0.976 0.030 0.000
0.808 0.969 0.518 0.000 0.000 0.001 0.000 0.566 0.000 0.000 0.000 0.000 0.000 0.000 0.000 0.000 0.075 0.000 0.997 0.000 0.000 0.000 0.000 0.000 0.000 0.000 0.000 0.987 0.952 0.999 0.000 0.998 1.000 0.121
0.165 0.986 0.981 0.000 0.000 0.992 0.281 0.001 0.000 0.000 0.000 0.000 0.000 0.000 0.000 0.000 0.000 0.000 1.000 0.213 0.070 0.000 0.000 0.000 0.000 0.000 0.000 0.990 0.009 0.976 0.998 0.000 1.000 0.994
0.190 0.321 0.945 0.000 0.000 0.222 0.000 0.000 0.000 0.000 0.000 0.006 0.000 0.000 0.000 0.000 0.000 0.000 0.000 0.000 0.000 0.000 0.000 0.000 0.000 0.000 0.000 0.739 0.000 0.030 1.000 1.000 0.000 0.998
0.378 0.289 0.968 0.348 0.001 0.231 0.000 0.000 0.000 0.000 0.000 0.003 0.000 0.000 0.000 0.000 0.000 0.000 0.000 0.000 0.084 0.000 0.000 0.003 0.000 0.000 0.000 0.035 0.000 0.000 0.121 0.994 0.998 0.000
