0.000 0.998 0.968 0.177 0.003 0.001 0.000 0.003 0.000 0.000 0.000 0.000 0.000 0.000 0.000 0.015 0.000 0.000 0.011 0.000 0.000 0.000 0.000 0.000 0.000 0.000 0.000 0.000 0.005 0.000 0.755 0.296 0.393 0.620
0.998 0.000 0.998 0.889 0.003 0.993 0.939 0.929 0.000 0.000 0.000 0.000 0.000 0.000 0.000 0.000 0.000 0.000 0.995 0.153 0.000 0.001 0.000 0.000 0.000 0.000 0.000 0.000 0.000 0.000 0.983 0.993 0.529 0.420
0.968 0.998 0.000 0.970 0.909 1.000 0.005 0.003 0.000 0.000 0.000 0.000 0.000 0.000 0.000 0.000 0.000 0.000 0.016 0.000 0.256 0.005 0.000 0.000 0.000 0.000 0.000 0.000 0.000 0.000 0.417 0.997 0.989 0.849
0.177 0.889 0.970 0.000 0.975 0.958 0.000 0.000 0.000 0.000 0.000 0.000 0.000 0.000 0.000 0.000 0.000 0.000 0.000 0.000 0.809 0.134 0.622 0.017 0.000 0.000 0.000 0.000 0.000 0.000 0.000 0.003 0.011 0.358
0.003 0.003 0.909 0.975 0.000 0.969 0.905 0.000 0.000 0.000 0.000 0.000 0.000 0.000 0.000 0.000 0.000 0.000 0.000 0.911 0.997 0.990 0.955 0.145 0.000 0.000 0.000 0.000 0.000 0.000 0.000 0.000 0.000 0.000
0.001 0.993 1.000 0.958 0.969 0.000 0.987 0.918 0.000 0.000 0.000 0.000 0.000 0.000 0.000 0.000 0.000 0.000 0.972 0.977 1.000 0.898 0.189 0.319 0.000 0.621 0.520 0.984 0.000 0.010 0.001 0.988 0.113 0.013
0.000 0.939 0.005 0.000 0.905 0.987 0.000 0.991 1.000 0.000 0.000 0.000 0.000 0.000 0.000 0.000 0.000 0.953 0.991 1.000 0.965 0.841 0.000 0.000 0.000 0.000 0.000 0.000 0.000 0.000 0.000 0.147 0.000 0.000
0.003 0.929 0.003 0.000 0.000 0.918 0.991 0.000 1.000 0.997 0.000 0.000 0.000 0.000 0.000 0.000 1.000 1.000 0.989 0.968 0.000 0.000 0.000 0.000 0.000 0.000 0.000 0.000 0.000 0.000 0.538 0.001 0.000 0.000
0.000 0.000 0.000 0.000 0.000 0.000 1.000 1.000 0.000 1.000 0.993 0.040 0.000 0.000 0.000 0.985 1.000 1.000 0.982 0.997 0.000 0.570 0.000 0.000 0.011 0.000 0.217 0.000 0.001 0.000 0.000 0.000 0.000 0.000
0.000 0.000 0.000 0.000 0.000 0.000 0.000 0.997 1.000 0.000 0.998 0.992 0.019 0.085 0.965 0.995 0.997 0.994 0.000 0.000 0.000 0.000 0.000 0.000 0.000 0.000 0.000 0.000 0.150 0.000 0.000 0.000 0.000 0.000
0.000 0.000 0.000 0.000 0.000 0.000 0.000 0.000 0.993 0.998 0.000 0.997 0.909 0.955 0.985 1.000 0.991 0.997 0.000 0.000 0.000 0.000 0.000 0.000 0.000 0.000 0.000 0.000 0.955 0.000 0.000 0.000 0.000 0.000
0.000 0.000 0.000 0.000 0.000 0.000 0.000 0.000 0.040 0.992 0.997 0.000 0.993 0.981 0.985 0.251 0.000 0.596 0.000 0.000 0.000 0.000 0.000 0.000 0.000 0.000 0.000 0.000 0.014 0.000 0.000 0.000 0.000 0.000
0.000 0.000 0.000 0.000 0.000 0.000 0.000 0.000 0.000 0.019 0.909 0.993 0.000 0.986 0.928 0.073 0.000 0.000 0.000 0.000 0.000 0.001 0.004 0.000 0.000 0.000 0.000 0.000 0.049 0.000 0.000 0.000 0.000 0.000
0.000 0.000 0.000 0.000 0.000 0.000 0.000 0.000 0.000 0.085 0.955 0.981 0.986 0.000 0.985 0.974 0.003 0.049 0.000 0.000 0.000 0.003 0.022 0.001 0.002 0.000 0.000 0.000 0.640 0.000 0.000 0.000 0.000 0.000
0.000 0.000 0.000 0.000 0.000 0.000 0.000 0.000 0.000 0.965 0.985 0.985 0.928 0.985 0.000 0.995 0.972 0.000 0.000 0.000 0.000 0.000 0.008 0.000 0.000 0.000 0.000 0.000 0.002 0.000 0.000 0.000 0.000 0.000
0.015 0.000 0.000 0.000 0.000 0.000 0.000 0.000 0.985 0.995 1.000 0.251 0.073 0.974 0.995 0.000 0.998 0.996 0.002 0.000 0.000 0.000 0.000 0.000 0.000 0.000 0.000 0.000 0.998 0.194 0.002 0.000 0.000 0.000
0.000 0.000 0.000 0.000 0.000 0.000 0.000 1.000 1.000 0.997 0.991 0.000 0.000 0.003 0.972 0.998 0.000 1.000 0.981 0.000 0.000 0.000 0.000 0.000 0.000 0.000 0.000 0.139 1.000 0.021 0.100 0.000 0.000 0.000
0.000 0.000 0.000 0.000 0.000 0.000 0.953 1.000 1.000 0.994 0.997 0.596 0.000 0.049 0.000 0.996 1.000 0.000 0.998 0.969 0.001 0.000 0.000 0.000 0.000 0.029 0.964 0.952 1.000 0.491 0.000 0.000 0.000 0.000
0.011 0.995 0.016 0.000 0.000 0.972 0.991 0.989 0.982 0.000 0.000 0.000 0.000 0.000 0.000 0.002 0.981 0.998 0.000 0.984 0.928 0.000 0.000 0.000 0.000 0.904 0.975 0.999 0.999 0.987 0.995 0.983 0.000 0.000
0.000 0.153 0.000 0.000 0.911 0.977 1.000 0.968 0.997 0.000 0.000 0.000 0.000 0.000 0.000 0.000 0.000 0.969 0.984 0.000 0.997 0.989 0.005 0.001 0.959 0.975 0.998 0.937 0.000 0.000 0.000 0.097 0.000 0.000
0.000 0.000 0.256 0.809 0.997 1.000 0.965 0.000 0.000 0.000 0.000 0.000 0.000 0.000 0.000 0.000 0.000 0.001 0.928 0.997 0.000 0.996 0.951 0.975 0.970 0.995 0.987 0.346 0.000 0.000 0.000 0.118 0.000 0.000
0.000 0.001 0.005 0.134 0.990 0.898 0.841 0.000 0.570 0.000 0.000 0.000 0.001 0.003 0.000 0.000 0.000 0.000 0.000 0.989 0.996 0.000 0.995 0.949 0.987 0.550 0.000 0.000 0.000 0.000 0.000 0.000 0.000 0.000
0.000 0.000 0.000 0.622 0.955 0.189 0.000 0.000 0.000 0.000 0.000 0.000 0.004 0.022 0.008 0.000 0.000 0.000 0.000 0.005 0.951 0.995 0.000 0.997 0.991 0.141 0.000 0.000 0.000 0.000 0.000 0.000 0.000 0.000
0.000 0.000 0.000 0.017 0.145 0.319 0.000 0.000 0.000 0.000 0.000 0.000 0.000 0.001 0.000 0.000 0.000 0.000 0.000 0.001 0.975 0.949 0.997 0.000 0.984 0.966 0.013 0.004 0.000 0.000 0.000 0.000 0.000 0.000
0.000 0.000 0.000 0.000 0.000 0.000 0.000 0.000 0.011 0.000 0.000 0.000 0.000 0.002 0.000 0.000 0.000 0.000 0.000 0.959 0.970 0.987 0.991 0.984 0.000 0.969 0.871 0.000 0.000 0.000 0.000 0.000 0.000 0.000
0.000 0.000 0.000 0.000 0.000 0.621 0.000 0.000 0.000 0.000 0.000 0.000 0.000 0.000 0.000 0.000 0.000 0.029 0.904 0.975 0.995 0.550 0.141 0.966 0.969 0.000 0.997 0.928 0.000 0.000 0.000 0.000 0.000 0.000
0.000 0.000 0.000 0.000 0.000 0.520 0.000 0.000 0.217 0.000 0.000 0.000 0.000 0.000 0.000 0.000 0.000 0.964 0.975 0.998 0.987 0.000 0.000 0.013 0.871 0.997 0.000 0.991 0.902 0.000 0.000 0.000 0.000 0.000
0.000 0.000 0.000 0.000 0.000 0.984 0.000 0.000 0.000 0.000 0.000 0.000 0.000 0.000 0.000 0.000 0.139 0.952 0.999 0.937 0.346 0.000 0.000 0.004 0.000 0.928 0.991 0.000 0.992 0.990 0.983 1.000 0.617 0.011
0.005 0.000 0.000 0.000 0.000 0.000 0.000 0.000 0.001 0.150 0.955 0.014 0.049 0.640 0.002 0.998 1.000 1.000 0.999 0.000 0.000 0.000 0.000 0.000 0.000 0.000 0.902 0.992 0.000 0.993 0.989 0.009 0.000 0.000
0.000 0.000 0.000 0.000 0.000 0.010 0.000 0.000 0.000 0.000 0.000 0.000 0.000 0.000 0.000 0.194 0.021 0.491 0.987 0.000 0.000 0.000 0.000 0.000 0.000 0.000 0.000 0.990 0.993 0.000 1.000 0.981 0.041 0.040
0.755 0.983 0.417 0.000 0.000 0.001 0.000 0.538 0.000 0.000 0.000 0.000 0.000 0.000 0.000 0.002 0.100 0.000 0.995 0.000 0.000 0.000 0.000 0.000 0.000 0.000 0.000 0.983 0.989 1.000 0.000 0.991 0.971 0.317
0.296 0.993 0.997 0.003 0.000 0.988 0.147 0.001 0.000 0.000 0.000 0.000 0.000 0.000 0.000 0.000 0.000 0.000 0.983 0.097 0.118 0.000 0.000 0.000 0.000 0.000 0.000 1.000 0.009 0.981 0.991 0.000 1.000 0.966
0.393 0.529 0.989 0.011 0.000 0.113 0.000 0.000 0.000 0.000 0.000 0.000 0.000 0.000 0.000 0.000 0.000 0.000 0.000 0.000 0.000 0.000 0.000 0.000 0.000 0.000 0.000 0.617 0.000 0.041 0.971 1.000 0.000 0.993
0.620 0.420 0.849 0.358 0.000 0.013 0.000 0.000 0.000 0.000 0.000 0.000 0.000 0.000 0.000 0.000 0.000 0.000 0.000 0.000 0.000 0.000 0.000 0.000 0.000 0.000 0.000 0.011 0.000 0.040 0.317 0.966 0.993 0.000
