0.000 0.984 0.949 0.204 0.006 0.003 0.000 0.005 0.000 0.000 0.000 0.003 0.002 0.000 0.000 0.000 0.000 0.000 0.002 0.000 0.000 0.000 0.000 0.000 0.000 0.000 0.000 0.000 0.000 0.000 0.592 0.197 0.217 0.413
0.984 0.000 0.998 0.958 0.004 0.980 0.975 0.945 0.000 0.000 0.000 0.000 0.000 0.000 0.000 0.000 0.000 0.000 0.962 0.189 0.000 0.001 0.000 0.000 0.000 0.000 0.000 0.000 0.000 0.000 0.937 0.947 0.350 0.307
0.949 0.998 0.000 0.994 0.915 0.975 0.000 0.000 0.000 0.000 0.000 0.007 0.000 0.000 0.000 0.000 0.000 0.000 0.008 0.000 0.085 0.000 0.000 0.000 0.000 0.000 0.000 0.000 0.000 0.000 0.399 0.966 0.945 0.971
0.204 0.958 0.994 0.000 0.976 0.979 0.000 0.000 0.000 0.000 0.000 0.014 0.009 0.002 0.000 0.000 0.000 0.000 0.000 0.000 0.603 0.006 0.075 0.003 0.000 0.000 0.000 0.000 0.000 0.000 0.000 0.000 0.009 0.469
0.006 0.004 0.915 0.976 0.000 0.998 0.914 0.000 0.000 0.000 0.000 0.000 0.000 0.000 0.000 0.000 0.000 0.000 0.000 0.943 0.970 0.967 0.864 0.037 0.000 0.000 0.000 0.000 0.000 0.000 0.000 0.000 0.000 0.000
0.003 0.980 0.975 0.979 0.998 0.000 0.998 0.798 0.000 0.000 0.000 0.000 0.000 0.000 0.000 0.000 0.000 0.006 0.952 0.999 0.997 0.926 0.028 0.382 0.000 0.925 0.915 0.949 0.000 0.066 0.004 0.982 0.150 0.029
0.000 0.975 0.000 0.000 0.914 0.998 0.000 0.973 0.995 0.000 0.000 0.000 0.000 0.000 0.000 0.000 0.000 0.807 0.953 0.991 0.867 0.938 0.000 0.000 0.000 0.000 0.000 0.000 0.000 0.000 0.000 0.236 0.000 0.000
0.005 0.945 0.000 0.000 0.000 0.798 0.973 0.000 0.999 0.986 0.000 0.000 0.000 0.000 0.000 0.000 0.985 0.977 0.989 0.846 0.000 0.000 0.000 0.000 0.000 0.000 0.000 0.000 0.001 0.000 0.388 0.001 0.000 0.000
0.000 0.000 0.000 0.000 0.000 0.000 0.995 0.999 0.000 1.000 0.972 0.034 0.000 0.000 0.000 0.924 0.970 1.000 0.950 0.978 0.000 0.842 0.000 0.000 0.013 0.000 0.201 0.000 0.001 0.000 0.000 0.000 0.000 0.000
0.000 0.000 0.000 0.000 0.000 0.000 0.000 0.986 1.000 0.000 0.998 0.968 0.019 0.054 0.966 0.958 0.983 0.998 0.000 0.000 0.000 0.000 0.000 0.000 0.000 0.000 0.000 0.000 0.142 0.000 0.000 0.000 0.000 0.000
0.000 0.000 0.000 0.000 0.000 0.000 0.000 0.000 0.972 0.998 0.000 0.975 0.954 0.971 0.987 0.987 0.971 0.998 0.000 0.000 0.000 0.000 0.000 0.000 0.000 0.000 0.000 0.000 0.889 0.000 0.000 0.000 0.000 0.000
0.003 0.000 0.007 0.014 0.000 0.000 0.000 0.000 0.034 0.968 0.975 0.000 0.974 0.886 0.907 0.193 0.000 0.575 0.000 0.000 0.000 0.000 0.000 0.001 0.000 0.000 0.000 0.000 0.005 0.000 0.000 0.000 0.063 0.165
0.002 0.000 0.000 0.009 0.000 0.000 0.000 0.000 0.000 0.019 0.954 0.974 0.000 0.979 0.906 0.069 0.000 0.000 0.000 0.000 0.000 0.000 0.000 0.000 0.000 0.000 0.000 0.000 0.066 0.000 0.000 0.000 0.000 0.020
0.000 0.000 0.000 0.002 0.000 0.000 0.000 0.000 0.000 0.054 0.971 0.886 0.979 0.000 0.986 0.994 0.006 0.031 0.000 0.000 0.000 0.000 0.000 0.000 0.000 0.000 0.000 0.000 0.661 0.000 0.000 0.000 0.000 0.000
0.000 0.000 0.000 0.000 0.000 0.000 0.000 0.000 0.000 0.966 0.987 0.907 0.906 0.986 0.000 0.998 0.983 0.000 0.000 0.000 0.000 0.000 0.000 0.000 0.000 0.000 0.000 0.000 0.003 0.000 0.000 0.000 0.000 0.000
0.000 0.000 0.000 0.000 0.000 0.000 0.000 0.000 0.924 0.958 0.987 0.193 0.069 0.994 0.998 0.000 1.000 0.991 0.018 0.000 0.000 0.000 0.000 0.000 0.000 0.000 0.000 0.000 0.984 0.140 0.014 0.000 0.000 0.000
0.000 0.000 0.000 0.000 0.000 0.000 0.000 0.985 0.970 0.983 0.971 0.000 0.000 0.006 0.983 1.000 0.000 1.000 0.994 0.000 0.000 0.000 0.000 0.000 0.000 0.000 0.000 0.134 0.970 0.024 0.074 0.000 0.000 0.000
0.000 0.000 0.000 0.000 0.000 0.006 0.807 0.977 1.000 0.998 0.998 0.575 0.000 0.031 0.000 0.991 1.000 0.000 0.996 0.949 0.000 0.000 0.000 0.000 0.000 0.026 0.921 0.940 0.989 0.519 0.000 0.000 0.000 0.000
0.002 0.962 0.008 0.000 0.000 0.952 0.953 0.989 0.950 0.000 0.000 0.000 0.000 0.000 0.000 0.018 0.994 0.996 0.000 0.972 0.801 0.000 0.000 0.000 0.000 0.831 0.937 0.992 0.977 0.981 0.997 0.985 0.000 0.000
0.000 0.189 0.000 0.000 0.943 0.999 0.991 0.846 0.978 0.000 0.000 0.000 0.000 0.000 0.000 0.000 0.000 0.949 0.972 0.000 0.993 0.989 0.004 0.002 0.975 0.967 0.960 0.830 0.000 0.000 0.000 0.165 0.000 0.000
0.000 0.000 0.085 0.603 0.970 0.997 0.867 0.000 0.000 0.000 0.000 0.000 0.000 0.000 0.000 0.000 0.000 0.000 0.801 0.993 0.000 0.987 0.980 0.985 0.965 0.994 0.886 0.132 0.000 0.000 0.000 0.041 0.000 0.000
0.000 0.001 0.000 0.006 0.967 0.926 0.938 0.000 0.842 0.000 0.000 0.000 0.000 0.000 0.000 0.000 0.000 0.000 0.000 0.989 0.987 0.000 0.983 0.930 0.990 0.265 0.000 0.000 0.000 0.000 0.000 0.000 0.000 0.000
0.000 0.000 0.000 0.075 0.864 0.028 0.000 0.000 0.000 0.000 0.000 0.000 0.000 0.000 0.000 0.000 0.000 0.000 0.000 0.004 0.980 0.983 0.000 0.998 0.982 0.074 0.000 0.000 0.000 0.000 0.000 0.000 0.000 0.000
0.000 0.000 0.000 0.003 0.037 0.382 0.000 0.000 0.000 0.000 0.000 0.001 0.000 0.000 0.000 0.000 0.000 0.000 0.000 0.002 0.985 0.930 0.998 0.000 0.989 0.980 0.008 0.001 0.000 0.000 0.000 0.000 0.000 0.000
0.000 0.000 0.000 0.000 0.000 0.000 0.000 0.000 0.013 0.000 0.000 0.000 0.000 0.000 0.000 0.000 0.000 0.000 0.000 0.975 0.965 0.990 0.982 0.989 0.000 0.951 0.841 0.000 0.000 0.000 0.000 0.000 0.000 0.000
0.000 0.000 0.000 0.000 0.000 0.925 0.000 0.000 0.000 0.000 0.000 0.000 0.000 0.000 0.000 0.000 0.000 0.026 0.831 0.967 0.994 0.265 0.074 0.980 0.951 0.000 0.978 0.855 0.000 0.000 0.000 0.000 0.000 0.000
0.000 0.000 0.000 0.000 0.000 0.915 0.000 0.000 0.201 0.000 0.000 0.000 0.000 0.000 0.000 0.000 0.000 0.921 0.937 0.960 0.886 0.000 0.000 0.008 0.841 0.978 0.000 0.992 0.865 0.000 0.000 0.000 0.000 0.000
0.000 0.000 0.000 0.000 0.000 0.949 0.000 0.000 0.000 0.000 0.000 0.000 0.000 0.000 0.000 0.000 0.134 0.940 0.992 0.830 0.132 0.000 0.000 0.001 0.000 0.855 0.992 0.000 0.996 0.992 0.926 0.979 0.535 0.000
0.000 0.000 0.000 0.000 0.000 0.000 0.000 0.001 0.001 0.142 0.889 0.005 0.066 0.661 0.003 0.984 0.970 0.989 0.977 0.000 0.000 0.000 0.000 0.000 0.000 0.000 0.865 0.996 0.000 1.000 0.957 0.007 0.000 0.000
0.000 0.000 0.000 0.000 0.000 0.066 0.000 0.000 0.000 0.000 0.000 0.000 0.000 0.000 0.000 0.140 0.024 0.519 0.981 0.000 0.000 0.000 0.000 0.000 0.000 0.000 0.000 0.992 1.000 0.000 0.998 0.927 0.035 0.000
0.592 0.937 0.399 0.000 0.000 0.004 0.000 0.388 0.000 0.000 0.000 0.000 0.000 0.000 0.000 0.014 0.074 0.000 0.997 0.000 0.000 0.000 0.000 0.000 0.000 0.000 0.000 0.926 0.957 0.998 0.000 0.983 0.880 0.224
0.197 0.947 0.966 0.000 0.000 0.982 0.236 0.001 0.000 0.000 0.000 0.000 0.000 0.000 0.000 0.000 0.000 0.000 0.985 0.165 0.041 0.000 0.000 0.000 0.000 0.000 0.000 0.979 0.007 0.927 0.983 0.000 0.982 0.902
0.217 0.350 0.945 0.009 0.000 0.150 0.000 0.000 0.000 0.000 0.000 0.063 0.000 0.000 0.000 0.000 0.000 0.000 0.000 0.000 0.000 0.000 0.000 0.000 0.000 0.000 0.000 0.535 0.000 0.035 0.880 0.982 0.000 0.990
0.413 0.307 0.971 0.469 0.000 0.029 0.000 0.000 0.000 0.000 0.000 0.165 0.020 0.000 0.000 0.000 0.000 0.000 0.000 0.000 0.000 0.000 0.000 0.000 0.000 0.000 0.000 0.000 0.000 0.000 0.224 0.902 0.990 0.000
