0.000 0.985 0.932 0.247 0.006 0.003 0.001 0.004 0.000 0.000 0.000 0.000 0.000 0.000 0.000 0.000 0.000 0.000 0.000 0.000 0.000 0.001 0.000 0.000 0.000 0.000 0.000 0.000 0.000 0.000 0.756 0.224 0.235 0.456
0.985 0.000 1.000 0.971 0.008 1.000 0.999 0.972 0.000 0.000 0.000 0.000 0.000 0.000 0.000 0.000 0.000 0.000 0.998 0.183 0.000 0.000 0.000 0.000 0.000 0.000 0.000 0.000 0.000 0.000 0.978 0.972 0.352 0.397
0.932 1.000 0.000 0.999 0.987 1.000 0.000 0.000 0.000 0.000 0.000 0.000 0.000 0.000 0.000 0.000 0.000 0.000 0.006 0.000 0.301 0.006 0.000 0.000 0.000 0.000 0.000 0.000 0.000 0.000 0.459 0.992 0.975 0.964
0.247 0.971 0.999 0.000 0.996 0.976 0.000 0.000 0.000 0.000 0.000 0.000 0.000 0.000 0.000 0.000 0.000 0.000 0.000 0.000 0.925 0.094 0.642 0.025 0.000 0.000 0.000 0.000 0.000 0.000 0.000 0.000 0.010 0.505
0.006 0.008 0.987 0.996 0.000 0.998 0.988 0.000 0.000 0.000 0.000 0.000 0.000 0.000 0.000 0.000 0.000 0.000 0.000 0.967 0.987 0.999 0.993 0.367 0.000 0.000 0.000 0.000 0.000 0.000 0.000 0.000 0.000 0.000
0.003 1.000 1.000 0.976 0.998 0.000 0.998 0.862 0.000 0.000 0.000 0.000 0.000 0.000 0.000 0.000 0.000 0.069 0.962 1.000 1.000 0.982 0.251 0.575 0.000 0.997 0.997 0.990 0.000 0.011 0.001 0.999 0.148 0.023
0.001 0.999 0.000 0.000 0.988 0.998 0.000 0.981 0.999 0.001 0.000 0.000 0.000 0.000 0.000 0.000 0.000 0.925 0.984 1.000 0.980 0.966 0.000 0.000 0.000 0.000 0.000 0.000 0.000 0.000 0.000 0.275 0.000 0.000
0.004 0.972 0.000 0.000 0.000 0.862 0.981 0.000 1.000 0.953 0.000 0.000 0.000 0.000 0.000 0.001 1.000 0.983 0.977 0.929 0.000 0.000 0.000 0.000 0.000 0.000 0.000 0.000 0.001 0.000 0.537 0.001 0.000 0.000
0.000 0.000 0.000 0.000 0.000 0.000 0.999 1.000 0.000 0.982 0.904 0.098 0.000 0.058 0.000 0.818 0.986 0.992 0.940 0.980 0.000 0.639 0.000 0.000 0.000 0.000 0.019 0.000 0.001 0.000 0.000 0.000 0.000 0.000
0.000 0.000 0.000 0.000 0.000 0.000 0.001 0.953 0.982 0.000 0.995 0.980 0.023 0.220 0.950 0.977 0.999 0.962 0.000 0.000 0.000 0.000 0.000 0.000 0.000 0.000 0.000 0.000 0.041 0.000 0.000 0.000 0.000 0.000
0.000 0.000 0.000 0.000 0.000 0.000 0.000 0.000 0.904 0.995 0.000 0.990 0.954 0.981 0.981 0.982 0.949 0.953 0.000 0.000 0.000 0.000 0.000 0.000 0.000 0.000 0.000 0.000 0.667 0.000 0.000 0.000 0.000 0.000
0.000 0.000 0.000 0.000 0.000 0.000 0.000 0.000 0.098 0.980 0.990 0.000 0.992 0.975 0.985 0.230 0.000 0.404 0.000 0.000 0.000 0.000 0.000 0.000 0.000 0.000 0.000 0.000 0.008 0.000 0.000 0.000 0.000 0.000
0.000 0.000 0.000 0.000 0.000 0.000 0.000 0.000 0.000 0.023 0.954 0.992 0.000 0.999 0.964 0.036 0.000 0.016 0.000 0.000 0.000 0.000 0.000 0.000 0.000 0.000 0.000 0.000 0.176 0.000 0.000 0.000 0.000 0.000
0.000 0.000 0.000 0.000 0.000 0.000 0.000 0.000 0.058 0.220 0.981 0.975 0.999 0.000 0.988 0.971 0.130 0.272 0.000 0.000 0.000 0.000 0.000 0.000 0.000 0.000 0.007 0.000 0.753 0.000 0.000 0.000 0.000 0.000
0.000 0.000 0.000 0.000 0.000 0.000 0.000 0.000 0.000 0.950 0.981 0.985 0.964 0.988 0.000 0.998 0.928 0.013 0.000 0.000 0.000 0.000 0.000 0.000 0.000 0.000 0.000 0.000 0.106 0.000 0.000 0.000 0.000 0.000
0.000 0.000 0.000 0.000 0.000 0.000 0.000 0.001 0.818 0.977 0.982 0.230 0.036 0.971 0.998 0.000 0.991 0.948 0.004 0.000 0.000 0.000 0.000 0.000 0.000 0.000 0.000 0.000 0.977 0.129 0.000 0.000 0.000 0.000
0.000 0.000 0.000 0.000 0.000 0.000 0.000 1.000 0.986 0.999 0.949 0.000 0.000 0.130 0.928 0.991 0.000 0.989 0.960 0.000 0.000 0.000 0.000 0.000 0.000 0.000 0.000 0.030 0.971 0.014 0.041 0.000 0.000 0.000
0.000 0.000 0.000 0.000 0.000 0.069 0.925 0.983 0.992 0.962 0.953 0.404 0.016 0.272 0.013 0.948 0.989 0.000 0.999 0.978 0.005 0.000 0.000 0.000 0.000 0.092 0.988 0.990 1.000 0.474 0.000 0.000 0.000 0.000
0.000 0.998 0.006 0.000 0.000 0.962 0.984 0.977 0.940 0.000 0.000 0.000 0.000 0.000 0.000 0.004 0.960 0.999 0.000 0.986 0.917 0.000 0.000 0.000 0.000 0.937 0.995 0.997 0.994 0.989 1.000 0.999 0.000 0.000
0.000 0.183 0.000 0.000 0.967 1.000 1.000 0.929 0.980 0.000 0.000 0.000 0.000 0.000 0.000 0.000 0.000 0.978 0.986 0.000 1.000 1.000 0.013 0.002 0.988 0.988 0.987 0.965 0.000 0.000 0.000 0.177 0.000 0.000
0.000 0.000 0.301 0.925 0.987 1.000 0.980 0.000 0.000 0.000 0.000 0.000 0.000 0.000 0.000 0.000 0.000 0.005 0.917 1.000 0.000 0.982 0.989 1.000 1.000 0.996 0.963 0.034 0.000 0.000 0.000 0.041 0.000 0.000
0.001 0.000 0.006 0.094 0.999 0.982 0.966 0.000 0.639 0.000 0.000 0.000 0.000 0.000 0.000 0.000 0.000 0.000 0.000 1.000 0.982 0.000 1.000 0.956 0.954 0.188 0.000 0.000 0.000 0.000 0.000 0.000 0.000 0.000
0.000 0.000 0.000 0.642 0.993 0.251 0.000 0.000 0.000 0.000 0.000 0.000 0.000 0.000 0.000 0.000 0.000 0.000 0.000 0.013 0.989 1.000 0.000 0.983 0.971 0.121 0.000 0.000 0.000 0.000 0.000 0.000 0.000 0.000
0.000 0.000 0.000 0.025 0.367 0.575 0.000 0.000 0.000 0.000 0.000 0.000 0.000 0.000 0.000 0.000 0.000 0.000 0.000 0.002 1.000 0.956 0.983 0.000 1.000 1.000 0.000 0.000 0.000 0.000 0.000 0.000 0.000 0.000
0.000 0.000 0.000 0.000 0.000 0.000 0.000 0.000 0.000 0.000 0.000 0.000 0.000 0.000 0.000 0.000 0.000 0.000 0.000 0.988 1.000 0.954 0.971 1.000 0.000 0.999 0.978 0.000 0.000 0.000 0.000 0.000 0.000 0.000
0.000 0.000 0.000 0.000 0.000 0.997 0.000 0.000 0.000 0.000 0.000 0.000 0.000 0.000 0.000 0.000 0.000 0.092 0.937 0.988 0.996 0.188 0.121 1.000 0.999 0.000 0.993 0.952 0.000 0.000 0.000 0.000 0.000 0.000
0.000 0.000 0.000 0.000 0.000 0.997 0.000 0.000 0.019 0.000 0.000 0.000 0.000 0.007 0.000 0.000 0.000 0.988 0.995 0.987 0.963 0.000 0.000 0.000 0.978 0.993 0.000 1.000 0.961 0.000 0.000 0.000 0.000 0.000
0.000 0.000 0.000 0.000 0.000 0.990 0.000 0.000 0.000 0.000 0.000 0.000 0.000 0.000 0.000 0.000 0.030 0.990 0.997 0.965 0.034 0.000 0.000 0.000 0.000 0.952 1.000 0.000 0.999 1.000 0.997 1.000 0.787 0.000
0.000 0.000 0.000 0.000 0.000 0.000 0.000 0.001 0.001 0.041 0.667 0.008 0.176 0.753 0.106 0.977 0.971 1.000 0.994 0.000 0.000 0.000 0.000 0.000 0.000 0.000 0.961 0.999 0.000 1.000 0.990 0.007 0.000 0.000
0.000 0.000 0.000 0.000 0.000 0.011 0.000 0.000 0.000 0.000 0.000 0.000 0.000 0.000 0.000 0.129 0.014 0.474 0.989 0.000 0.000 0.000 0.000 0.000 0.000 0.000 0.000 1.000 1.000 0.000 1.000 0.994 0.018 0.000
0.756 0.978 0.459 0.000 0.000 0.001 0.000 0.537 0.000 0.000 0.000 0.000 0.000 0.000 0.000 0.000 0.041 0.000 1.000 0.000 0.000 0.000 0.000 0.000 0.000 0.000 0.000 0.997 0.990 1.000 0.000 0.998 0.975 0.193
0.224 0.972 0.992 0.000 0.000 0.999 0.275 0.001 0.000 0.000 0.000 0.000 0.000 0.000 0.000 0.000 0.000 0.000 0.999 0.177 0.041 0.000 0.000 0.000 0.000 0.000 0.000 1.000 0.007 0.994 0.998 0.000 0.991 0.917
0.235 0.352 0.975 0.010 0.000 0.148 0.000 0.000 0.000 0.000 0.000 0.000 0.000 0.000 0.000 0.000 0.000 0.000 0.000 0.000 0.000 0.000 0.000 0.000 0.000 0.000 0.000 0.787 0.000 0.018 0.975 0.991 0.000 0.990
0.456 0.397 0.964 0.505 0.000 0.023 0.000 0.000 0.000 0.000 0.000 0.000 0.000 0.000 0.000 0.000 0.000 0.000 0.000 0.000 0.000 0.000 0.000 0.000 0.000 0.000 0.000 0.000 0.000 0.000 0.193 0.917 0.990 0.000
