0.000 0.997 0.908 0.213 0.007 0.005 0.001 0.001 0.000 0.000 0.000 0.002 0.006 0.000 0.000 0.000 0.000 0.000 0.001 0.000 0.000 0.000 0.000 0.000 0.000 0.000 0.000 0.000 0.000 0.000 0.663 0.259 0.315 0.489
0.997 0.000 0.996 0.885 0.007 0.964 0.942 0.914 0.000 0.000 0.000 0.000 0.000 0.000 0.000 0.000 0.000 0.000 0.947 0.125 0.000 0.000 0.000 0.000 0.000 0.000 0.000 0.000 0.000 0.000 0.963 0.955 0.439 0.393
0.908 0.996 0.000 0.986 0.919 0.990 0.000 0.000 0.000 0.000 0.000 0.000 0.000 0.000 0.000 0.000 0.000 0.000 0.006 0.000 0.355 0.001 0.000 0.000 0.000 0.000 0.000 0.000 0.000 0.000 0.327 0.970 0.947 0.962
0.213 0.885 0.986 0.000 0.994 0.944 0.000 0.000 0.000 0.000 0.000 0.000 0.000 0.000 0.000 0.000 0.000 0.000 0.000 0.000 0.870 0.064 0.864 0.025 0.000 0.000 0.000 0.000 0.000 0.000 0.000 0.000 0.008 0.476
0.007 0.007 0.919 0.994 0.000 0.969 0.913 0.000 0.000 0.000 0.000 0.000 0.000 0.000 0.000 0.000 0.000 0.000 0.000 0.823 0.971 0.998 0.986 0.233 0.000 0.000 0.000 0.000 0.000 0.000 0.000 0.000 0.000 0.000
0.005 0.964 0.990 0.944 0.969 0.000 0.999 0.799 0.000 0.000 0.000 0.000 0.000 0.000 0.000 0.000 0.000 0.026 0.981 0.999 1.000 0.923 0.138 0.652 0.000 0.983 0.969 0.965 0.000 0.019 0.002 0.961 0.125 0.037
0.001 0.942 0.000 0.000 0.913 0.999 0.000 0.975 0.996 0.000 0.000 0.000 0.000 0.000 0.000 0.000 0.000 0.858 0.974 0.992 0.980 0.880 0.000 0.000 0.000 0.000 0.000 0.000 0.000 0.000 0.000 0.199 0.000 0.000
0.001 0.914 0.000 0.000 0.000 0.799 0.975 0.000 0.999 0.959 0.000 0.000 0.000 0.000 0.000 0.000 0.997 0.966 0.997 0.905 0.000 0.000 0.000 0.000 0.000 0.000 0.000 0.000 0.001 0.000 0.561 0.001 0.000 0.000
0.000 0.000 0.000 0.000 0.000 0.000 0.996 0.999 0.000 0.984 0.909 0.054 0.000 0.001 0.000 0.752 0.879 0.994 0.961 0.992 0.000 0.684 0.000 0.000 0.014 0.000 0.085 0.000 0.002 0.000 0.000 0.000 0.000 0.000
0.000 0.000 0.000 0.000 0.000 0.000 0.000 0.959 0.984 0.000 0.980 0.968 0.032 0.116 0.937 0.948 0.985 0.943 0.000 0.000 0.000 0.000 0.000 0.000 0.000 0.000 0.000 0.000 0.074 0.000 0.000 0.000 0.000 0.000
0.000 0.000 0.000 0.000 0.000 0.000 0.000 0.000 0.909 0.980 0.000 0.963 0.925 0.969 0.926 0.910 0.894 0.961 0.000 0.000 0.000 0.000 0.000 0.000 0.000 0.000 0.000 0.000 0.794 0.000 0.000 0.000 0.000 0.000
0.002 0.000 0.000 0.000 0.000 0.000 0.000 0.000 0.054 0.968 0.963 0.000 0.984 0.922 0.883 0.189 0.000 0.659 0.000 0.000 0.000 0.000 0.000 0.000 0.000 0.000 0.000 0.000 0.038 0.000 0.000 0.000 0.000 0.004
0.006 0.000 0.000 0.000 0.000 0.000 0.000 0.000 0.000 0.032 0.925 0.984 0.000 0.974 0.896 0.021 0.000 0.001 0.000 0.000 0.000 0.000 0.000 0.000 0.000 0.000 0.000 0.000 0.086 0.000 0.000 0.000 0.000 0.011
0.000 0.000 0.000 0.000 0.000 0.000 0.000 0.000 0.001 0.116 0.969 0.922 0.974 0.000 0.980 0.986 0.022 0.303 0.000 0.000 0.000 0.000 0.000 0.000 0.000 0.000 0.000 0.000 0.904 0.000 0.000 0.000 0.000 0.000
0.000 0.000 0.000 0.000 0.000 0.000 0.000 0.000 0.000 0.937 0.926 0.883 0.896 0.980 0.000 0.979 0.886 0.000 0.000 0.000 0.000 0.000 0.000 0.000 0.000 0.000 0.000 0.000 0.019 0.000 0.000 0.000 0.000 0.000
0.000 0.000 0.000 0.000 0.000 0.000 0.000 0.000 0.752 0.948 0.910 0.189 0.021 0.986 0.979 0.000 1.000 0.927 0.000 0.000 0.000 0.000 0.000 0.000 0.000 0.000 0.000 0.000 0.997 0.055 0.000 0.000 0.000 0.000
0.000 0.000 0.000 0.000 0.000 0.000 0.000 0.997 0.879 0.985 0.894 0.000 0.000 0.022 0.886 1.000 0.000 0.961 0.948 0.000 0.000 0.000 0.000 0.000 0.000 0.000 0.000 0.063 0.975 0.029 0.080 0.000 0.000 0.000
0.000 0.000 0.000 0.000 0.000 0.026 0.858 0.966 0.994 0.943 0.961 0.659 0.001 0.303 0.000 0.927 0.961 0.000 0.995 0.954 0.001 0.000 0.000 0.000 0.000 0.044 0.968 0.976 0.991 0.515 0.000 0.000 0.000 0.000
0.001 0.947 0.006 0.000 0.000 0.981 0.974 0.997 0.961 0.000 0.000 0.000 0.000 0.000 0.000 0.000 0.948 0.995 0.000 0.984 0.931 0.000 0.000 0.000 0.000 0.947 0.985 0.983 0.982 0.983 0.997 0.978 0.000 0.000
0.000 0.125 0.000 0.000 0.823 0.999 0.992 0.905 0.992 0.000 0.000 0.000 0.000 0.000 0.000 0.000 0.000 0.954 0.984 0.000 1.000 0.966 0.010 0.000 0.984 0.996 0.983 0.899 0.000 0.000 0.000 0.116 0.000 0.000
0.000 0.000 0.355 0.870 0.971 1.000 0.980 0.000 0.000 0.000 0.000 0.000 0.000 0.000 0.000 0.000 0.000 0.001 0.931 1.000 0.000 0.981 0.967 0.993 0.992 0.991 0.940 0.030 0.000 0.000 0.000 0.055 0.000 0.000
0.000 0.000 0.001 0.064 0.998 0.923 0.880 0.000 0.684 0.000 0.000 0.000 0.000 0.000 0.000 0.000 0.000 0.000 0.000 0.966 0.981 0.000 1.000 0.961 0.961 0.389 0.000 0.000 0.000 0.000 0.000 0.000 0.000 0.000
0.000 0.000 0.000 0.864 0.986 0.138 0.000 0.000 0.000 0.000 0.000 0.000 0.000 0.000 0.000 0.000 0.000 0.000 0.000 0.010 0.967 1.000 0.000 0.986 0.909 0.148 0.000 0.000 0.000 0.000 0.000 0.000 0.000 0.000
0.000 0.000 0.000 0.025 0.233 0.652 0.000 0.000 0.000 0.000 0.000 0.000 0.000 0.000 0.000 0.000 0.000 0.000 0.000 0.000 0.993 0.961 0.986 0.000 0.995 0.972 0.003 0.000 0.000 0.000 0.000 0.000 0.000 0.000
0.000 0.000 0.000 0.000 0.000 0.000 0.000 0.000 0.014 0.000 0.000 0.000 0.000 0.000 0.000 0.000 0.000 0.000 0.000 0.984 0.992 0.961 0.909 0.995 0.000 0.983 0.913 0.000 0.000 0.000 0.000 0.000 0.000 0.000
0.000 0.000 0.000 0.000 0.000 0.983 0.000 0.000 0.000 0.000 0.000 0.000 0.000 0.000 0.000 0.000 0.000 0.044 0.947 0.996 0.991 0.389 0.148 0.972 0.983 0.000 0.990 0.914 0.000 0.000 0.000 0.000 0.000 0.000
0.000 0.000 0.000 0.000 0.000 0.969 0.000 0.000 0.085 0.000 0.000 0.000 0.000 0.000 0.000 0.000 0.000 0.968 0.985 0.983 0.940 0.000 0.000 0.003 0.913 0.990 0.000 0.996 0.837 0.000 0.000 0.000 0.000 0.000
0.000 0.000 0.000 0.000 0.000 0.965 0.000 0.000 0.000 0.000 0.000 0.000 0.000 0.000 0.000 0.000 0.063 0.976 0.983 0.899 0.030 0.000 0.000 0.000 0.000 0.914 0.996 0.000 0.995 0.983 0.947 0.988 0.620 0.001
0.000 0.000 0.000 0.000 0.000 0.000 0.000 0.001 0.002 0.074 0.794 0.038 0.086 0.904 0.019 0.997 0.975 0.991 0.982 0.000 0.000 0.000 0.000 0.000 0.000 0.000 0.837 0.995 0.000 0.998 0.954 0.010 0.000 0.000
0.000 0.000 0.000 0.000 0.000 0.019 0.000 0.000 0.000 0.000 0.000 0.000 0.000 0.000 0.000 0.055 0.029 0.515 0.983 0.000 0.000 0.000 0.000 0.000 0.000 0.000 0.000 0.983 0.998 0.000 0.993 0.931 0.041 0.000
0.663 0.963 0.327 0.000 0.000 0.002 0.000 0.561 0.000 0.000 0.000 0.000 0.000 0.000 0.000 0.000 0.080 0.000 0.997 0.000 0.000 0.000 0.000 0.000 0.000 0.000 0.000 0.947 0.954 0.993 0.000 0.991 0.948 0.157
0.259 0.955 0.970 0.000 0.000 0.961 0.199 0.001 0.000 0.000 0.000 0.000 0.000 0.000 0.000 0.000 0.000 0.000 0.978 0.116 0.055 0.000 0.000 0.000 0.000 0.000 0.000 0.988 0.010 0.931 0.991 0.000 0.990 0.884
0.315 0.439 0.947 0.008 0.000 0.125 0.000 0.000 0.000 0.000 0.000 0.000 0.000 0.000 0.000 0.000 0.000 0.000 0.000 0.000 0.000 0.000 0.000 0.000 0.000 0.000 0.000 0.620 0.000 0.041 0.948 0.990 0.000 0.981
0.489 0.393 0.962 0.476 0.000 0.037 0.000 0.000 0.000 0.000 0.000 0.004 0.011 0.000 0.000 0.000 0.000 0.000 0.000 0.000 0.000 0.000 0.000 0.000 0.000 0.000 0.000 0.001 0.000 0.000 0.157 0.884 0.981 0.000
