0.000 1.000 1.000 0.288 0.005 0.002 0.000 0.005 0.000 0.000 0.000 0.001 0.000 0.000 0.000 0.000 0.000 0.000 0.002 0.000 0.000 0.000 0.000 0.000 0.000 0.000 0.000 0.000 0.000 0.000 0.812 0.416 0.684 0.540
1.000 0.000 1.000 0.962 0.004 0.995 0.988 0.990 0.000 0.000 0.000 0.000 0.000 0.000 0.000 0.000 0.000 0.000 1.000 0.220 0.000 0.000 0.000 0.000 0.000 0.000 0.000 0.000 0.000 0.000 0.997 0.988 0.742 0.488
1.000 1.000 0.000 0.984 0.991 1.000 0.002 0.006 0.000 0.000 0.000 0.000 0.000 0.000 0.000 0.000 0.000 0.000 0.021 0.000 0.000 0.001 0.000 0.000 0.000 0.000 0.000 0.001 0.000 0.000 0.365 1.000 0.968 0.737
0.288 0.962 0.984 0.000 0.999 0.973 0.000 0.000 0.000 0.000 0.000 0.000 0.000 0.000 0.000 0.000 0.000 0.000 0.000 0.000 0.623 0.071 0.610 0.000 0.000 0.000 0.000 0.000 0.000 0.000 0.002 0.002 0.006 0.433
0.005 0.004 0.991 0.999 0.000 0.991 0.986 0.000 0.000 0.000 0.000 0.000 0.000 0.000 0.000 0.000 0.000 0.000 0.000 0.972 0.982 0.990 0.931 0.027 0.000 0.000 0.000 0.000 0.000 0.000 0.000 0.000 0.000 0.000
0.002 0.995 1.000 0.973 0.991 0.000 1.000 1.000 0.000 0.000 0.000 0.000 0.000 0.000 0.000 0.000 0.000 0.012 1.000 1.000 1.000 0.979 0.197 0.346 0.000 0.913 0.924 1.000 0.000 0.086 0.027 1.000 0.058 0.006
0.000 0.988 0.002 0.000 0.986 1.000 0.000 1.000 1.000 0.000 0.000 0.000 0.000 0.000 0.000 0.000 0.000 0.997 1.000 0.996 0.988 0.929 0.000 0.000 0.000 0.000 0.000 0.000 0.000 0.000 0.000 0.203 0.000 0.000
0.005 0.990 0.006 0.000 0.000 1.000 1.000 0.000 1.000 0.991 0.000 0.000 0.000 0.000 0.000 0.000 1.000 0.997 1.000 0.996 0.000 0.000 0.000 0.000 0.000 0.000 0.000 0.000 0.000 0.000 0.635 0.001 0.000 0.000
0.000 0.000 0.000 0.000 0.000 0.000 1.000 1.000 0.000 0.996 0.946 0.045 0.000 0.005 0.000 0.950 1.000 1.000 1.000 1.000 0.000 0.742 0.000 0.000 0.032 0.000 0.186 0.000 0.001 0.000 0.000 0.000 0.000 0.000
0.000 0.000 0.000 0.000 0.000 0.000 0.000 0.991 0.996 0.000 1.000 0.986 0.023 0.090 0.995 1.000 1.000 1.000 0.000 0.000 0.000 0.000 0.000 0.000 0.000 0.000 0.000 0.000 0.128 0.000 0.000 0.000 0.000 0.000
0.000 0.000 0.000 0.000 0.000 0.000 0.000 0.000 0.946 1.000 0.000 0.997 0.979 0.989 0.999 0.999 0.954 0.991 0.000 0.000 0.000 0.000 0.000 0.000 0.000 0.000 0.000 0.000 0.963 0.000 0.000 0.000 0.000 0.000
0.001 0.000 0.000 0.000 0.000 0.000 0.000 0.000 0.045 0.986 0.997 0.000 0.996 0.995 0.992 0.263 0.000 0.581 0.000 0.000 0.000 0.000 0.000 0.000 0.000 0.000 0.000 0.000 0.004 0.000 0.000 0.000 0.000 0.000
0.000 0.000 0.000 0.000 0.000 0.000 0.000 0.000 0.000 0.023 0.979 0.996 0.000 0.997 0.975 0.055 0.000 0.001 0.000 0.000 0.000 0.000 0.000 0.000 0.000 0.000 0.000 0.000 0.074 0.000 0.000 0.000 0.000 0.000
0.000 0.000 0.000 0.000 0.000 0.000 0.000 0.000 0.005 0.090 0.989 0.995 0.997 0.000 0.996 0.993 0.008 0.039 0.000 0.000 0.000 0.000 0.000 0.000 0.000 0.000 0.000 0.000 0.807 0.000 0.000 0.000 0.000 0.000
0.000 0.000 0.000 0.000 0.000 0.000 0.000 0.000 0.000 0.995 0.999 0.992 0.975 0.996 0.000 0.999 0.981 0.001 0.000 0.000 0.000 0.000 0.000 0.000 0.000 0.000 0.000 0.000 0.007 0.000 0.000 0.000 0.000 0.000
0.000 0.000 0.000 0.000 0.000 0.000 0.000 0.000 0.950 1.000 0.999 0.263 0.055 0.993 0.999 0.000 0.992 0.992 0.003 0.000 0.000 0.000 0.000 0.000 0.000 0.000 0.000 0.000 1.000 0.139 0.001 0.000 0.000 0.000
0.000 0.000 0.000 0.000 0.000 0.000 0.000 1.000 1.000 1.000 0.954 0.000 0.000 0.008 0.981 0.992 0.000 1.000 1.000 0.000 0.000 0.000 0.000 0.000 0.000 0.000 0.000 0.132 0.998 0.032 0.073 0.000 0.000 0.000
0.000 0.000 0.000 0.000 0.000 0.012 0.997 0.997 1.000 1.000 0.991 0.581 0.001 0.039 0.001 0.992 1.000 0.000 1.000 1.000 0.001 0.000 0.000 0.000 0.000 0.046 0.998 1.000 1.000 0.609 0.000 0.000 0.000 0.000
0.002 1.000 0.021 0.000 0.000 1.000 1.000 1.000 1.000 0.000 0.000 0.000 0.000 0.000 0.000 0.003 1.000 1.000 0.000 1.000 0.986 0.000 0.000 0.000 0.000 0.954 0.961 1.000 1.000 1.000 1.000 0.996 0.006 0.000
0.000 0.220 0.000 0.000 0.972 1.000 0.996 0.996 1.000 0.000 0.000 0.000 0.000 0.000 0.000 0.000 0.000 1.000 1.000 0.000 1.000 0.994 0.017 0.001 0.998 1.000 1.000 0.999 0.000 0.000 0.000 0.155 0.000 0.000
0.000 0.000 0.000 0.623 0.982 1.000 0.988 0.000 0.000 0.000 0.000 0.000 0.000 0.000 0.000 0.000 0.000 0.001 0.986 1.000 0.000 0.998 0.970 0.992 0.984 0.990 0.986 0.125 0.000 0.000 0.000 0.003 0.000 0.000
0.000 0.000 0.001 0.071 0.990 0.979 0.929 0.000 0.742 0.000 0.000 0.000 0.000 0.000 0.000 0.000 0.000 0.000 0.000 0.994 0.998 0.000 0.999 0.982 0.979 0.303 0.000 0.000 0.000 0.000 0.000 0.000 0.000 0.000
0.000 0.000 0.000 0.610 0.931 0.197 0.000 0.000 0.000 0.000 0.000 0.000 0.000 0.000 0.000 0.000 0.000 0.000 0.000 0.017 0.970 0.999 0.000 0.998 0.971 0.114 0.000 0.000 0.000 0.000 0.000 0.000 0.000 0.000
0.000 0.000 0.000 0.000 0.027 0.346 0.000 0.000 0.000 0.000 0.000 0.000 0.000 0.000 0.000 0.000 0.000 0.000 0.000 0.001 0.992 0.982 0.998 0.000 0.994 0.962 0.000 0.003 0.000 0.000 0.000 0.000 0.000 0.000
0.000 0.000 0.000 0.000 0.000 0.000 0.000 0.000 0.032 0.000 0.000 0.000 0.000 0.000 0.000 0.000 0.000 0.000 0.000 0.998 0.984 0.979 0.971 0.994 0.000 1.000 0.996 0.000 0.000 0.000 0.000 0.000 0.000 0.000
0.000 0.000 0.000 0.000 0.000 0.913 0.000 0.000 0.000 0.000 0.000 0.000 0.000 0.000 0.000 0.000 0.000 0.046 0.954 1.000 0.990 0.303 0.114 0.962 1.000 0.000 1.000 0.987 0.000 0.000 0.000 0.000 0.000 0.000
0.000 0.000 0.000 0.000 0.000 0.924 0.000 0.000 0.186 0.000 0.000 0.000 0.000 0.000 0.000 0.000 0.000 0.998 0.961 1.000 0.986 0.000 0.000 0.000 0.996 1.000 0.000 0.995 0.964 0.000 0.000 0.000 0.000 0.000
0.000 0.000 0.001 0.000 0.000 1.000 0.000 0.000 0.000 0.000 0.000 0.000 0.000 0.000 0.000 0.000 0.132 1.000 1.000 0.999 0.125 0.000 0.000 0.003 0.000 0.987 0.995 0.000 1.000 1.000 0.963 0.979 0.395 0.000
0.000 0.000 0.000 0.000 0.000 0.000 0.000 0.000 0.001 0.128 0.963 0.004 0.074 0.807 0.007 1.000 0.998 1.000 1.000 0.000 0.000 0.000 0.000 0.000 0.000 0.000 0.964 1.000 0.000 1.000 0.986 0.006 0.000 0.000
0.000 0.000 0.000 0.000 0.000 0.086 0.000 0.000 0.000 0.000 0.000 0.000 0.000 0.000 0.000 0.139 0.032 0.609 1.000 0.000 0.000 0.000 0.000 0.000 0.000 0.000 0.000 1.000 1.000 0.000 0.997 0.997 0.028 0.001
0.812 0.997 0.365 0.002 0.000 0.027 0.000 0.635 0.000 0.000 0.000 0.000 0.000 0.000 0.000 0.001 0.073 0.000 1.000 0.000 0.000 0.000 0.000 0.000 0.000 0.000 0.000 0.963 0.986 0.997 0.000 1.000 1.000 0.359
0.416 0.988 1.000 0.002 0.000 1.000 0.203 0.001 0.000 0.000 0.000 0.000 0.000 0.000 0.000 0.000 0.000 0.000 0.996 0.155 0.003 0.000 0.000 0.000 0.000 0.000 0.000 0.979 0.006 0.997 1.000 0.000 1.000 0.999
0.684 0.742 0.968 0.006 0.000 0.058 0.000 0.000 0.000 0.000 0.000 0.000 0.000 0.000 0.000 0.000 0.000 0.000 0.006 0.000 0.000 0.000 0.000 0.000 0.000 0.000 0.000 0.395 0.000 0.028 1.000 1.000 0.000 1.000
0.540 0.488 0.737 0.433 0.000 0.006 0.000 0.000 0.000 0.000 0.000 0.000 0.000 0.000 0.000 0.000 0.000 0.000 0.000 0.000 0.000 0.000 0.000 0.000 0.000 0.000 0.000 0.000 0.000 0.001 0.359 0.999 1.000 0.000
