0.000 0.998 0.978 0.210 0.014 0.014 0.002 0.003 0.000 0.000 0.000 0.003 0.000 0.000 0.000 0.000 0.000 0.000 0.000 0.000 0.000 0.000 0.000 0.000 0.000 0.000 0.000 0.000 0.000 0.000 0.706 0.079 0.115 0.175
0.998 0.000 0.994 0.953 0.007 1.000 0.979 0.956 0.000 0.000 0.000 0.000 0.000 0.000 0.000 0.000 0.000 0.000 0.961 0.153 0.000 0.001 0.000 0.000 0.000 0.000 0.000 0.000 0.000 0.000 0.980 0.988 0.229 0.116
0.978 0.994 0.000 0.994 0.934 0.997 0.000 0.000 0.000 0.000 0.000 0.001 0.000 0.000 0.000 0.000 0.000 0.000 0.009 0.000 0.252 0.002 0.000 0.000 0.000 0.000 0.000 0.000 0.000 0.000 0.478 0.951 0.920 0.909
0.210 0.953 0.994 0.000 0.968 0.989 0.000 0.000 0.000 0.000 0.000 0.004 0.000 0.000 0.000 0.000 0.000 0.000 0.000 0.000 0.865 0.065 0.683 0.004 0.000 0.000 0.000 0.000 0.000 0.000 0.000 0.000 0.019 0.495
0.014 0.007 0.934 0.968 0.000 0.986 0.892 0.000 0.000 0.000 0.000 0.000 0.000 0.000 0.000 0.000 0.000 0.000 0.000 0.853 0.994 0.968 0.944 0.181 0.000 0.000 0.000 0.000 0.000 0.000 0.000 0.000 0.000 0.001
0.014 1.000 0.997 0.989 0.986 0.000 0.984 0.813 0.000 0.000 0.000 0.000 0.000 0.000 0.000 0.000 0.000 0.010 0.962 0.994 0.990 0.893 0.131 0.197 0.000 0.893 0.831 0.978 0.000 0.037 0.001 1.000 0.161 0.375
0.002 0.979 0.000 0.000 0.892 0.984 0.000 0.993 0.964 0.000 0.000 0.000 0.000 0.000 0.000 0.000 0.000 0.762 0.980 0.997 0.941 0.813 0.000 0.000 0.000 0.000 0.000 0.000 0.000 0.000 0.000 0.277 0.000 0.000
0.003 0.956 0.000 0.000 0.000 0.813 0.993 0.000 0.975 0.876 0.000 0.000 0.000 0.000 0.000 0.000 0.945 0.932 1.000 0.968 0.000 0.000 0.000 0.000 0.000 0.000 0.000 0.000 0.000 0.000 0.564 0.003 0.000 0.000
0.000 0.000 0.000 0.000 0.000 0.000 0.964 0.975 0.000 0.997 0.947 0.082 0.000 0.000 0.000 0.913 0.992 0.998 0.986 0.970 0.001 0.525 0.000 0.000 0.010 0.000 0.174 0.000 0.000 0.000 0.000 0.000 0.000 0.000
0.000 0.000 0.000 0.000 0.000 0.000 0.000 0.876 0.997 0.000 0.995 0.987 0.027 0.061 0.939 0.978 0.998 0.999 0.000 0.000 0.000 0.000 0.000 0.000 0.000 0.000 0.000 0.000 0.098 0.000 0.000 0.000 0.000 0.000
0.000 0.000 0.000 0.000 0.000 0.000 0.000 0.000 0.947 0.995 0.000 0.996 0.991 0.968 0.982 0.999 0.988 0.983 0.000 0.000 0.000 0.000 0.000 0.000 0.000 0.000 0.000 0.000 0.945 0.000 0.000 0.000 0.000 0.000
0.003 0.000 0.001 0.004 0.000 0.000 0.000 0.000 0.082 0.987 0.996 0.000 0.988 0.932 0.940 0.318 0.000 0.526 0.000 0.000 0.000 0.000 0.000 0.000 0.000 0.000 0.000 0.000 0.002 0.000 0.000 0.000 0.004 0.014
0.000 0.000 0.000 0.000 0.000 0.000 0.000 0.000 0.000 0.027 0.991 0.988 0.000 0.995 0.971 0.072 0.000 0.000 0.000 0.000 0.000 0.000 0.000 0.000 0.000 0.000 0.000 0.000 0.058 0.000 0.000 0.000 0.000 0.000
0.000 0.000 0.000 0.000 0.000 0.000 0.000 0.000 0.000 0.061 0.968 0.932 0.995 0.000 0.989 0.999 0.001 0.029 0.000 0.000 0.000 0.000 0.000 0.000 0.000 0.000 0.000 0.000 0.835 0.000 0.000 0.000 0.000 0.000
0.000 0.000 0.000 0.000 0.000 0.000 0.000 0.000 0.000 0.939 0.982 0.940 0.971 0.989 0.000 1.000 0.957 0.000 0.000 0.000 0.000 0.000 0.000 0.000 0.000 0.000 0.000 0.000 0.006 0.000 0.000 0.000 0.000 0.000
0.000 0.000 0.000 0.000 0.000 0.000 0.000 0.000 0.913 0.978 0.999 0.318 0.072 0.999 1.000 0.000 0.994 0.964 0.000 0.000 0.000 0.000 0.000 0.000 0.000 0.000 0.000 0.000 0.998 0.099 0.001 0.000 0.000 0.000
0.000 0.000 0.000 0.000 0.000 0.000 0.000 0.945 0.992 0.998 0.988 0.000 0.000 0.001 0.957 0.994 0.000 1.000 0.975 0.000 0.000 0.000 0.000 0.000 0.000 0.000 0.000 0.150 0.995 0.045 0.075 0.000 0.000 0.000
0.000 0.000 0.000 0.000 0.000 0.010 0.762 0.932 0.998 0.999 0.983 0.526 0.000 0.029 0.000 0.964 1.000 0.000 0.988 0.964 0.001 0.000 0.000 0.000 0.000 0.025 0.971 0.966 0.994 0.491 0.000 0.000 0.000 0.000
0.000 0.961 0.009 0.000 0.000 0.962 0.980 1.000 0.986 0.000 0.000 0.000 0.000 0.000 0.000 0.000 0.975 0.988 0.000 0.995 0.775 0.000 0.000 0.000 0.000 0.822 0.961 0.997 0.975 0.958 0.989 0.953 0.000 0.000
0.000 0.153 0.000 0.000 0.853 0.994 0.997 0.968 0.970 0.000 0.000 0.000 0.000 0.000 0.000 0.000 0.000 0.964 0.995 0.000 0.989 0.980 0.007 0.002 0.926 0.967 0.970 0.907 0.000 0.000 0.000 0.172 0.000 0.000
0.000 0.000 0.252 0.865 0.994 0.990 0.941 0.000 0.001 0.000 0.000 0.000 0.000 0.000 0.000 0.000 0.000 0.001 0.775 0.989 0.000 0.999 0.984 0.975 0.962 0.983 0.767 0.077 0.000 0.000 0.000 0.073 0.000 0.109
0.000 0.001 0.002 0.065 0.968 0.893 0.813 0.000 0.525 0.000 0.000 0.000 0.000 0.000 0.000 0.000 0.000 0.000 0.000 0.980 0.999 0.000 0.994 0.947 0.961 0.712 0.000 0.000 0.000 0.000 0.000 0.000 0.000 0.000
0.000 0.000 0.000 0.683 0.944 0.131 0.000 0.000 0.000 0.000 0.000 0.000 0.000 0.000 0.000 0.000 0.000 0.000 0.000 0.007 0.984 0.994 0.000 0.996 0.940 0.136 0.000 0.000 0.000 0.000 0.000 0.000 0.000 0.001
0.000 0.000 0.000 0.004 0.181 0.197 0.000 0.000 0.000 0.000 0.000 0.000 0.000 0.000 0.000 0.000 0.000 0.000 0.000 0.002 0.975 0.947 0.996 0.000 0.990 0.955 0.001 0.000 0.000 0.000 0.000 0.000 0.000 0.001
0.000 0.000 0.000 0.000 0.000 0.000 0.000 0.000 0.010 0.000 0.000 0.000 0.000 0.000 0.000 0.000 0.000 0.000 0.000 0.926 0.962 0.961 0.940 0.990 0.000 0.991 0.809 0.000 0.000 0.000 0.000 0.000 0.000 0.000
0.000 0.000 0.000 0.000 0.000 0.893 0.000 0.000 0.000 0.000 0.000 0.000 0.000 0.000 0.000 0.000 0.000 0.025 0.822 0.967 0.983 0.712 0.136 0.955 0.991 0.000 0.958 0.858 0.000 0.000 0.000 0.000 0.000 0.000
0.000 0.000 0.000 0.000 0.000 0.831 0.000 0.000 0.174 0.000 0.000 0.000 0.000 0.000 0.000 0.000 0.000 0.971 0.961 0.970 0.767 0.000 0.000 0.001 0.809 0.958 0.000 0.981 0.885 0.000 0.000 0.000 0.000 0.000
0.000 0.000 0.000 0.000 0.000 0.978 0.000 0.000 0.000 0.000 0.000 0.000 0.000 0.000 0.000 0.000 0.150 0.966 0.997 0.907 0.077 0.000 0.000 0.000 0.000 0.858 0.981 0.000 0.989 0.997 0.983 0.975 0.602 0.021
0.000 0.000 0.000 0.000 0.000 0.000 0.000 0.000 0.000 0.098 0.945 0.002 0.058 0.835 0.006 0.998 0.995 0.994 0.975 0.000 0.000 0.000 0.000 0.000 0.000 0.000 0.885 0.989 0.000 0.971 0.824 0.007 0.000 0.000
0.000 0.000 0.000 0.000 0.000 0.037 0.000 0.000 0.000 0.000 0.000 0.000 0.000 0.000 0.000 0.099 0.045 0.491 0.958 0.000 0.000 0.000 0.000 0.000 0.000 0.000 0.000 0.997 0.971 0.000 0.989 0.923 0.040 0.000
0.706 0.980 0.478 0.000 0.000 0.001 0.000 0.564 0.000 0.000 0.000 0.000 0.000 0.000 0.000 0.001 0.075 0.000 0.989 0.000 0.000 0.000 0.000 0.000 0.000 0.000 0.000 0.983 0.824 0.989 0.000 0.996 0.865 0.175
0.079 0.988 0.951 0.000 0.000 1.000 0.277 0.003 0.000 0.000 0.000 0.000 0.000 0.000 0.000 0.000 0.000 0.000 0.953 0.172 0.073 0.000 0.000 0.000 0.000 0.000 0.000 0.975 0.007 0.923 0.996 0.000 0.943 0.860
0.115 0.229 0.920 0.019 0.000 0.161 0.000 0.000 0.000 0.000 0.000 0.004 0.000 0.000 0.000 0.000 0.000 0.000 0.000 0.000 0.000 0.000 0.000 0.000 0.000 0.000 0.000 0.602 0.000 0.040 0.865 0.943 0.000 0.997
0.175 0.116 0.909 0.495 0.001 0.375 0.000 0.000 0.000 0.000 0.000 0.014 0.000 0.000 0.000 0.000 0.000 0.000 0.000 0.000 0.109 0.000 0.001 0.001 0.000 0.000 0.000 0.021 0.000 0.000 0.175 0.860 0.997 0.000
