0.000 1.000 0.994 0.279 0.012 0.013 0.012 0.003 0.000 0.000 0.000 0.001 0.005 0.003 0.000 0.000 0.000 0.000 0.001 0.000 0.000 0.000 0.000 0.000 0.000 0.000 0.000 0.000 0.000 0.000 0.843 0.219 0.286 0.363
1.000 0.000 1.000 0.864 0.011 1.000 0.982 0.968 0.000 0.000 0.000 0.000 0.000 0.000 0.000 0.000 0.000 0.000 0.999 0.125 0.000 0.000 0.000 0.000 0.000 0.000 0.000 0.000 0.000 0.000 0.999 0.995 0.451 0.302
0.994 1.000 0.000 0.989 0.978 1.000 0.000 0.000 0.000 0.000 0.000 0.000 0.000 0.000 0.000 0.000 0.000 0.000 0.003 0.000 0.440 0.000 0.000 0.000 0.000 0.000 0.000 0.000 0.000 0.000 0.503 0.972 0.998 0.980
0.279 0.864 0.989 0.000 0.982 0.908 0.000 0.000 0.000 0.000 0.000 0.001 0.002 0.000 0.000 0.000 0.000 0.000 0.000 0.000 0.920 0.027 0.876 0.089 0.000 0.000 0.000 0.000 0.000 0.000 0.000 0.000 0.010 0.502
0.012 0.011 0.978 0.982 0.000 0.999 0.960 0.000 0.000 0.000 0.000 0.000 0.000 0.000 0.000 0.000 0.000 0.000 0.000 0.933 1.000 0.996 0.996 0.433 0.000 0.000 0.000 0.000 0.000 0.000 0.000 0.000 0.000 0.000
0.013 1.000 1.000 0.908 0.999 0.000 0.998 0.958 0.000 0.000 0.000 0.000 0.000 0.000 0.000 0.000 0.000 0.048 0.998 0.998 1.000 0.985 0.151 0.786 0.000 0.992 0.994 1.000 0.000 0.005 0.000 1.000 0.148 0.218
0.012 0.982 0.000 0.000 0.960 0.998 0.000 1.000 0.991 0.000 0.000 0.000 0.000 0.000 0.000 0.000 0.000 0.990 1.000 1.000 0.979 0.899 0.000 0.000 0.000 0.000 0.000 0.000 0.000 0.000 0.000 0.313 0.000 0.000
0.003 0.968 0.000 0.000 0.000 0.958 1.000 0.000 1.000 0.992 0.000 0.001 0.000 0.000 0.000 0.000 1.000 1.000 0.993 0.991 0.000 0.090 0.000 0.000 0.000 0.000 0.000 0.000 0.000 0.000 0.567 0.004 0.000 0.000
0.000 0.000 0.000 0.000 0.000 0.000 0.991 1.000 0.000 1.000 0.973 0.008 0.000 0.000 0.000 0.982 1.000 1.000 0.981 0.973 0.000 0.107 0.000 0.000 0.000 0.000 0.004 0.000 0.000 0.000 0.000 0.000 0.000 0.000
0.000 0.000 0.000 0.000 0.000 0.000 0.000 0.992 1.000 0.000 0.996 0.924 0.020 0.068 0.967 0.996 0.995 0.998 0.000 0.002 0.000 0.000 0.000 0.000 0.000 0.000 0.000 0.000 0.039 0.000 0.000 0.000 0.000 0.000
0.000 0.000 0.000 0.000 0.000 0.000 0.000 0.000 0.973 0.996 0.000 0.982 0.970 0.992 0.997 0.997 0.964 0.992 0.000 0.000 0.000 0.000 0.000 0.000 0.000 0.000 0.000 0.000 0.784 0.000 0.000 0.000 0.000 0.000
0.001 0.000 0.000 0.001 0.000 0.000 0.000 0.001 0.008 0.924 0.982 0.000 0.997 0.968 0.932 0.264 0.000 0.524 0.000 0.001 0.000 0.000 0.000 0.000 0.000 0.000 0.000 0.000 0.006 0.000 0.000 0.000 0.000 0.007
0.005 0.000 0.000 0.002 0.000 0.000 0.000 0.000 0.000 0.020 0.970 0.997 0.000 0.977 0.922 0.050 0.000 0.000 0.000 0.000 0.000 0.000 0.000 0.000 0.000 0.000 0.000 0.000 0.071 0.000 0.000 0.000 0.000 0.004
0.003 0.000 0.000 0.000 0.000 0.000 0.000 0.000 0.000 0.068 0.992 0.968 0.977 0.000 0.996 0.985 0.002 0.030 0.000 0.000 0.000 0.000 0.000 0.000 0.000 0.000 0.000 0.000 0.468 0.000 0.000 0.000 0.000 0.000
0.000 0.000 0.000 0.000 0.000 0.000 0.000 0.000 0.000 0.967 0.997 0.932 0.922 0.996 0.000 0.998 0.973 0.001 0.000 0.000 0.000 0.000 0.000 0.000 0.000 0.000 0.000 0.000 0.004 0.000 0.000 0.000 0.000 0.000
0.000 0.000 0.000 0.000 0.000 0.000 0.000 0.000 0.982 0.996 0.997 0.264 0.050 0.985 0.998 0.000 0.995 0.997 0.007 0.000 0.000 0.000 0.000 0.000 0.000 0.000 0.000 0.000 0.937 0.115 0.001 0.000 0.000 0.000
0.000 0.000 0.000 0.000 0.000 0.000 0.000 1.000 1.000 0.995 0.964 0.000 0.000 0.002 0.973 0.995 0.000 1.000 0.985 0.000 0.000 0.000 0.000 0.000 0.000 0.000 0.000 0.115 0.989 0.039 0.076 0.000 0.000 0.000
0.000 0.000 0.000 0.000 0.000 0.048 0.990 1.000 1.000 0.998 0.992 0.524 0.000 0.030 0.001 0.997 1.000 0.000 0.995 0.997 0.002 0.001 0.000 0.000 0.001 0.034 0.992 0.989 0.998 0.515 0.000 0.000 0.000 0.000
0.001 0.999 0.003 0.000 0.000 0.998 1.000 0.993 0.981 0.000 0.000 0.000 0.000 0.000 0.000 0.007 0.985 0.995 0.000 1.000 0.973 0.000 0.000 0.000 0.000 0.957 0.999 1.000 0.999 0.976 0.992 0.992 0.000 0.000
0.000 0.125 0.000 0.000 0.933 0.998 1.000 0.991 0.973 0.002 0.000 0.001 0.000 0.000 0.000 0.000 0.000 0.997 1.000 0.000 1.000 1.000 0.011 0.001 0.843 0.991 0.997 0.990 0.000 0.000 0.000 0.173 0.000 0.000
0.000 0.000 0.440 0.920 1.000 1.000 0.979 0.000 0.000 0.000 0.000 0.000 0.000 0.000 0.000 0.000 0.000 0.002 0.973 1.000 0.000 0.999 0.998 1.000 0.992 1.000 0.993 0.013 0.000 0.000 0.000 0.064 0.000 0.067
0.000 0.000 0.000 0.027 0.996 0.985 0.899 0.090 0.107 0.000 0.000 0.000 0.000 0.000 0.000 0.000 0.000 0.001 0.000 1.000 0.999 0.000 0.992 0.971 0.997 0.213 0.000 0.000 0.000 0.000 0.000 0.000 0.000 0.000
0.000 0.000 0.000 0.876 0.996 0.151 0.000 0.000 0.000 0.000 0.000 0.000 0.000 0.000 0.000 0.000 0.000 0.000 0.000 0.011 0.998 0.992 0.000 1.000 0.965 0.161 0.000 0.000 0.000 0.000 0.000 0.000 0.000 0.000
0.000 0.000 0.000 0.089 0.433 0.786 0.000 0.000 0.000 0.000 0.000 0.000 0.000 0.000 0.000 0.000 0.000 0.000 0.000 0.001 1.000 0.971 1.000 0.000 0.992 0.963 0.000 0.000 0.000 0.000 0.000 0.000 0.000 0.009
0.000 0.000 0.000 0.000 0.000 0.000 0.000 0.000 0.000 0.000 0.000 0.000 0.000 0.000 0.000 0.000 0.000 0.001 0.000 0.843 0.992 0.997 0.965 0.992 0.000 0.991 0.968 0.000 0.000 0.000 0.000 0.000 0.000 0.000
0.000 0.000 0.000 0.000 0.000 0.992 0.000 0.000 0.000 0.000 0.000 0.000 0.000 0.000 0.000 0.000 0.000 0.034 0.957 0.991 1.000 0.213 0.161 0.963 0.991 0.000 0.999 0.965 0.000 0.000 0.000 0.000 0.000 0.000
0.000 0.000 0.000 0.000 0.000 0.994 0.000 0.000 0.004 0.000 0.000 0.000 0.000 0.000 0.000 0.000 0.000 0.992 0.999 0.997 0.993 0.000 0.000 0.000 0.968 0.999 0.000 0.999 0.983 0.000 0.000 0.000 0.000 0.000
0.000 0.000 0.000 0.000 0.000 1.000 0.000 0.000 0.000 0.000 0.000 0.000 0.000 0.000 0.000 0.000 0.115 0.989 1.000 0.990 0.013 0.000 0.000 0.000 0.000 0.965 0.999 0.000 1.000 0.999 0.999 1.000 0.820 0.042
0.000 0.000 0.000 0.000 0.000 0.000 0.000 0.000 0.000 0.039 0.784 0.006 0.071 0.468 0.004 0.937 0.989 0.998 0.999 0.000 0.000 0.000 0.000 0.000 0.000 0.000 0.983 1.000 0.000 0.989 0.989 0.019 0.000 0.000
0.000 0.000 0.000 0.000 0.000 0.005 0.000 0.000 0.000 0.000 0.000 0.000 0.000 0.000 0.000 0.115 0.039 0.515 0.976 0.000 0.000 0.000 0.000 0.000 0.000 0.000 0.000 0.999 0.989 0.000 1.000 0.999 0.054 0.000
0.843 0.999 0.503 0.000 0.000 0.000 0.000 0.567 0.000 0.000 0.000 0.000 0.000 0.000 0.000 0.001 0.076 0.000 0.992 0.000 0.000 0.000 0.000 0.000 0.000 0.000 0.000 0.999 0.989 1.000 0.000 1.000 0.988 0.149
0.219 0.995 0.972 0.000 0.000 1.000 0.313 0.004 0.000 0.000 0.000 0.000 0.000 0.000 0.000 0.000 0.000 0.000 0.992 0.173 0.064 0.000 0.000 0.000 0.000 0.000 0.000 1.000 0.019 0.999 1.000 0.000 0.993 0.877
0.286 0.451 0.998 0.010 0.000 0.148 0.000 0.000 0.000 0.000 0.000 0.000 0.000 0.000 0.000 0.000 0.000 0.000 0.000 0.000 0.000 0.000 0.000 0.000 0.000 0.000 0.000 0.820 0.000 0.054 0.988 0.993 0.000 0.992
0.363 0.302 0.980 0.502 0.000 0.218 0.000 0.000 0.000 0.000 0.000 0.007 0.004 0.000 0.000 0.000 0.000 0.000 0.000 0.000 0.067 0.000 0.000 0.009 0.000 0.000 0.000 0.042 0.000 0.000 0.149 0.877 0.992 0.000
