0.000 0.999 0.959 0.239 0.006 0.004 0.000 0.003 0.000 0.000 0.000 0.000 0.001 0.000 0.000 0.000 0.000 0.000 0.001 0.000 0.000 0.001 0.000 0.000 0.000 0.000 0.000 0.000 0.000 0.000 0.024 0.276 0.317 0.483
0.999 0.000 0.990 0.868 0.003 0.974 0.936 0.957 0.000 0.000 0.000 0.000 0.000 0.000 0.000 0.000 0.000 0.000 0.952 0.148 0.000 0.001 0.000 0.000 0.000 0.000 0.000 0.000 0.000 0.000 0.787 0.926 0.393 0.358
0.959 0.990 0.000 0.979 0.866 0.992 0.000 0.000 0.000 0.000 0.000 0.000 0.000 0.000 0.000 0.000 0.000 0.000 0.004 0.000 0.183 0.000 0.000 0.000 0.000 0.000 0.000 0.000 0.000 0.000 0.035 0.941 0.951 0.975
0.239 0.868 0.979 0.000 0.975 0.969 0.000 0.000 0.000 0.000 0.000 0.000 0.000 0.000 0.000 0.000 0.000 0.000 0.000 0.000 0.685 0.019 0.640 0.006 0.000 0.000 0.000 0.000 0.000 0.000 0.000 0.000 0.010 0.451
0.006 0.003 0.866 0.975 0.000 0.976 0.810 0.000 0.000 0.000 0.000 0.000 0.000 0.000 0.000 0.000 0.000 0.000 0.000 0.763 0.929 0.965 0.914 0.097 0.000 0.000 0.000 0.000 0.000 0.000 0.000 0.000 0.000 0.000
0.004 0.974 0.992 0.969 0.976 0.000 0.982 0.776 0.000 0.000 0.000 0.000 0.000 0.000 0.000 0.000 0.000 0.012 0.950 0.986 0.971 0.886 0.170 0.413 0.000 0.843 0.929 0.969 0.000 0.048 0.022 0.983 0.206 0.039
0.000 0.936 0.000 0.000 0.810 0.982 0.000 0.986 0.997 0.000 0.000 0.000 0.000 0.000 0.000 0.000 0.000 0.873 0.937 0.993 0.805 0.926 0.000 0.000 0.000 0.000 0.000 0.000 0.000 0.000 0.001 0.177 0.000 0.000
0.003 0.957 0.000 0.000 0.000 0.776 0.986 0.000 0.998 0.841 0.000 0.000 0.000 0.000 0.000 0.000 0.990 0.979 0.992 0.892 0.000 0.000 0.000 0.000 0.000 0.000 0.000 0.000 0.001 0.000 0.026 0.002 0.000 0.000
0.000 0.000 0.000 0.000 0.000 0.000 0.997 0.998 0.000 0.977 0.906 0.047 0.000 0.000 0.000 0.917 0.989 1.000 0.914 0.986 0.000 0.779 0.000 0.000 0.014 0.000 0.124 0.000 0.000 0.000 0.000 0.000 0.000 0.000
0.000 0.000 0.000 0.000 0.000 0.000 0.000 0.841 0.977 0.000 0.998 0.987 0.030 0.097 0.962 0.979 0.911 0.988 0.000 0.000 0.000 0.000 0.000 0.000 0.000 0.000 0.000 0.000 0.008 0.000 0.000 0.000 0.000 0.000
0.000 0.000 0.000 0.000 0.000 0.000 0.000 0.000 0.906 0.998 0.000 0.992 0.996 0.999 0.996 0.986 0.835 0.986 0.000 0.000 0.000 0.000 0.000 0.000 0.000 0.000 0.000 0.000 0.070 0.000 0.000 0.000 0.000 0.000
0.000 0.000 0.000 0.000 0.000 0.000 0.000 0.000 0.047 0.987 0.992 0.000 0.998 0.972 0.957 0.342 0.000 0.284 0.000 0.000 0.000 0.000 0.000 0.000 0.000 0.000 0.000 0.000 0.005 0.000 0.000 0.000 0.000 0.000
0.001 0.000 0.000 0.000 0.000 0.000 0.000 0.000 0.000 0.030 0.996 0.998 0.000 0.988 0.965 0.063 0.000 0.001 0.000 0.000 0.000 0.000 0.000 0.000 0.000 0.000 0.000 0.000 0.027 0.000 0.000 0.000 0.000 0.000
0.000 0.000 0.000 0.000 0.000 0.000 0.000 0.000 0.000 0.097 0.999 0.972 0.988 0.000 0.999 0.997 0.001 0.057 0.000 0.000 0.000 0.000 0.000 0.000 0.000 0.000 0.000 0.000 0.061 0.000 0.000 0.000 0.000 0.000
0.000 0.000 0.000 0.000 0.000 0.000 0.000 0.000 0.000 0.962 0.996 0.957 0.965 0.999 0.000 0.999 0.907 0.000 0.000 0.000 0.000 0.000 0.000 0.000 0.000 0.000 0.000 0.000 0.008 0.000 0.000 0.000 0.000 0.000
0.000 0.000 0.000 0.000 0.000 0.000 0.000 0.000 0.917 0.979 0.986 0.342 0.063 0.997 0.999 0.000 0.995 1.000 0.011 0.000 0.000 0.000 0.000 0.000 0.000 0.000 0.102 0.108 0.941 0.000 0.000 0.000 0.000 0.000
0.000 0.000 0.000 0.000 0.000 0.000 0.000 0.990 0.989 0.911 0.835 0.000 0.000 0.001 0.907 0.995 0.000 1.000 0.980 0.000 0.000 0.000 0.000 0.000 0.000 0.000 0.000 0.060 0.930 0.009 0.005 0.000 0.000 0.000
0.000 0.000 0.000 0.000 0.000 0.012 0.873 0.979 1.000 0.988 0.986 0.284 0.001 0.057 0.000 1.000 1.000 0.000 0.999 0.955 0.001 0.000 0.000 0.000 0.000 0.026 0.945 0.954 0.959 0.298 0.000 0.000 0.000 0.000
0.001 0.952 0.004 0.000 0.000 0.950 0.937 0.992 0.914 0.000 0.000 0.000 0.000 0.000 0.000 0.011 0.980 0.999 0.000 0.965 0.702 0.000 0.000 0.000 0.000 0.699 0.920 0.996 0.987 0.987 0.992 0.978 0.000 0.000
0.000 0.148 0.000 0.000 0.763 0.986 0.993 0.892 0.986 0.000 0.000 0.000 0.000 0.000 0.000 0.000 0.000 0.955 0.965 0.000 0.995 0.972 0.012 0.000 0.983 0.961 0.975 0.876 0.000 0.000 0.002 0.112 0.000 0.000
0.000 0.000 0.183 0.685 0.929 0.971 0.805 0.000 0.000 0.000 0.000 0.000 0.000 0.000 0.000 0.000 0.000 0.001 0.702 0.995 0.000 0.971 0.978 0.988 0.977 0.989 0.892 0.075 0.000 0.000 0.000 0.067 0.001 0.001
0.001 0.001 0.000 0.019 0.965 0.886 0.926 0.000 0.779 0.000 0.000 0.000 0.000 0.000 0.000 0.000 0.000 0.000 0.000 0.972 0.971 0.000 0.988 0.891 0.953 0.188 0.000 0.000 0.000 0.000 0.000 0.000 0.000 0.000
0.000 0.000 0.000 0.640 0.914 0.170 0.000 0.000 0.000 0.000 0.000 0.000 0.000 0.000 0.000 0.000 0.000 0.000 0.000 0.012 0.978 0.988 0.000 0.976 0.932 0.151 0.000 0.000 0.000 0.000 0.000 0.000 0.000 0.000
0.000 0.000 0.000 0.006 0.097 0.413 0.000 0.000 0.000 0.000 0.000 0.000 0.000 0.000 0.000 0.000 0.000 0.000 0.000 0.000 0.988 0.891 0.976 0.000 0.986 0.972 0.005 0.001 0.000 0.000 0.000 0.000 0.000 0.000
0.000 0.000 0.000 0.000 0.000 0.000 0.000 0.000 0.014 0.000 0.000 0.000 0.000 0.000 0.000 0.000 0.000 0.000 0.000 0.983 0.977 0.953 0.932 0.986 0.000 0.981 0.853 0.000 0.000 0.000 0.000 0.000 0.000 0.000
0.000 0.000 0.000 0.000 0.000 0.843 0.000 0.000 0.000 0.000 0.000 0.000 0.000 0.000 0.000 0.000 0.000 0.026 0.699 0.961 0.989 0.188 0.151 0.972 0.981 0.000 0.970 0.740 0.000 0.000 0.000 0.000 0.000 0.000
0.000 0.000 0.000 0.000 0.000 0.929 0.000 0.000 0.124 0.000 0.000 0.000 0.000 0.000 0.000 0.102 0.000 0.945 0.920 0.975 0.892 0.000 0.000 0.005 0.853 0.970 0.000 0.958 0.818 0.000 0.000 0.000 0.000 0.000
0.000 0.000 0.000 0.000 0.000 0.969 0.000 0.000 0.000 0.000 0.000 0.000 0.000 0.000 0.000 0.108 0.060 0.954 0.996 0.876 0.075 0.000 0.000 0.001 0.000 0.740 0.958 0.000 1.000 0.994 0.941 0.977 0.612 0.000
0.000 0.000 0.000 0.000 0.000 0.000 0.000 0.001 0.000 0.008 0.070 0.005 0.027 0.061 0.008 0.941 0.930 0.959 0.987 0.000 0.000 0.000 0.000 0.000 0.000 0.000 0.818 1.000 0.000 1.000 0.972 0.022 0.000 0.000
0.000 0.000 0.000 0.000 0.000 0.048 0.000 0.000 0.000 0.000 0.000 0.000 0.000 0.000 0.000 0.000 0.009 0.298 0.987 0.000 0.000 0.000 0.000 0.000 0.000 0.000 0.000 0.994 1.000 0.000 0.995 0.992 0.041 0.000
0.024 0.787 0.035 0.000 0.000 0.022 0.001 0.026 0.000 0.000 0.000 0.000 0.000 0.000 0.000 0.000 0.005 0.000 0.992 0.002 0.000 0.000 0.000 0.000 0.000 0.000 0.000 0.941 0.972 0.995 0.000 0.996 0.904 0.006
0.276 0.926 0.941 0.000 0.000 0.983 0.177 0.002 0.000 0.000 0.000 0.000 0.000 0.000 0.000 0.000 0.000 0.000 0.978 0.112 0.067 0.000 0.000 0.000 0.000 0.000 0.000 0.977 0.022 0.992 0.996 0.000 0.995 0.867
0.317 0.393 0.951 0.010 0.000 0.206 0.000 0.000 0.000 0.000 0.000 0.000 0.000 0.000 0.000 0.000 0.000 0.000 0.000 0.000 0.001 0.000 0.000 0.000 0.000 0.000 0.000 0.612 0.000 0.041 0.904 0.995 0.000 0.972
0.483 0.358 0.975 0.451 0.000 0.039 0.000 0.000 0.000 0.000 0.000 0.000 0.000 0.000 0.000 0.000 0.000 0.000 0.000 0.000 0.001 0.000 0.000 0.000 0.000 0.000 0.000 0.000 0.000 0.000 0.006 0.867 0.972 0.000
