0.000 0.999 0.947 0.231 0.008 0.011 0.004 0.009 0.000 0.000 0.000 0.000 0.002 0.003 0.000 0.003 0.000 0.000 0.002 0.000 0.000 0.000 0.000 0.000 0.000 0.000 0.000 0.000 0.000 0.000 0.726 0.088 0.119 0.244
0.999 0.000 0.992 0.947 0.008 0.984 0.992 0.994 0.000 0.000 0.000 0.000 0.000 0.000 0.000 0.000 0.000 0.000 0.984 0.195 0.000 0.000 0.000 0.000 0.000 0.000 0.000 0.000 0.000 0.000 0.986 0.975 0.309 0.178
0.947 0.992 0.000 0.995 0.957 1.000 0.000 0.000 0.000 0.000 0.000 0.000 0.000 0.000 0.000 0.000 0.000 0.000 0.007 0.000 0.245 0.004 0.000 0.000 0.000 0.000 0.000 0.000 0.000 0.000 0.554 0.972 0.976 0.977
0.231 0.947 0.995 0.000 1.000 1.000 0.000 0.000 0.000 0.000 0.000 0.000 0.001 0.002 0.000 0.000 0.000 0.000 0.000 0.000 0.941 0.108 0.683 0.010 0.000 0.000 0.000 0.000 0.000 0.000 0.000 0.000 0.019 0.534
0.008 0.008 0.957 1.000 0.000 0.985 0.974 0.000 0.000 0.000 0.000 0.000 0.000 0.000 0.000 0.000 0.000 0.000 0.000 0.903 0.984 0.993 0.956 0.256 0.000 0.000 0.000 0.000 0.000 0.000 0.000 0.000 0.000 0.001
0.011 0.984 1.000 1.000 0.985 0.000 1.000 0.902 0.000 0.000 0.000 0.000 0.000 0.000 0.000 0.000 0.000 0.026 0.998 1.000 1.000 0.954 0.173 0.552 0.000 0.987 0.970 0.990 0.000 0.014 0.000 1.000 0.206 0.200
0.004 0.992 0.000 0.000 0.974 1.000 0.000 0.998 0.999 0.000 0.000 0.000 0.000 0.000 0.000 0.000 0.000 0.914 0.974 0.983 0.963 0.921 0.000 0.000 0.000 0.000 0.000 0.000 0.000 0.000 0.000 0.311 0.000 0.000
0.009 0.994 0.000 0.000 0.000 0.902 0.998 0.000 0.996 0.928 0.000 0.000 0.000 0.000 0.000 0.000 0.976 0.937 0.986 0.931 0.000 0.000 0.000 0.000 0.000 0.000 0.000 0.000 0.000 0.000 0.453 0.002 0.000 0.000
0.000 0.000 0.000 0.000 0.000 0.000 0.999 0.996 0.000 0.983 0.870 0.036 0.000 0.000 0.000 0.854 0.993 0.997 0.983 0.993 0.001 0.751 0.000 0.000 0.021 0.000 0.093 0.000 0.000 0.000 0.000 0.000 0.000 0.000
0.000 0.000 0.000 0.000 0.000 0.000 0.000 0.928 0.983 0.000 0.982 0.967 0.017 0.060 0.962 0.972 1.000 0.956 0.000 0.000 0.000 0.000 0.000 0.000 0.000 0.000 0.000 0.000 0.078 0.000 0.000 0.000 0.000 0.000
0.000 0.000 0.000 0.000 0.000 0.000 0.000 0.000 0.870 0.982 0.000 0.978 0.799 0.981 0.978 1.000 0.983 0.986 0.000 0.000 0.000 0.000 0.000 0.000 0.000 0.000 0.000 0.000 0.927 0.000 0.000 0.000 0.000 0.000
0.000 0.000 0.000 0.000 0.000 0.000 0.000 0.000 0.036 0.967 0.978 0.000 0.979 0.968 0.973 0.246 0.000 0.488 0.000 0.000 0.000 0.000 0.000 0.000 0.000 0.000 0.000 0.000 0.008 0.000 0.000 0.000 0.000 0.000
0.002 0.000 0.000 0.001 0.000 0.000 0.000 0.000 0.000 0.017 0.799 0.979 0.000 0.969 0.818 0.049 0.000 0.000 0.000 0.000 0.000 0.000 0.000 0.000 0.000 0.000 0.000 0.000 0.055 0.000 0.000 0.000 0.000 0.000
0.003 0.000 0.000 0.002 0.000 0.000 0.000 0.000 0.000 0.060 0.981 0.968 0.969 0.000 0.980 0.982 0.011 0.030 0.000 0.000 0.000 0.000 0.000 0.000 0.000 0.000 0.000 0.000 0.689 0.000 0.000 0.000 0.000 0.000
0.000 0.000 0.000 0.000 0.000 0.000 0.000 0.000 0.000 0.962 0.978 0.973 0.818 0.980 0.000 0.983 0.972 0.000 0.000 0.000 0.000 0.000 0.000 0.000 0.000 0.000 0.000 0.000 0.005 0.000 0.000 0.000 0.000 0.000
0.003 0.000 0.000 0.000 0.000 0.000 0.000 0.000 0.854 0.972 1.000 0.246 0.049 0.982 0.983 0.000 0.997 0.970 0.001 0.000 0.000 0.000 0.000 0.000 0.000 0.000 0.000 0.000 0.953 0.019 0.000 0.000 0.000 0.000
0.000 0.000 0.000 0.000 0.000 0.000 0.000 0.976 0.993 1.000 0.983 0.000 0.000 0.011 0.972 0.997 0.000 0.998 0.979 0.000 0.000 0.000 0.000 0.000 0.000 0.000 0.000 0.047 0.981 0.018 0.031 0.000 0.000 0.000
0.000 0.000 0.000 0.000 0.000 0.026 0.914 0.937 0.997 0.956 0.986 0.488 0.000 0.030 0.000 0.970 0.998 0.000 1.000 0.992 0.003 0.000 0.000 0.000 0.000 0.054 0.999 0.999 1.000 0.462 0.000 0.000 0.000 0.000
0.002 0.984 0.007 0.000 0.000 0.998 0.974 0.986 0.983 0.000 0.000 0.000 0.000 0.000 0.000 0.001 0.979 1.000 0.000 0.994 0.929 0.000 0.000 0.000 0.000 0.980 0.996 1.000 0.970 0.996 1.000 1.000 0.000 0.000
0.000 0.195 0.000 0.000 0.903 1.000 0.983 0.931 0.993 0.000 0.000 0.000 0.000 0.000 0.000 0.000 0.000 0.992 0.994 0.000 1.000 0.991 0.022 0.001 0.988 1.000 0.992 0.971 0.000 0.000 0.000 0.221 0.000 0.000
0.000 0.000 0.245 0.941 0.984 1.000 0.963 0.000 0.001 0.000 0.000 0.000 0.000 0.000 0.000 0.000 0.000 0.003 0.929 1.000 0.000 0.997 0.961 0.979 0.983 0.986 0.908 0.062 0.000 0.000 0.000 0.056 0.000 0.052
0.000 0.000 0.004 0.108 0.993 0.954 0.921 0.000 0.751 0.000 0.000 0.000 0.000 0.000 0.000 0.000 0.000 0.000 0.000 0.991 0.997 0.000 0.999 0.987 0.977 0.390 0.000 0.000 0.000 0.000 0.000 0.000 0.000 0.000
0.000 0.000 0.000 0.683 0.956 0.173 0.000 0.000 0.000 0.000 0.000 0.000 0.000 0.000 0.000 0.000 0.000 0.000 0.000 0.022 0.961 0.999 0.000 0.994 0.972 0.158 0.000 0.000 0.000 0.000 0.000 0.000 0.000 0.000
0.000 0.000 0.000 0.010 0.256 0.552 0.000 0.000 0.000 0.000 0.000 0.000 0.000 0.000 0.000 0.000 0.000 0.000 0.000 0.001 0.979 0.987 0.994 0.000 1.000 0.972 0.001 0.001 0.000 0.000 0.000 0.000 0.000 0.001
0.000 0.000 0.000 0.000 0.000 0.000 0.000 0.000 0.021 0.000 0.000 0.000 0.000 0.000 0.000 0.000 0.000 0.000 0.000 0.988 0.983 0.977 0.972 1.000 0.000 0.989 0.904 0.000 0.000 0.000 0.000 0.000 0.000 0.000
0.000 0.000 0.000 0.000 0.000 0.987 0.000 0.000 0.000 0.000 0.000 0.000 0.000 0.000 0.000 0.000 0.000 0.054 0.980 1.000 0.986 0.390 0.158 0.972 0.989 0.000 0.989 0.972 0.000 0.000 0.000 0.000 0.000 0.000
0.000 0.000 0.000 0.000 0.000 0.970 0.000 0.000 0.093 0.000 0.000 0.000 0.000 0.000 0.000 0.000 0.000 0.999 0.996 0.992 0.908 0.000 0.000 0.001 0.904 0.989 0.000 1.000 0.984 0.000 0.000 0.000 0.000 0.000
0.000 0.000 0.000 0.000 0.000 0.990 0.000 0.000 0.000 0.000 0.000 0.000 0.000 0.000 0.000 0.000 0.047 0.999 1.000 0.971 0.062 0.000 0.000 0.001 0.000 0.972 1.000 0.000 0.998 1.000 0.873 0.976 0.620 0.002
0.000 0.000 0.000 0.000 0.000 0.000 0.000 0.000 0.000 0.078 0.927 0.008 0.055 0.689 0.005 0.953 0.981 1.000 0.970 0.000 0.000 0.000 0.000 0.000 0.000 0.000 0.984 0.998 0.000 0.999 0.916 0.017 0.000 0.000
0.000 0.000 0.000 0.000 0.000 0.014 0.000 0.000 0.000 0.000 0.000 0.000 0.000 0.000 0.000 0.019 0.018 0.462 0.996 0.000 0.000 0.000 0.000 0.000 0.000 0.000 0.000 1.000 0.999 0.000 0.983 0.964 0.002 0.000
0.726 0.986 0.554 0.000 0.000 0.000 0.000 0.453 0.000 0.000 0.000 0.000 0.000 0.000 0.000 0.000 0.031 0.000 1.000 0.000 0.000 0.000 0.000 0.000 0.000 0.000 0.000 0.873 0.916 0.983 0.000 1.000 0.993 0.158
0.088 0.975 0.972 0.000 0.000 1.000 0.311 0.002 0.000 0.000 0.000 0.000 0.000 0.000 0.000 0.000 0.000 0.000 1.000 0.221 0.056 0.000 0.000 0.000 0.000 0.000 0.000 0.976 0.017 0.964 1.000 0.000 0.996 0.944
0.119 0.309 0.976 0.019 0.000 0.206 0.000 0.000 0.000 0.000 0.000 0.000 0.000 0.000 0.000 0.000 0.000 0.000 0.000 0.000 0.000 0.000 0.000 0.000 0.000 0.000 0.000 0.620 0.000 0.002 0.993 0.996 0.000 0.990
0.244 0.178 0.977 0.534 0.001 0.200 0.000 0.000 0.000 0.000 0.000 0.000 0.000 0.000 0.000 0.000 0.000 0.000 0.000 0.000 0.052 0.000 0.000 0.001 0.000 0.000 0.000 0.002 0.000 0.000 0.158 0.944 0.990 0.000
