0.000 0.999 0.993 0.180 0.005 0.005 0.007 0.021 0.000 0.000 0.000 0.005 0.000 0.000 0.000 0.000 0.000 0.000 0.002 0.000 0.000 0.001 0.000 0.000 0.000 0.000 0.000 0.000 0.000 0.000 0.750 0.248 0.254 0.358
0.999 0.000 1.000 0.996 0.009 1.000 0.957 0.937 0.000 0.000 0.000 0.000 0.000 0.000 0.000 0.000 0.000 0.000 0.988 0.119 0.000 0.000 0.000 0.000 0.000 0.000 0.000 0.000 0.000 0.000 0.962 0.980 0.405 0.305
0.993 1.000 0.000 1.000 0.957 0.997 0.000 0.000 0.000 0.000 0.000 0.000 0.000 0.000 0.000 0.000 0.000 0.000 0.004 0.000 0.353 0.001 0.001 0.000 0.000 0.000 0.000 0.000 0.000 0.000 0.411 0.992 0.924 0.921
0.180 0.996 1.000 0.000 0.974 0.996 0.000 0.000 0.000 0.000 0.000 0.000 0.001 0.001 0.000 0.000 0.000 0.000 0.000 0.000 0.895 0.066 0.666 0.052 0.000 0.000 0.000 0.000 0.000 0.000 0.000 0.000 0.008 0.491
0.005 0.009 0.957 0.974 0.000 1.000 0.961 0.000 0.002 0.000 0.000 0.000 0.000 0.000 0.000 0.000 0.000 0.000 0.000 0.937 0.972 0.962 0.922 0.262 0.000 0.000 0.000 0.000 0.000 0.000 0.000 0.000 0.000 0.000
0.005 1.000 0.997 0.996 1.000 0.000 0.986 0.955 0.000 0.000 0.000 0.000 0.000 0.000 0.000 0.000 0.000 0.026 0.998 0.988 1.000 0.921 0.122 0.708 0.000 0.960 0.970 0.993 0.000 0.007 0.000 0.993 0.127 0.196
0.007 0.957 0.000 0.000 0.961 0.986 0.000 1.000 1.000 0.000 0.000 0.000 0.000 0.000 0.000 0.000 0.000 0.962 0.990 0.992 0.958 0.844 0.000 0.000 0.000 0.000 0.000 0.000 0.000 0.000 0.000 0.267 0.000 0.000
0.021 0.937 0.000 0.000 0.000 0.955 1.000 0.000 1.000 0.973 0.000 0.000 0.000 0.000 0.000 0.000 0.989 0.990 0.989 0.971 0.000 0.000 0.000 0.000 0.000 0.000 0.000 0.000 0.000 0.000 0.522 0.002 0.000 0.000
0.000 0.000 0.000 0.000 0.002 0.000 1.000 1.000 0.000 0.986 0.941 0.047 0.000 0.000 0.000 0.892 0.974 1.000 0.970 0.995 0.207 0.735 0.000 0.000 0.122 0.004 0.160 0.000 0.001 0.000 0.000 0.000 0.000 0.000
0.000 0.000 0.000 0.000 0.000 0.000 0.000 0.973 0.986 0.000 0.988 0.988 0.011 0.043 0.961 0.962 0.994 0.993 0.000 0.000 0.000 0.000 0.000 0.000 0.000 0.000 0.000 0.000 0.093 0.000 0.000 0.000 0.000 0.000
0.000 0.000 0.000 0.000 0.000 0.000 0.000 0.000 0.941 0.988 0.000 1.000 0.998 0.985 0.979 0.996 0.981 0.992 0.000 0.000 0.000 0.000 0.000 0.000 0.000 0.000 0.000 0.000 0.911 0.000 0.000 0.000 0.000 0.000
0.005 0.000 0.000 0.000 0.000 0.000 0.000 0.000 0.047 0.988 1.000 0.000 0.974 0.932 0.956 0.190 0.000 0.647 0.000 0.000 0.000 0.000 0.001 0.000 0.000 0.000 0.000 0.000 0.007 0.000 0.000 0.000 0.001 0.010
0.000 0.000 0.000 0.001 0.000 0.000 0.000 0.000 0.000 0.011 0.998 0.974 0.000 0.997 0.970 0.086 0.000 0.000 0.000 0.000 0.000 0.000 0.002 0.000 0.000 0.000 0.000 0.000 0.092 0.000 0.000 0.000 0.000 0.000
0.000 0.000 0.000 0.001 0.000 0.000 0.000 0.000 0.000 0.043 0.985 0.932 0.997 0.000 0.983 1.000 0.000 0.013 0.000 0.000 0.000 0.000 0.000 0.000 0.000 0.000 0.000 0.000 0.677 0.000 0.000 0.000 0.000 0.000
0.000 0.000 0.000 0.000 0.000 0.000 0.000 0.000 0.000 0.961 0.979 0.956 0.970 0.983 0.000 0.996 0.978 0.000 0.000 0.000 0.000 0.000 0.000 0.000 0.000 0.000 0.000 0.000 0.004 0.000 0.000 0.000 0.000 0.000
0.000 0.000 0.000 0.000 0.000 0.000 0.000 0.000 0.892 0.962 0.996 0.190 0.086 1.000 0.996 0.000 0.999 0.988 0.000 0.000 0.000 0.000 0.000 0.000 0.000 0.000 0.000 0.000 1.000 0.158 0.000 0.000 0.000 0.000
0.000 0.000 0.000 0.000 0.000 0.000 0.000 0.989 0.974 0.994 0.981 0.000 0.000 0.000 0.978 0.999 0.000 0.999 0.971 0.000 0.000 0.000 0.000 0.000 0.000 0.000 0.000 0.072 0.957 0.036 0.073 0.000 0.000 0.000
0.000 0.000 0.000 0.000 0.000 0.026 0.962 0.990 1.000 0.993 0.992 0.647 0.000 0.013 0.000 0.988 0.999 0.000 0.998 0.990 0.004 0.000 0.000 0.000 0.001 0.045 0.974 0.961 0.974 0.480 0.000 0.000 0.000 0.000
0.002 0.988 0.004 0.000 0.000 0.998 0.990 0.989 0.970 0.000 0.000 0.000 0.000 0.000 0.000 0.000 0.971 0.998 0.000 0.997 0.976 0.000 0.000 0.000 0.000 0.905 0.951 0.987 0.926 0.895 0.965 0.954 0.000 0.000
0.000 0.119 0.000 0.000 0.937 0.988 0.992 0.971 0.995 0.000 0.000 0.000 0.000 0.000 0.000 0.000 0.000 0.990 0.997 0.000 0.999 0.974 0.000 0.000 0.296 0.921 0.955 0.913 0.000 0.000 0.000 0.167 0.000 0.000
0.000 0.000 0.353 0.895 0.972 1.000 0.958 0.000 0.207 0.000 0.000 0.000 0.000 0.000 0.000 0.000 0.000 0.004 0.976 0.999 0.000 0.988 0.987 0.933 0.925 0.977 0.956 0.024 0.000 0.000 0.000 0.061 0.000 0.083
0.001 0.000 0.001 0.066 0.962 0.921 0.844 0.000 0.735 0.000 0.000 0.000 0.000 0.000 0.000 0.000 0.000 0.000 0.000 0.974 0.988 0.000 0.991 0.893 0.937 0.295 0.000 0.000 0.000 0.000 0.000 0.000 0.000 0.000
0.000 0.000 0.001 0.666 0.922 0.122 0.000 0.000 0.000 0.000 0.000 0.001 0.002 0.000 0.000 0.000 0.000 0.000 0.000 0.000 0.987 0.991 0.000 0.992 0.983 0.179 0.000 0.000 0.000 0.000 0.000 0.000 0.000 0.000
0.000 0.000 0.000 0.052 0.262 0.708 0.000 0.000 0.000 0.000 0.000 0.000 0.000 0.000 0.000 0.000 0.000 0.000 0.000 0.000 0.933 0.893 0.992 0.000 0.986 0.984 0.001 0.000 0.000 0.000 0.000 0.000 0.000 0.013
0.000 0.000 0.000 0.000 0.000 0.000 0.000 0.000 0.122 0.000 0.000 0.000 0.000 0.000 0.000 0.000 0.000 0.001 0.000 0.296 0.925 0.937 0.983 0.986 0.000 0.981 0.905 0.000 0.000 0.000 0.000 0.000 0.000 0.000
0.000 0.000 0.000 0.000 0.000 0.960 0.000 0.000 0.004 0.000 0.000 0.000 0.000 0.000 0.000 0.000 0.000 0.045 0.905 0.921 0.977 0.295 0.179 0.984 0.981 0.000 1.000 0.940 0.000 0.000 0.000 0.000 0.000 0.000
0.000 0.000 0.000 0.000 0.000 0.970 0.000 0.000 0.160 0.000 0.000 0.000 0.000 0.000 0.000 0.000 0.000 0.974 0.951 0.955 0.956 0.000 0.000 0.001 0.905 1.000 0.000 0.992 0.841 0.000 0.000 0.000 0.000 0.000
0.000 0.000 0.000 0.000 0.000 0.993 0.000 0.000 0.000 0.000 0.000 0.000 0.000 0.000 0.000 0.000 0.072 0.961 0.987 0.913 0.024 0.000 0.000 0.000 0.000 0.940 0.992 0.000 0.978 0.997 0.975 0.982 0.703 0.024
0.000 0.000 0.000 0.000 0.000 0.000 0.000 0.000 0.001 0.093 0.911 0.007 0.092 0.677 0.004 1.000 0.957 0.974 0.926 0.000 0.000 0.000 0.000 0.000 0.000 0.000 0.841 0.978 0.000 0.978 0.851 0.010 0.000 0.000
0.000 0.000 0.000 0.000 0.000 0.007 0.000 0.000 0.000 0.000 0.000 0.000 0.000 0.000 0.000 0.158 0.036 0.480 0.895 0.000 0.000 0.000 0.000 0.000 0.000 0.000 0.000 0.997 0.978 0.000 0.990 0.960 0.026 0.000
0.750 0.962 0.411 0.000 0.000 0.000 0.000 0.522 0.000 0.000 0.000 0.000 0.000 0.000 0.000 0.000 0.073 0.000 0.965 0.000 0.000 0.000 0.000 0.000 0.000 0.000 0.000 0.975 0.851 0.990 0.000 0.996 0.982 0.101
0.248 0.980 0.992 0.000 0.000 0.993 0.267 0.002 0.000 0.000 0.000 0.000 0.000 0.000 0.000 0.000 0.000 0.000 0.954 0.167 0.061 0.000 0.000 0.000 0.000 0.000 0.000 0.982 0.010 0.960 0.996 0.000 0.977 0.895
0.254 0.405 0.924 0.008 0.000 0.127 0.000 0.000 0.000 0.000 0.000 0.001 0.000 0.000 0.000 0.000 0.000 0.000 0.000 0.000 0.000 0.000 0.000 0.000 0.000 0.000 0.000 0.703 0.000 0.026 0.982 0.977 0.000 0.984
0.358 0.305 0.921 0.491 0.000 0.196 0.000 0.000 0.000 0.000 0.000 0.010 0.000 0.000 0.000 0.000 0.000 0.000 0.000 0.000 0.083 0.000 0.000 0.013 0.000 0.000 0.000 0.024 0.000 0.000 0.101 0.895 0.984 0.000
