0.000 0.999 0.933 0.006 0.000 0.000 0.000 0.010 0.000 0.000 0.000 0.000 0.000 0.000 0.000 0.000 0.000 0.000 0.001 0.000 0.000 0.000 0.000 0.000 0.000 0.000 0.000 0.000 0.000 0.000 0.740 0.127 0.155 0.247
0.999 0.000 0.990 0.920 0.009 0.999 0.953 0.904 0.000 0.000 0.000 0.000 0.000 0.000 0.000 0.000 0.002 0.000 0.976 0.186 0.000 0.000 0.000 0.000 0.000 0.000 0.000 0.000 0.000 0.000 0.983 0.990 0.301 0.228
0.933 0.990 0.000 0.991 0.969 0.990 0.000 0.000 0.000 0.000 0.000 0.001 0.003 0.002 0.000 0.000 0.000 0.000 0.003 0.000 0.201 0.000 0.000 0.000 0.000 0.000 0.000 0.000 0.000 0.000 0.540 0.963 0.983 0.943
0.006 0.920 0.991 0.000 0.993 0.940 0.000 0.000 0.000 0.000 0.000 0.016 0.070 0.077 0.019 0.009 0.000 0.000 0.000 0.000 0.784 0.033 0.566 0.016 0.000 0.000 0.000 0.000 0.000 0.000 0.000 0.000 0.012 0.503
0.000 0.009 0.969 0.993 0.000 0.991 0.825 0.000 0.000 0.000 0.000 0.000 0.011 0.000 0.000 0.000 0.000 0.000 0.000 0.811 0.974 0.964 0.920 0.194 0.000 0.000 0.000 0.000 0.000 0.000 0.000 0.000 0.000 0.000
0.000 0.999 0.990 0.940 0.991 0.000 0.992 0.771 0.000 0.000 0.000 0.000 0.000 0.000 0.000 0.000 0.000 0.017 0.955 0.993 0.997 0.944 0.130 0.538 0.000 0.947 0.953 0.997 0.000 0.010 0.000 0.999 0.202 0.212
0.000 0.953 0.000 0.000 0.825 0.992 0.000 0.994 0.999 0.000 0.000 0.000 0.000 0.000 0.000 0.000 0.000 0.954 0.999 0.999 0.893 0.905 0.000 0.000 0.000 0.000 0.000 0.000 0.000 0.000 0.000 0.298 0.000 0.000
0.010 0.904 0.000 0.000 0.000 0.771 0.994 0.000 0.997 0.956 0.000 0.002 0.000 0.000 0.000 0.000 0.999 0.995 0.982 0.920 0.000 0.000 0.000 0.000 0.000 0.000 0.000 0.000 0.000 0.000 0.489 0.002 0.000 0.000
0.000 0.000 0.000 0.000 0.000 0.000 0.999 0.997 0.000 0.992 0.970 0.038 0.000 0.000 0.000 0.975 0.996 1.000 0.940 0.971 0.000 0.629 0.000 0.000 0.010 0.000 0.111 0.000 0.001 0.000 0.000 0.000 0.000 0.000
0.000 0.000 0.000 0.000 0.000 0.000 0.000 0.956 0.992 0.000 1.000 0.995 0.022 0.055 0.984 0.994 0.990 0.969 0.000 0.000 0.000 0.000 0.000 0.000 0.000 0.000 0.000 0.000 0.082 0.000 0.000 0.000 0.000 0.000
0.000 0.000 0.000 0.000 0.000 0.000 0.000 0.000 0.970 1.000 0.000 0.991 0.976 0.984 0.997 1.000 0.961 0.993 0.000 0.000 0.000 0.000 0.000 0.000 0.000 0.000 0.000 0.000 0.923 0.000 0.000 0.000 0.000 0.000
0.000 0.000 0.001 0.016 0.000 0.000 0.000 0.002 0.038 0.995 0.991 0.000 0.999 0.981 0.983 0.317 0.000 0.541 0.000 0.000 0.002 0.002 0.029 0.023 0.003 0.000 0.000 0.000 0.005 0.000 0.000 0.000 0.003 0.012
0.000 0.000 0.003 0.070 0.011 0.000 0.000 0.000 0.000 0.022 0.976 0.999 0.000 0.997 0.991 0.056 0.000 0.001 0.000 0.000 0.000 0.000 0.019 0.008 0.000 0.000 0.000 0.000 0.090 0.000 0.000 0.000 0.000 0.000
0.000 0.000 0.002 0.077 0.000 0.000 0.000 0.000 0.000 0.055 0.984 0.981 0.997 0.000 0.997 0.997 0.002 0.041 0.000 0.000 0.000 0.000 0.004 0.002 0.000 0.000 0.000 0.000 0.756 0.000 0.000 0.000 0.000 0.001
0.000 0.000 0.000 0.019 0.000 0.000 0.000 0.000 0.000 0.984 0.997 0.983 0.991 0.997 0.000 0.991 0.960 0.000 0.000 0.000 0.000 0.000 0.001 0.001 0.000 0.000 0.000 0.000 0.005 0.000 0.000 0.000 0.000 0.000
0.000 0.000 0.000 0.009 0.000 0.000 0.000 0.000 0.975 0.994 1.000 0.317 0.056 0.997 0.991 0.000 0.991 0.991 0.000 0.000 0.000 0.000 0.000 0.000 0.000 0.000 0.000 0.000 0.955 0.070 0.000 0.000 0.000 0.001
0.000 0.002 0.000 0.000 0.000 0.000 0.000 0.999 0.996 0.990 0.961 0.000 0.000 0.002 0.960 0.991 0.000 0.999 0.967 0.000 0.000 0.000 0.000 0.000 0.000 0.000 0.000 0.101 0.991 0.031 0.097 0.000 0.000 0.000
0.000 0.000 0.000 0.000 0.000 0.017 0.954 0.995 1.000 0.969 0.993 0.541 0.001 0.041 0.000 0.991 0.999 0.000 0.999 0.982 0.001 0.000 0.000 0.000 0.000 0.036 0.922 0.959 1.000 0.535 0.001 0.000 0.000 0.000
0.001 0.976 0.003 0.000 0.000 0.955 0.999 0.982 0.940 0.000 0.000 0.000 0.000 0.000 0.000 0.000 0.967 0.999 0.000 0.998 0.839 0.000 0.000 0.000 0.000 0.790 0.939 0.999 1.000 0.983 0.981 0.973 0.000 0.000
0.000 0.186 0.000 0.000 0.811 0.993 0.999 0.920 0.971 0.000 0.000 0.000 0.000 0.000 0.000 0.000 0.000 0.982 0.998 0.000 0.993 0.961 0.014 0.000 0.920 0.979 0.999 0.983 0.000 0.000 0.000 0.198 0.000 0.000
0.000 0.000 0.201 0.784 0.974 0.997 0.893 0.000 0.000 0.000 0.000 0.002 0.000 0.000 0.000 0.000 0.000 0.001 0.839 0.993 0.000 0.993 0.984 0.970 0.971 0.996 0.964 0.048 0.000 0.000 0.000 0.050 0.000 0.073
0.000 0.000 0.000 0.033 0.964 0.944 0.905 0.000 0.629 0.000 0.000 0.002 0.000 0.000 0.000 0.000 0.000 0.000 0.000 0.961 0.993 0.000 0.982 0.937 0.982 0.285 0.000 0.000 0.000 0.000 0.000 0.000 0.000 0.000
0.000 0.000 0.000 0.566 0.920 0.130 0.000 0.000 0.000 0.000 0.000 0.029 0.019 0.004 0.001 0.000 0.000 0.000 0.000 0.014 0.984 0.982 0.000 0.996 0.952 0.132 0.000 0.000 0.000 0.000 0.000 0.000 0.000 0.000
0.000 0.000 0.000 0.016 0.194 0.538 0.000 0.000 0.000 0.000 0.000 0.023 0.008 0.002 0.001 0.000 0.000 0.000 0.000 0.000 0.970 0.937 0.996 0.000 0.991 0.960 0.001 0.000 0.000 0.000 0.000 0.000 0.000 0.001
0.000 0.000 0.000 0.000 0.000 0.000 0.000 0.000 0.010 0.000 0.000 0.003 0.000 0.000 0.000 0.000 0.000 0.000 0.000 0.920 0.971 0.982 0.952 0.991 0.000 0.994 0.885 0.000 0.000 0.000 0.000 0.000 0.000 0.000
0.000 0.000 0.000 0.000 0.000 0.947 0.000 0.000 0.000 0.000 0.000 0.000 0.000 0.000 0.000 0.000 0.000 0.036 0.790 0.979 0.996 0.285 0.132 0.960 0.994 0.000 0.983 0.882 0.000 0.000 0.000 0.000 0.000 0.000
0.000 0.000 0.000 0.000 0.000 0.953 0.000 0.000 0.111 0.000 0.000 0.000 0.000 0.000 0.000 0.000 0.000 0.922 0.939 0.999 0.964 0.000 0.000 0.001 0.885 0.983 0.000 0.990 0.912 0.000 0.000 0.000 0.000 0.000
0.000 0.000 0.000 0.000 0.000 0.997 0.000 0.000 0.000 0.000 0.000 0.000 0.000 0.000 0.000 0.000 0.101 0.959 0.999 0.983 0.048 0.000 0.000 0.000 0.000 0.882 0.990 0.000 1.000 0.999 0.983 0.993 0.729 0.018
0.000 0.000 0.000 0.000 0.000 0.000 0.000 0.000 0.001 0.082 0.923 0.005 0.090 0.756 0.005 0.955 0.991 1.000 1.000 0.000 0.000 0.000 0.000 0.000 0.000 0.000 0.912 1.000 0.000 0.995 0.939 0.011 0.000 0.000
0.000 0.000 0.000 0.000 0.000 0.010 0.000 0.000 0.000 0.000 0.000 0.000 0.000 0.000 0.000 0.070 0.031 0.535 0.983 0.000 0.000 0.000 0.000 0.000 0.000 0.000 0.000 0.999 0.995 0.000 0.993 0.963 0.036 0.000
0.740 0.983 0.540 0.000 0.000 0.000 0.000 0.489 0.000 0.000 0.000 0.000 0.000 0.000 0.000 0.000 0.097 0.001 0.981 0.000 0.000 0.000 0.000 0.000 0.000 0.000 0.000 0.983 0.939 0.993 0.000 0.999 0.903 0.140
0.127 0.990 0.963 0.000 0.000 0.999 0.298 0.002 0.000 0.000 0.000 0.000 0.000 0.000 0.000 0.000 0.000 0.000 0.973 0.198 0.050 0.000 0.000 0.000 0.000 0.000 0.000 0.993 0.011 0.963 0.999 0.000 0.991 0.831
0.155 0.301 0.983 0.012 0.000 0.202 0.000 0.000 0.000 0.000 0.000 0.003 0.000 0.000 0.000 0.000 0.000 0.000 0.000 0.000 0.000 0.000 0.000 0.000 0.000 0.000 0.000 0.729 0.000 0.036 0.903 0.991 0.000 0.984
0.247 0.228 0.943 0.503 0.000 0.212 0.000 0.000 0.000 0.000 0.000 0.012 0.000 0.001 0.000 0.001 0.000 0.000 0.000 0.000 0.073 0.000 0.000 0.001 0.000 0.000 0.000 0.018 0.000 0.000 0.140 0.831 0.984 0.000
