0.000 0.998 0.941 0.210 0.003 0.003 0.000 0.000 0.000 0.000 0.000 0.005 0.008 0.000 0.000 0.000 0.000 0.000 0.001 0.000 0.000 0.000 0.000 0.000 0.000 0.000 0.000 0.000 0.000 0.000 0.678 0.173 0.271 0.606
0.998 0.000 0.998 0.863 0.005 0.943 0.871 0.850 0.000 0.000 0.000 0.001 0.000 0.000 0.000 0.000 0.000 0.000 0.970 0.076 0.000 0.001 0.000 0.000 0.000 0.000 0.000 0.000 0.000 0.000 0.983 0.987 0.455 0.543
0.941 0.998 0.000 0.982 0.899 0.994 0.001 0.000 0.000 0.000 0.000 0.005 0.000 0.000 0.000 0.000 0.000 0.000 0.032 0.000 0.303 0.001 0.000 0.000 0.000 0.000 0.000 0.000 0.000 0.000 0.491 0.987 0.958 0.943
0.210 0.863 0.982 0.000 0.989 0.986 0.000 0.000 0.000 0.000 0.000 0.005 0.001 0.002 0.000 0.000 0.000 0.000 0.000 0.000 0.822 0.062 0.806 0.015 0.000 0.000 0.000 0.000 0.000 0.000 0.000 0.001 0.007 0.258
0.003 0.005 0.899 0.989 0.000 0.970 0.837 0.000 0.000 0.000 0.000 0.000 0.000 0.000 0.000 0.000 0.000 0.000 0.000 0.795 0.935 0.967 0.962 0.173 0.000 0.000 0.000 0.000 0.000 0.000 0.000 0.000 0.000 0.000
0.003 0.943 0.994 0.986 0.970 0.000 0.967 0.840 0.000 0.000 0.000 0.000 0.000 0.000 0.000 0.000 0.000 0.013 0.981 0.965 0.994 0.881 0.159 0.586 0.000 0.882 0.825 0.988 0.000 0.022 0.004 0.979 0.112 0.016
0.000 0.871 0.001 0.000 0.837 0.967 0.000 0.987 0.979 0.000 0.000 0.000 0.000 0.000 0.000 0.000 0.000 0.856 0.997 0.971 0.852 0.860 0.000 0.000 0.000 0.000 0.000 0.000 0.000 0.000 0.000 0.210 0.000 0.000
0.000 0.850 0.000 0.000 0.000 0.840 0.987 0.000 0.981 0.803 0.000 0.000 0.000 0.000 0.000 0.000 0.963 0.945 0.996 0.868 0.000 0.000 0.000 0.000 0.000 0.000 0.000 0.000 0.000 0.000 0.392 0.001 0.000 0.000
0.000 0.000 0.000 0.000 0.000 0.000 0.979 0.981 0.000 0.977 0.745 0.040 0.000 0.000 0.000 0.756 0.952 0.997 0.958 0.981 0.001 0.690 0.000 0.000 0.010 0.000 0.095 0.000 0.000 0.000 0.000 0.000 0.000 0.000
0.000 0.000 0.000 0.000 0.000 0.000 0.000 0.803 0.977 0.000 0.980 0.926 0.021 0.058 0.947 0.953 0.950 0.957 0.000 0.000 0.000 0.000 0.000 0.000 0.000 0.000 0.000 0.000 0.113 0.000 0.000 0.000 0.000 0.000
0.000 0.000 0.000 0.000 0.000 0.000 0.000 0.000 0.745 0.980 0.000 0.979 0.938 0.966 0.945 0.976 0.776 0.928 0.000 0.000 0.000 0.000 0.000 0.000 0.000 0.000 0.000 0.000 0.886 0.000 0.000 0.000 0.000 0.000
0.005 0.001 0.005 0.005 0.000 0.000 0.000 0.000 0.040 0.926 0.979 0.000 0.983 0.932 0.919 0.234 0.000 0.410 0.000 0.000 0.000 0.000 0.013 0.005 0.000 0.000 0.000 0.000 0.005 0.000 0.000 0.000 0.017 0.035
0.008 0.000 0.000 0.001 0.000 0.000 0.000 0.000 0.000 0.021 0.938 0.983 0.000 0.983 0.872 0.051 0.000 0.000 0.000 0.000 0.000 0.000 0.005 0.000 0.000 0.000 0.000 0.000 0.079 0.000 0.000 0.000 0.001 0.007
0.000 0.000 0.000 0.002 0.000 0.000 0.000 0.000 0.000 0.058 0.966 0.932 0.983 0.000 0.984 0.968 0.007 0.026 0.000 0.000 0.000 0.000 0.000 0.000 0.000 0.000 0.000 0.000 0.627 0.000 0.000 0.000 0.000 0.000
0.000 0.000 0.000 0.000 0.000 0.000 0.000 0.000 0.000 0.947 0.945 0.919 0.872 0.984 0.000 0.984 0.799 0.000 0.000 0.000 0.000 0.000 0.000 0.000 0.000 0.000 0.000 0.000 0.005 0.000 0.000 0.000 0.000 0.000
0.000 0.000 0.000 0.000 0.000 0.000 0.000 0.000 0.756 0.953 0.976 0.234 0.051 0.968 0.984 0.000 0.953 0.898 0.008 0.000 0.000 0.000 0.000 0.000 0.000 0.000 0.000 0.000 0.923 0.074 0.000 0.000 0.000 0.000
0.000 0.000 0.000 0.000 0.000 0.000 0.000 0.963 0.952 0.950 0.776 0.000 0.000 0.007 0.799 0.953 0.000 0.978 0.965 0.000 0.000 0.000 0.000 0.000 0.000 0.000 0.000 0.123 0.933 0.074 0.041 0.000 0.000 0.000
0.000 0.000 0.000 0.000 0.000 0.013 0.856 0.945 0.997 0.957 0.928 0.410 0.000 0.026 0.000 0.898 0.978 0.000 0.991 0.975 0.000 0.000 0.000 0.000 0.000 0.019 0.970 0.968 0.998 0.719 0.000 0.000 0.000 0.000
0.001 0.970 0.032 0.000 0.000 0.981 0.997 0.996 0.958 0.000 0.000 0.000 0.000 0.000 0.000 0.008 0.965 0.991 0.000 0.998 0.888 0.000 0.000 0.000 0.000 0.830 0.916 0.991 0.969 0.981 0.977 0.962 0.000 0.000
0.000 0.076 0.000 0.000 0.795 0.965 0.971 0.868 0.981 0.000 0.000 0.000 0.000 0.000 0.000 0.000 0.000 0.975 0.998 0.000 0.989 0.972 0.012 0.000 0.958 0.973 0.987 0.938 0.000 0.000 0.000 0.104 0.000 0.000
0.000 0.000 0.303 0.822 0.935 0.994 0.852 0.000 0.001 0.000 0.000 0.000 0.000 0.000 0.000 0.000 0.000 0.000 0.888 0.989 0.000 0.972 0.955 0.990 0.950 0.959 0.883 0.039 0.000 0.000 0.000 0.056 0.000 0.000
0.000 0.001 0.001 0.062 0.967 0.881 0.860 0.000 0.690 0.000 0.000 0.000 0.000 0.000 0.000 0.000 0.000 0.000 0.000 0.972 0.972 0.000 0.982 0.917 0.932 0.275 0.000 0.000 0.000 0.000 0.000 0.000 0.000 0.000
0.000 0.000 0.000 0.806 0.962 0.159 0.000 0.000 0.000 0.000 0.000 0.013 0.005 0.000 0.000 0.000 0.000 0.000 0.000 0.012 0.955 0.982 0.000 0.981 0.923 0.148 0.000 0.000 0.000 0.000 0.000 0.000 0.000 0.000
0.000 0.000 0.000 0.015 0.173 0.586 0.000 0.000 0.000 0.000 0.000 0.005 0.000 0.000 0.000 0.000 0.000 0.000 0.000 0.000 0.990 0.917 0.981 0.000 0.987 0.990 0.002 0.000 0.000 0.000 0.000 0.000 0.000 0.000
0.000 0.000 0.000 0.000 0.000 0.000 0.000 0.000 0.010 0.000 0.000 0.000 0.000 0.000 0.000 0.000 0.000 0.000 0.000 0.958 0.950 0.932 0.923 0.987 0.000 0.986 0.889 0.000 0.000 0.000 0.000 0.000 0.000 0.000
0.000 0.000 0.000 0.000 0.000 0.882 0.000 0.000 0.000 0.000 0.000 0.000 0.000 0.000 0.000 0.000 0.000 0.019 0.830 0.973 0.959 0.275 0.148 0.990 0.986 0.000 0.993 0.927 0.000 0.000 0.000 0.000 0.000 0.000
0.000 0.000 0.000 0.000 0.000 0.825 0.000 0.000 0.095 0.000 0.000 0.000 0.000 0.000 0.000 0.000 0.000 0.970 0.916 0.987 0.883 0.000 0.000 0.002 0.889 0.993 0.000 0.993 0.906 0.000 0.000 0.000 0.000 0.000
0.000 0.000 0.000 0.000 0.000 0.988 0.000 0.000 0.000 0.000 0.000 0.000 0.000 0.000 0.000 0.000 0.123 0.968 0.991 0.938 0.039 0.000 0.000 0.000 0.000 0.927 0.993 0.000 0.995 0.986 0.867 0.952 0.697 0.000
0.000 0.000 0.000 0.000 0.000 0.000 0.000 0.000 0.000 0.113 0.886 0.005 0.079 0.627 0.005 0.923 0.933 0.998 0.969 0.000 0.000 0.000 0.000 0.000 0.000 0.000 0.906 0.995 0.000 0.959 0.770 0.000 0.000 0.000
0.000 0.000 0.000 0.000 0.000 0.022 0.000 0.000 0.000 0.000 0.000 0.000 0.000 0.000 0.000 0.074 0.074 0.719 0.981 0.000 0.000 0.000 0.000 0.000 0.000 0.000 0.000 0.986 0.959 0.000 0.978 0.962 0.021 0.000
0.678 0.983 0.491 0.000 0.000 0.004 0.000 0.392 0.000 0.000 0.000 0.000 0.000 0.000 0.000 0.000 0.041 0.000 0.977 0.000 0.000 0.000 0.000 0.000 0.000 0.000 0.000 0.867 0.770 0.978 0.000 0.999 0.963 0.463
0.173 0.987 0.987 0.001 0.000 0.979 0.210 0.001 0.000 0.000 0.000 0.000 0.000 0.000 0.000 0.000 0.000 0.000 0.962 0.104 0.056 0.000 0.000 0.000 0.000 0.000 0.000 0.952 0.000 0.962 0.999 0.000 0.987 0.935
0.271 0.455 0.958 0.007 0.000 0.112 0.000 0.000 0.000 0.000 0.000 0.017 0.001 0.000 0.000 0.000 0.000 0.000 0.000 0.000 0.000 0.000 0.000 0.000 0.000 0.000 0.000 0.697 0.000 0.021 0.963 0.987 0.000 0.989
0.606 0.543 0.943 0.258 0.000 0.016 0.000 0.000 0.000 0.000 0.000 0.035 0.007 0.000 0.000 0.000 0.000 0.000 0.000 0.000 0.000 0.000 0.000 0.000 0.000 0.000 0.000 0.000 0.000 0.000 0.463 0.935 0.989 0.000
