0.000 0.999 0.990 0.271 0.005 0.006 0.000 0.008 0.000 0.000 0.000 0.000 0.000 0.000 0.000 0.000 0.000 0.000 0.001 0.000 0.000 0.000 0.000 0.000 0.000 0.000 0.000 0.000 0.000 0.000 0.472 0.119 0.230 0.484
0.999 0.000 1.000 0.963 0.007 0.990 0.803 0.853 0.000 0.000 0.000 0.000 0.000 0.000 0.000 0.000 0.000 0.000 0.874 0.111 0.000 0.001 0.000 0.000 0.000 0.000 0.000 0.000 0.000 0.000 0.828 0.787 0.317 0.349
0.990 1.000 0.000 0.996 0.904 0.991 0.002 0.000 0.000 0.000 0.000 0.000 0.000 0.000 0.000 0.000 0.000 0.000 0.041 0.000 0.073 0.001 0.020 0.000 0.000 0.000 0.000 0.018 0.000 0.000 0.444 0.856 0.624 0.601
0.271 0.963 0.996 0.000 0.960 0.976 0.000 0.000 0.000 0.000 0.000 0.000 0.000 0.000 0.000 0.000 0.000 0.000 0.000 0.000 0.365 0.087 0.622 0.001 0.000 0.000 0.000 0.000 0.000 0.000 0.000 0.017 0.008 0.108
0.005 0.007 0.904 0.960 0.000 0.999 0.975 0.000 0.000 0.000 0.000 0.000 0.000 0.000 0.000 0.000 0.000 0.000 0.000 0.953 0.980 0.987 0.930 0.016 0.000 0.000 0.000 0.000 0.000 0.000 0.000 0.000 0.000 0.000
0.006 0.990 0.991 0.976 0.999 0.000 0.994 0.974 0.000 0.000 0.000 0.000 0.000 0.000 0.000 0.000 0.000 0.000 0.941 0.988 0.994 0.984 0.486 0.001 0.000 0.046 0.011 0.609 0.000 0.121 0.399 0.926 0.115 0.036
0.000 0.803 0.002 0.000 0.975 0.994 0.000 1.000 0.998 0.000 0.000 0.000 0.000 0.000 0.000 0.000 0.000 0.872 0.958 1.000 0.988 0.872 0.000 0.000 0.000 0.000 0.000 0.001 0.000 0.000 0.004 0.056 0.000 0.000
0.008 0.853 0.000 0.000 0.000 0.974 1.000 0.000 0.999 0.978 0.000 0.000 0.000 0.000 0.000 0.000 0.987 0.991 1.000 0.994 0.000 0.000 0.000 0.000 0.000 0.000 0.000 0.000 0.000 0.000 0.356 0.008 0.000 0.001
0.000 0.000 0.000 0.000 0.000 0.000 0.998 0.999 0.000 1.000 0.918 0.037 0.000 0.013 0.001 0.902 0.977 1.000 0.999 1.000 0.000 0.767 0.000 0.000 0.015 0.000 0.363 0.000 0.001 0.000 0.000 0.000 0.000 0.000
0.000 0.000 0.000 0.000 0.000 0.000 0.000 0.978 1.000 0.000 0.995 0.979 0.023 0.094 0.978 0.995 0.995 1.000 0.000 0.000 0.000 0.000 0.000 0.000 0.000 0.000 0.000 0.000 0.107 0.000 0.000 0.000 0.000 0.000
0.000 0.000 0.000 0.000 0.000 0.000 0.000 0.000 0.918 0.995 0.000 0.999 0.967 0.980 0.980 0.994 0.945 0.986 0.000 0.000 0.000 0.000 0.000 0.000 0.000 0.000 0.000 0.000 0.868 0.000 0.000 0.000 0.000 0.000
0.000 0.000 0.000 0.000 0.000 0.000 0.000 0.000 0.037 0.979 0.999 0.000 0.995 0.984 0.979 0.227 0.000 0.580 0.000 0.000 0.000 0.000 0.002 0.000 0.000 0.000 0.000 0.000 0.003 0.000 0.000 0.000 0.000 0.001
0.000 0.000 0.000 0.000 0.000 0.000 0.000 0.000 0.000 0.023 0.967 0.995 0.000 0.995 0.966 0.053 0.000 0.003 0.000 0.000 0.000 0.000 0.000 0.000 0.000 0.000 0.000 0.000 0.049 0.000 0.000 0.000 0.000 0.000
0.000 0.000 0.000 0.000 0.000 0.000 0.000 0.000 0.013 0.094 0.980 0.984 0.995 0.000 0.989 0.992 0.022 0.058 0.000 0.000 0.000 0.000 0.000 0.000 0.000 0.000 0.000 0.000 0.596 0.000 0.000 0.000 0.000 0.000
0.000 0.000 0.000 0.000 0.000 0.000 0.000 0.000 0.001 0.978 0.980 0.979 0.966 0.989 0.000 0.997 0.948 0.001 0.000 0.000 0.000 0.000 0.000 0.000 0.000 0.000 0.000 0.000 0.012 0.000 0.000 0.000 0.000 0.000
0.000 0.000 0.000 0.000 0.000 0.000 0.000 0.000 0.902 0.995 0.994 0.227 0.053 0.992 0.997 0.000 0.988 0.974 0.001 0.000 0.000 0.000 0.000 0.000 0.000 0.000 0.000 0.000 0.917 0.217 0.014 0.000 0.000 0.000
0.000 0.000 0.000 0.000 0.000 0.000 0.000 0.987 0.977 0.995 0.945 0.000 0.000 0.022 0.948 0.988 0.000 0.997 0.992 0.000 0.000 0.000 0.000 0.000 0.000 0.000 0.000 0.193 0.971 0.057 0.093 0.000 0.000 0.000
0.000 0.000 0.000 0.000 0.000 0.000 0.872 0.991 1.000 1.000 0.986 0.580 0.003 0.058 0.001 0.974 0.997 0.000 1.000 0.941 0.001 0.000 0.000 0.000 0.000 0.031 0.991 1.000 1.000 0.517 0.019 0.000 0.000 0.000
0.001 0.874 0.041 0.000 0.000 0.941 0.958 1.000 0.999 0.000 0.000 0.000 0.000 0.000 0.000 0.001 0.992 1.000 0.000 0.989 0.916 0.000 0.000 0.000 0.000 0.931 0.974 1.000 0.974 0.961 0.968 0.796 0.000 0.003
0.000 0.111 0.000 0.000 0.953 0.988 1.000 0.994 1.000 0.000 0.000 0.000 0.000 0.000 0.000 0.000 0.000 0.941 0.989 0.000 1.000 0.997 0.004 0.001 0.987 1.000 0.968 0.939 0.000 0.000 0.000 0.056 0.000 0.000
0.000 0.000 0.073 0.365 0.980 0.994 0.988 0.000 0.000 0.000 0.000 0.000 0.000 0.000 0.000 0.000 0.000 0.001 0.916 1.000 0.000 0.999 0.993 0.988 0.975 0.994 0.895 0.593 0.000 0.000 0.003 0.197 0.001 0.000
0.000 0.001 0.001 0.087 0.987 0.984 0.872 0.000 0.767 0.000 0.000 0.000 0.000 0.000 0.000 0.000 0.000 0.000 0.000 0.997 0.999 0.000 0.998 0.988 0.980 0.622 0.000 0.000 0.000 0.000 0.000 0.000 0.000 0.000
0.000 0.000 0.020 0.622 0.930 0.486 0.000 0.000 0.000 0.000 0.000 0.002 0.000 0.000 0.000 0.000 0.000 0.000 0.000 0.004 0.993 0.998 0.000 0.994 0.992 0.124 0.000 0.003 0.000 0.000 0.000 0.001 0.000 0.000
0.000 0.000 0.000 0.001 0.016 0.001 0.000 0.000 0.000 0.000 0.000 0.000 0.000 0.000 0.000 0.000 0.000 0.000 0.000 0.001 0.988 0.988 0.994 0.000 1.000 0.986 0.032 0.252 0.000 0.000 0.000 0.004 0.000 0.000
0.000 0.000 0.000 0.000 0.000 0.000 0.000 0.000 0.015 0.000 0.000 0.000 0.000 0.000 0.000 0.000 0.000 0.000 0.000 0.987 0.975 0.980 0.992 1.000 0.000 1.000 0.907 0.001 0.000 0.000 0.000 0.000 0.000 0.000
0.000 0.000 0.000 0.000 0.000 0.046 0.000 0.000 0.000 0.000 0.000 0.000 0.000 0.000 0.000 0.000 0.000 0.031 0.931 1.000 0.994 0.622 0.124 0.986 1.000 0.000 0.974 0.951 0.000 0.000 0.000 0.001 0.000 0.000
0.000 0.000 0.000 0.000 0.000 0.011 0.000 0.000 0.363 0.000 0.000 0.000 0.000 0.000 0.000 0.000 0.000 0.991 0.974 0.968 0.895 0.000 0.000 0.032 0.907 0.974 0.000 0.995 0.904 0.000 0.000 0.001 0.000 0.000
0.000 0.000 0.018 0.000 0.000 0.609 0.001 0.000 0.000 0.000 0.000 0.000 0.000 0.000 0.000 0.000 0.193 1.000 1.000 0.939 0.593 0.000 0.003 0.252 0.001 0.951 0.995 0.000 0.993 0.982 0.610 0.824 0.180 0.000
0.000 0.000 0.000 0.000 0.000 0.000 0.000 0.000 0.001 0.107 0.868 0.003 0.049 0.596 0.012 0.917 0.971 1.000 0.974 0.000 0.000 0.000 0.000 0.000 0.000 0.000 0.904 0.993 0.000 0.968 0.878 0.007 0.000 0.000
0.000 0.000 0.000 0.000 0.000 0.121 0.000 0.000 0.000 0.000 0.000 0.000 0.000 0.000 0.000 0.217 0.057 0.517 0.961 0.000 0.000 0.000 0.000 0.000 0.000 0.000 0.000 0.982 0.968 0.000 0.997 0.956 0.043 0.000
0.472 0.828 0.444 0.000 0.000 0.399 0.004 0.356 0.000 0.000 0.000 0.000 0.000 0.000 0.000 0.014 0.093 0.019 0.968 0.000 0.003 0.000 0.000 0.000 0.000 0.000 0.000 0.610 0.878 0.997 0.000 1.000 0.974 0.327
0.119 0.787 0.856 0.017 0.000 0.926 0.056 0.008 0.000 0.000 0.000 0.000 0.000 0.000 0.000 0.000 0.000 0.000 0.796 0.056 0.197 0.000 0.001 0.004 0.000 0.001 0.001 0.824 0.007 0.956 1.000 0.000 0.990 0.941
0.230 0.317 0.624 0.008 0.000 0.115 0.000 0.000 0.000 0.000 0.000 0.000 0.000 0.000 0.000 0.000 0.000 0.000 0.000 0.000 0.001 0.000 0.000 0.000 0.000 0.000 0.000 0.180 0.000 0.043 0.974 0.990 0.000 0.989
0.484 0.349 0.601 0.108 0.000 0.036 0.000 0.001 0.000 0.000 0.000 0.001 0.000 0.000 0.000 0.000 0.000 0.000 0.003 0.000 0.000 0.000 0.000 0.000 0.000 0.000 0.000 0.000 0.000 0.000 0.327 0.941 0.989 0.000
