0.000 0.994 0.897 0.153 0.005 0.004 0.000 0.002 0.000 0.000 0.000 0.023 0.025 0.012 0.000 0.003 0.000 0.000 0.000 0.000 0.000 0.000 0.000 0.000 0.000 0.000 0.000 0.000 0.000 0.000 0.806 0.378 0.599 0.889
0.994 0.000 0.994 0.859 0.006 0.962 0.909 0.900 0.000 0.000 0.000 0.000 0.000 0.000 0.000 0.000 0.000 0.000 0.927 0.090 0.000 0.001 0.000 0.000 0.000 0.000 0.000 0.000 0.000 0.000 0.986 0.972 0.787 0.877
0.897 0.994 0.000 0.978 0.859 0.961 0.000 0.000 0.000 0.000 0.000 0.001 0.000 0.000 0.000 0.000 0.000 0.000 0.000 0.000 0.185 0.002 0.000 0.000 0.000 0.000 0.000 0.000 0.000 0.000 0.122 0.861 0.875 0.891
0.153 0.859 0.978 0.000 0.983 0.904 0.000 0.000 0.000 0.000 0.000 0.013 0.006 0.000 0.000 0.000 0.000 0.000 0.000 0.000 0.829 0.048 0.671 0.066 0.000 0.000 0.000 0.000 0.000 0.000 0.000 0.057 0.306 0.545
0.005 0.006 0.859 0.983 0.000 0.956 0.872 0.000 0.000 0.000 0.000 0.000 0.000 0.000 0.000 0.000 0.000 0.000 0.000 0.769 0.948 0.943 0.947 0.333 0.000 0.000 0.000 0.000 0.000 0.000 0.000 0.000 0.000 0.000
0.004 0.962 0.961 0.904 0.956 0.000 0.997 0.820 0.000 0.000 0.000 0.000 0.000 0.000 0.000 0.000 0.000 0.031 0.965 0.985 0.971 0.809 0.133 0.595 0.000 0.921 0.968 0.958 0.000 0.002 0.000 0.968 0.262 0.021
0.000 0.909 0.000 0.000 0.872 0.997 0.000 0.982 0.996 0.000 0.000 0.000 0.000 0.000 0.000 0.000 0.000 0.809 0.931 0.987 0.887 0.840 0.000 0.000 0.000 0.000 0.000 0.000 0.000 0.000 0.000 0.319 0.000 0.000
0.002 0.900 0.000 0.000 0.000 0.820 0.982 0.000 0.995 0.962 0.000 0.000 0.000 0.000 0.000 0.000 0.984 0.947 0.984 0.892 0.000 0.000 0.000 0.000 0.000 0.000 0.000 0.000 0.001 0.000 0.596 0.005 0.000 0.000
0.000 0.000 0.000 0.000 0.000 0.000 0.996 0.995 0.000 0.997 0.941 0.059 0.000 0.000 0.000 0.887 0.949 0.994 0.931 0.997 0.000 0.610 0.000 0.000 0.007 0.000 0.056 0.000 0.001 0.000 0.000 0.000 0.000 0.000
0.000 0.000 0.000 0.000 0.000 0.000 0.000 0.962 0.997 0.000 0.986 0.967 0.020 0.048 0.954 0.952 0.951 0.982 0.000 0.000 0.000 0.000 0.000 0.000 0.000 0.000 0.000 0.000 0.037 0.000 0.000 0.000 0.000 0.000
0.000 0.000 0.000 0.000 0.000 0.000 0.000 0.000 0.941 0.986 0.000 0.974 0.962 0.996 0.945 0.973 0.912 0.995 0.000 0.000 0.000 0.000 0.000 0.000 0.000 0.000 0.000 0.000 0.629 0.000 0.000 0.000 0.000 0.000
0.023 0.000 0.001 0.013 0.000 0.000 0.000 0.000 0.059 0.967 0.974 0.000 0.995 0.944 0.921 0.193 0.000 0.553 0.000 0.000 0.000 0.000 0.000 0.000 0.000 0.000 0.000 0.000 0.009 0.000 0.000 0.000 0.016 0.028
0.025 0.000 0.000 0.006 0.000 0.000 0.000 0.000 0.000 0.020 0.962 0.995 0.000 0.990 0.925 0.058 0.000 0.000 0.000 0.000 0.000 0.000 0.000 0.000 0.000 0.000 0.000 0.000 0.030 0.000 0.000 0.000 0.000 0.012
0.012 0.000 0.000 0.000 0.000 0.000 0.000 0.000 0.000 0.048 0.996 0.944 0.990 0.000 0.995 0.994 0.002 0.023 0.000 0.000 0.000 0.000 0.000 0.000 0.000 0.000 0.000 0.000 0.370 0.000 0.000 0.000 0.000 0.000
0.000 0.000 0.000 0.000 0.000 0.000 0.000 0.000 0.000 0.954 0.945 0.921 0.925 0.995 0.000 0.981 0.932 0.000 0.000 0.000 0.000 0.000 0.000 0.000 0.000 0.000 0.000 0.000 0.002 0.000 0.000 0.000 0.000 0.000
0.003 0.000 0.000 0.000 0.000 0.000 0.000 0.000 0.887 0.952 0.973 0.193 0.058 0.994 0.981 0.000 1.000 0.967 0.003 0.001 0.000 0.000 0.000 0.000 0.000 0.000 0.020 0.019 0.810 0.033 0.000 0.000 0.000 0.000
0.000 0.000 0.000 0.000 0.000 0.000 0.000 0.984 0.949 0.951 0.912 0.000 0.000 0.002 0.932 1.000 0.000 0.984 0.992 0.000 0.000 0.000 0.000 0.000 0.000 0.000 0.000 0.063 0.980 0.018 0.100 0.000 0.000 0.000
0.000 0.000 0.000 0.000 0.000 0.031 0.809 0.947 0.994 0.982 0.995 0.553 0.000 0.023 0.000 0.967 0.984 0.000 0.998 0.983 0.001 0.000 0.000 0.000 0.000 0.038 0.992 0.989 0.985 0.362 0.000 0.000 0.000 0.000
0.000 0.927 0.000 0.000 0.000 0.965 0.931 0.984 0.931 0.000 0.000 0.000 0.000 0.000 0.000 0.003 0.992 0.998 0.000 0.962 0.771 0.000 0.000 0.000 0.000 0.796 0.956 0.997 0.994 0.971 0.989 0.984 0.000 0.000
0.000 0.090 0.000 0.000 0.769 0.985 0.987 0.892 0.997 0.000 0.000 0.000 0.000 0.000 0.000 0.001 0.000 0.983 0.962 0.000 0.999 0.951 0.012 0.001 0.981 0.992 0.988 0.923 0.000 0.000 0.000 0.217 0.000 0.000
0.000 0.000 0.185 0.829 0.948 0.971 0.887 0.000 0.000 0.000 0.000 0.000 0.000 0.000 0.000 0.000 0.000 0.001 0.771 0.999 0.000 0.975 0.977 0.992 0.975 0.998 0.926 0.018 0.000 0.000 0.000 0.060 0.000 0.000
0.000 0.001 0.002 0.048 0.943 0.809 0.840 0.000 0.610 0.000 0.000 0.000 0.000 0.000 0.000 0.000 0.000 0.000 0.000 0.951 0.975 0.000 0.990 0.923 0.952 0.271 0.000 0.000 0.000 0.000 0.000 0.000 0.000 0.000
0.000 0.000 0.000 0.671 0.947 0.133 0.000 0.000 0.000 0.000 0.000 0.000 0.000 0.000 0.000 0.000 0.000 0.000 0.000 0.012 0.977 0.990 0.000 0.982 0.902 0.120 0.000 0.000 0.000 0.000 0.000 0.000 0.000 0.000
0.000 0.000 0.000 0.066 0.333 0.595 0.000 0.000 0.000 0.000 0.000 0.000 0.000 0.000 0.000 0.000 0.000 0.000 0.000 0.001 0.992 0.923 0.982 0.000 0.993 0.969 0.001 0.000 0.000 0.000 0.000 0.000 0.000 0.000
0.000 0.000 0.000 0.000 0.000 0.000 0.000 0.000 0.007 0.000 0.000 0.000 0.000 0.000 0.000 0.000 0.000 0.000 0.000 0.981 0.975 0.952 0.902 0.993 0.000 0.956 0.840 0.000 0.000 0.000 0.000 0.000 0.000 0.000
0.000 0.000 0.000 0.000 0.000 0.921 0.000 0.000 0.000 0.000 0.000 0.000 0.000 0.000 0.000 0.000 0.000 0.038 0.796 0.992 0.998 0.271 0.120 0.969 0.956 0.000 0.979 0.806 0.000 0.000 0.000 0.000 0.000 0.000
0.000 0.000 0.000 0.000 0.000 0.968 0.000 0.000 0.056 0.000 0.000 0.000 0.000 0.000 0.000 0.020 0.000 0.992 0.956 0.988 0.926 0.000 0.000 0.001 0.840 0.979 0.000 0.968 0.895 0.000 0.000 0.000 0.000 0.000
0.000 0.000 0.000 0.000 0.000 0.958 0.000 0.000 0.000 0.000 0.000 0.000 0.000 0.000 0.000 0.019 0.063 0.989 0.997 0.923 0.018 0.000 0.000 0.000 0.000 0.806 0.968 0.000 0.993 0.989 0.957 0.988 0.450 0.000
0.000 0.000 0.000 0.000 0.000 0.000 0.000 0.001 0.001 0.037 0.629 0.009 0.030 0.370 0.002 0.810 0.980 0.985 0.994 0.000 0.000 0.000 0.000 0.000 0.000 0.000 0.895 0.993 0.000 0.994 0.948 0.025 0.000 0.000
0.000 0.000 0.000 0.000 0.000 0.002 0.000 0.000 0.000 0.000 0.000 0.000 0.000 0.000 0.000 0.033 0.018 0.362 0.971 0.000 0.000 0.000 0.000 0.000 0.000 0.000 0.000 0.989 0.994 0.000 0.996 0.976 0.019 0.000
0.806 0.986 0.122 0.000 0.000 0.000 0.000 0.596 0.000 0.000 0.000 0.000 0.000 0.000 0.000 0.000 0.100 0.000 0.989 0.000 0.000 0.000 0.000 0.000 0.000 0.000 0.000 0.957 0.948 0.996 0.000 0.995 0.950 0.444
0.378 0.972 0.861 0.057 0.000 0.968 0.319 0.005 0.000 0.000 0.000 0.000 0.000 0.000 0.000 0.000 0.000 0.000 0.984 0.217 0.060 0.000 0.000 0.000 0.000 0.000 0.000 0.988 0.025 0.976 0.995 0.000 0.963 0.790
0.599 0.787 0.875 0.306 0.000 0.262 0.000 0.000 0.000 0.000 0.000 0.016 0.000 0.000 0.000 0.000 0.000 0.000 0.000 0.000 0.000 0.000 0.000 0.000 0.000 0.000 0.000 0.450 0.000 0.019 0.950 0.963 0.000 0.970
0.889 0.877 0.891 0.545 0.000 0.021 0.000 0.000 0.000 0.000 0.000 0.028 0.012 0.000 0.000 0.000 0.000 0.000 0.000 0.000 0.000 0.000 0.000 0.000 0.000 0.000 0.000 0.000 0.000 0.000 0.444 0.790 0.970 0.000
