0.000 0.979 0.961 0.270 0.007 0.006 0.000 0.005 0.000 0.000 0.000 0.003 0.016 0.006 0.000 0.000 0.000 0.000 0.001 0.000 0.000 0.000 0.000 0.000 0.000 0.000 0.000 0.000 0.000 0.000 0.684 0.075 0.138 0.245
0.979 0.000 0.997 0.903 0.004 1.000 0.990 0.976 0.000 0.000 0.000 0.000 0.000 0.000 0.000 0.000 0.000 0.000 0.995 0.205 0.000 0.004 0.000 0.000 0.000 0.000 0.000 0.000 0.000 0.000 0.997 0.995 0.286 0.167
0.961 0.997 0.000 0.988 0.955 0.997 0.002 0.000 0.000 0.000 0.000 0.000 0.000 0.000 0.000 0.000 0.000 0.000 0.012 0.000 0.131 0.001 0.000 0.000 0.000 0.000 0.000 0.000 0.000 0.000 0.608 0.987 0.998 0.970
0.270 0.903 0.988 0.000 0.991 0.966 0.000 0.000 0.000 0.000 0.000 0.003 0.012 0.000 0.000 0.000 0.000 0.000 0.000 0.000 0.733 0.025 0.531 0.000 0.000 0.000 0.000 0.000 0.000 0.000 0.001 0.002 0.023 0.544
0.007 0.004 0.955 0.991 0.000 0.991 0.823 0.000 0.000 0.000 0.000 0.000 0.000 0.000 0.000 0.000 0.000 0.000 0.000 0.853 0.995 0.990 0.984 0.072 0.000 0.000 0.000 0.000 0.000 0.000 0.000 0.000 0.000 0.002
0.006 1.000 0.997 0.966 0.991 0.000 0.992 0.909 0.000 0.000 0.000 0.000 0.000 0.000 0.000 0.000 0.000 0.006 0.974 0.998 1.000 0.983 0.118 0.494 0.000 0.977 0.980 1.000 0.000 0.029 0.001 1.000 0.220 0.370
0.000 0.990 0.002 0.000 0.823 0.992 0.000 0.998 1.000 0.000 0.000 0.000 0.000 0.000 0.000 0.000 0.000 0.988 1.000 1.000 0.905 0.941 0.000 0.000 0.000 0.000 0.000 0.000 0.000 0.000 0.000 0.282 0.000 0.000
0.005 0.976 0.000 0.000 0.000 0.909 0.998 0.000 1.000 1.000 0.000 0.000 0.000 0.000 0.000 0.000 1.000 1.000 1.000 0.966 0.000 0.000 0.000 0.000 0.000 0.000 0.000 0.000 0.001 0.000 0.500 0.001 0.000 0.000
0.000 0.000 0.000 0.000 0.000 0.000 1.000 1.000 0.000 1.000 0.998 0.056 0.000 0.000 0.000 0.994 1.000 1.000 0.995 0.993 0.000 0.855 0.000 0.000 0.018 0.000 0.203 0.000 0.001 0.000 0.000 0.000 0.000 0.000
0.000 0.000 0.000 0.000 0.000 0.000 0.000 1.000 1.000 0.000 1.000 0.997 0.023 0.074 0.984 1.000 1.000 1.000 0.000 0.000 0.000 0.000 0.000 0.000 0.000 0.000 0.000 0.000 0.130 0.000 0.000 0.000 0.000 0.000
0.000 0.000 0.000 0.000 0.000 0.000 0.000 0.000 0.998 1.000 0.000 0.996 0.966 0.992 0.994 1.000 0.999 0.999 0.000 0.000 0.000 0.000 0.000 0.000 0.000 0.000 0.000 0.000 0.964 0.000 0.000 0.000 0.000 0.000
0.003 0.000 0.000 0.003 0.000 0.000 0.000 0.000 0.056 0.997 0.996 0.000 1.000 0.998 0.993 0.250 0.000 0.618 0.000 0.000 0.000 0.000 0.000 0.000 0.000 0.000 0.000 0.000 0.007 0.000 0.000 0.000 0.001 0.016
0.016 0.000 0.000 0.012 0.000 0.000 0.000 0.000 0.000 0.023 0.966 1.000 0.000 0.999 0.979 0.074 0.000 0.000 0.000 0.000 0.000 0.000 0.000 0.000 0.000 0.000 0.000 0.000 0.073 0.000 0.000 0.000 0.000 0.006
0.006 0.000 0.000 0.000 0.000 0.000 0.000 0.000 0.000 0.074 0.992 0.998 0.999 0.000 0.999 0.988 0.006 0.037 0.000 0.000 0.000 0.000 0.000 0.000 0.000 0.000 0.000 0.000 0.694 0.000 0.000 0.000 0.000 0.000
0.000 0.000 0.000 0.000 0.000 0.000 0.000 0.000 0.000 0.984 0.994 0.993 0.979 0.999 0.000 0.997 0.985 0.001 0.000 0.000 0.000 0.000 0.000 0.000 0.000 0.000 0.000 0.000 0.010 0.000 0.000 0.000 0.000 0.000
0.000 0.000 0.000 0.000 0.000 0.000 0.000 0.000 0.994 1.000 1.000 0.250 0.074 0.988 0.997 0.000 1.000 1.000 0.013 0.000 0.000 0.000 0.000 0.000 0.000 0.000 0.000 0.000 1.000 0.200 0.002 0.000 0.000 0.000
0.000 0.000 0.000 0.000 0.000 0.000 0.000 1.000 1.000 1.000 0.999 0.000 0.000 0.006 0.985 1.000 0.000 1.000 1.000 0.000 0.000 0.000 0.000 0.000 0.000 0.000 0.000 0.137 1.000 0.036 0.059 0.000 0.000 0.000
0.000 0.000 0.000 0.000 0.000 0.006 0.988 1.000 1.000 1.000 0.999 0.618 0.000 0.037 0.001 1.000 1.000 0.000 1.000 0.988 0.000 0.000 0.000 0.000 0.000 0.023 0.961 0.979 1.000 0.578 0.000 0.000 0.000 0.000
0.001 0.995 0.012 0.000 0.000 0.974 1.000 1.000 0.995 0.000 0.000 0.000 0.000 0.000 0.000 0.013 1.000 1.000 0.000 1.000 0.898 0.000 0.000 0.000 0.000 0.874 0.986 1.000 1.000 0.987 0.987 0.975 0.000 0.000
0.000 0.205 0.000 0.000 0.853 0.998 1.000 0.966 0.993 0.000 0.000 0.000 0.000 0.000 0.000 0.000 0.000 0.988 1.000 0.000 0.985 0.994 0.008 0.000 0.970 0.968 1.000 0.990 0.000 0.000 0.000 0.195 0.000 0.000
0.000 0.000 0.131 0.733 0.995 1.000 0.905 0.000 0.000 0.000 0.000 0.000 0.000 0.000 0.000 0.000 0.000 0.000 0.898 0.985 0.000 0.995 0.984 0.995 0.998 1.000 0.992 0.113 0.000 0.000 0.000 0.094 0.000 0.120
0.000 0.004 0.001 0.025 0.990 0.983 0.941 0.000 0.855 0.000 0.000 0.000 0.000 0.000 0.000 0.000 0.000 0.000 0.000 0.994 0.995 0.000 0.993 0.978 0.997 0.219 0.000 0.000 0.000 0.000 0.000 0.000 0.000 0.000
0.000 0.000 0.000 0.531 0.984 0.118 0.000 0.000 0.000 0.000 0.000 0.000 0.000 0.000 0.000 0.000 0.000 0.000 0.000 0.008 0.984 0.993 0.000 0.987 0.964 0.187 0.000 0.000 0.000 0.000 0.000 0.000 0.000 0.001
0.000 0.000 0.000 0.000 0.072 0.494 0.000 0.000 0.000 0.000 0.000 0.000 0.000 0.000 0.000 0.000 0.000 0.000 0.000 0.000 0.995 0.978 0.987 0.000 0.998 0.987 0.007 0.000 0.000 0.000 0.000 0.000 0.000 0.002
0.000 0.000 0.000 0.000 0.000 0.000 0.000 0.000 0.018 0.000 0.000 0.000 0.000 0.000 0.000 0.000 0.000 0.000 0.000 0.970 0.998 0.997 0.964 0.998 0.000 1.000 0.977 0.000 0.000 0.000 0.000 0.000 0.000 0.000
0.000 0.000 0.000 0.000 0.000 0.977 0.000 0.000 0.000 0.000 0.000 0.000 0.000 0.000 0.000 0.000 0.000 0.023 0.874 0.968 1.000 0.219 0.187 0.987 1.000 0.000 0.994 0.942 0.000 0.000 0.000 0.000 0.000 0.000
0.000 0.000 0.000 0.000 0.000 0.980 0.000 0.000 0.203 0.000 0.000 0.000 0.000 0.000 0.000 0.000 0.000 0.961 0.986 1.000 0.992 0.000 0.000 0.007 0.977 0.994 0.000 1.000 0.940 0.000 0.000 0.000 0.000 0.000
0.000 0.000 0.000 0.000 0.000 1.000 0.000 0.000 0.000 0.000 0.000 0.000 0.000 0.000 0.000 0.000 0.137 0.979 1.000 0.990 0.113 0.000 0.000 0.000 0.000 0.942 1.000 0.000 1.000 1.000 0.991 1.000 0.730 0.025
0.000 0.000 0.000 0.000 0.000 0.000 0.000 0.001 0.001 0.130 0.964 0.007 0.073 0.694 0.010 1.000 1.000 1.000 1.000 0.000 0.000 0.000 0.000 0.000 0.000 0.000 0.940 1.000 0.000 0.993 0.966 0.007 0.000 0.000
0.000 0.000 0.000 0.000 0.000 0.029 0.000 0.000 0.000 0.000 0.000 0.000 0.000 0.000 0.000 0.200 0.036 0.578 0.987 0.000 0.000 0.000 0.000 0.000 0.000 0.000 0.000 1.000 0.993 0.000 1.000 0.996 0.033 0.000
0.684 0.997 0.608 0.001 0.000 0.001 0.000 0.500 0.000 0.000 0.000 0.000 0.000 0.000 0.000 0.002 0.059 0.000 0.987 0.000 0.000 0.000 0.000 0.000 0.000 0.000 0.000 0.991 0.966 1.000 0.000 1.000 0.920 0.133
0.075 0.995 0.987 0.002 0.000 1.000 0.282 0.001 0.000 0.000 0.000 0.000 0.000 0.000 0.000 0.000 0.000 0.000 0.975 0.195 0.094 0.000 0.000 0.000 0.000 0.000 0.000 1.000 0.007 0.996 1.000 0.000 0.984 0.885
0.138 0.286 0.998 0.023 0.000 0.220 0.000 0.000 0.000 0.000 0.000 0.001 0.000 0.000 0.000 0.000 0.000 0.000 0.000 0.000 0.000 0.000 0.000 0.000 0.000 0.000 0.000 0.730 0.000 0.033 0.920 0.984 0.000 0.994
0.245 0.167 0.970 0.544 0.002 0.370 0.000 0.000 0.000 0.000 0.000 0.016 0.006 0.000 0.000 0.000 0.000 0.000 0.000 0.000 0.120 0.000 0.001 0.002 0.000 0.000 0.000 0.025 0.000 0.000 0.133 0.885 0.994 0.000
