0.000 0.994 0.939 0.193 0.006 0.003 0.001 0.002 0.000 0.000 0.000 0.001 0.000 0.000 0.000 0.000 0.000 0.000 0.000 0.000 0.000 0.000 0.000 0.000 0.000 0.000 0.000 0.000 0.000 0.000 0.732 0.156 0.202 0.329
0.994 0.000 0.998 0.926 0.011 0.995 0.990 0.954 0.000 0.000 0.000 0.000 0.000 0.000 0.000 0.000 0.000 0.000 0.994 0.180 0.000 0.000 0.000 0.000 0.000 0.000 0.000 0.000 0.000 0.000 0.995 0.989 0.408 0.256
0.939 0.998 0.000 0.986 0.958 1.000 0.000 0.000 0.000 0.000 0.000 0.000 0.000 0.000 0.000 0.000 0.000 0.000 0.004 0.000 0.237 0.000 0.000 0.000 0.000 0.000 0.000 0.001 0.000 0.000 0.505 0.984 0.994 0.982
0.193 0.926 0.986 0.000 0.998 0.993 0.000 0.000 0.000 0.000 0.000 0.000 0.000 0.000 0.000 0.000 0.000 0.000 0.000 0.000 0.938 0.002 0.585 0.017 0.000 0.000 0.000 0.000 0.000 0.000 0.000 0.000 0.010 0.509
0.006 0.011 0.958 0.998 0.000 0.980 0.951 0.000 0.000 0.000 0.000 0.000 0.000 0.000 0.000 0.000 0.000 0.000 0.000 0.912 0.991 0.961 0.936 0.238 0.000 0.000 0.000 0.000 0.000 0.000 0.000 0.000 0.000 0.000
0.003 0.995 1.000 0.993 0.980 0.000 0.999 0.864 0.000 0.000 0.000 0.000 0.000 0.000 0.000 0.000 0.000 0.041 0.985 1.000 0.999 0.854 0.131 0.667 0.000 0.972 0.967 0.992 0.000 0.009 0.000 0.997 0.162 0.038
0.001 0.990 0.000 0.000 0.951 0.999 0.000 0.989 0.981 0.000 0.000 0.000 0.000 0.000 0.000 0.000 0.000 0.932 0.996 0.990 0.967 0.876 0.000 0.000 0.001 0.000 0.000 0.000 0.000 0.000 0.000 0.321 0.000 0.000
0.002 0.954 0.000 0.000 0.000 0.864 0.989 0.000 1.000 0.968 0.000 0.000 0.000 0.000 0.000 0.000 0.996 0.968 0.994 0.950 0.000 0.000 0.000 0.000 0.000 0.000 0.000 0.000 0.000 0.000 0.528 0.001 0.000 0.000
0.000 0.000 0.000 0.000 0.000 0.000 0.981 1.000 0.000 0.994 0.916 0.034 0.000 0.003 0.000 0.915 0.997 0.998 0.977 0.987 0.002 0.532 0.000 0.000 0.003 0.000 0.059 0.000 0.001 0.000 0.000 0.000 0.000 0.000
0.000 0.000 0.000 0.000 0.000 0.000 0.000 0.968 0.994 0.000 0.986 0.941 0.019 0.063 0.952 0.981 0.997 0.971 0.000 0.000 0.000 0.000 0.000 0.000 0.000 0.000 0.000 0.000 0.126 0.000 0.000 0.000 0.000 0.000
0.000 0.000 0.000 0.000 0.000 0.000 0.000 0.000 0.916 0.986 0.000 0.967 0.921 0.969 0.961 0.999 0.962 0.971 0.000 0.000 0.000 0.000 0.000 0.000 0.000 0.000 0.000 0.000 0.945 0.000 0.000 0.000 0.000 0.000
0.001 0.000 0.000 0.000 0.000 0.000 0.000 0.000 0.034 0.941 0.967 0.000 0.980 0.931 0.926 0.201 0.000 0.444 0.000 0.000 0.000 0.000 0.000 0.000 0.000 0.000 0.000 0.000 0.013 0.000 0.000 0.000 0.000 0.001
0.000 0.000 0.000 0.000 0.000 0.000 0.000 0.000 0.000 0.019 0.921 0.980 0.000 0.976 0.904 0.061 0.000 0.001 0.000 0.000 0.000 0.000 0.000 0.000 0.000 0.000 0.000 0.000 0.049 0.000 0.000 0.000 0.000 0.000
0.000 0.000 0.000 0.000 0.000 0.000 0.000 0.000 0.003 0.063 0.969 0.931 0.976 0.000 0.986 0.963 0.004 0.020 0.000 0.000 0.000 0.000 0.000 0.000 0.000 0.000 0.000 0.000 0.660 0.000 0.000 0.000 0.000 0.000
0.000 0.000 0.000 0.000 0.000 0.000 0.000 0.000 0.000 0.952 0.961 0.926 0.904 0.986 0.000 0.984 0.901 0.000 0.000 0.000 0.000 0.000 0.000 0.000 0.000 0.000 0.000 0.000 0.003 0.000 0.000 0.000 0.000 0.000
0.000 0.000 0.000 0.000 0.000 0.000 0.000 0.000 0.915 0.981 0.999 0.201 0.061 0.963 0.984 0.000 0.998 0.974 0.000 0.000 0.000 0.000 0.000 0.000 0.000 0.000 0.000 0.000 0.996 0.047 0.000 0.000 0.000 0.000
0.000 0.000 0.000 0.000 0.000 0.000 0.000 0.996 0.997 0.997 0.962 0.000 0.000 0.004 0.901 0.998 0.000 0.998 0.959 0.000 0.000 0.000 0.000 0.000 0.000 0.000 0.000 0.113 0.982 0.045 0.100 0.000 0.000 0.000
0.000 0.000 0.000 0.000 0.000 0.041 0.932 0.968 0.998 0.971 0.971 0.444 0.001 0.020 0.000 0.974 0.998 0.000 0.989 0.988 0.000 0.000 0.000 0.000 0.000 0.035 0.984 0.979 0.999 0.631 0.000 0.000 0.000 0.000
0.000 0.994 0.004 0.000 0.000 0.985 0.996 0.994 0.977 0.000 0.000 0.000 0.000 0.000 0.000 0.000 0.959 0.989 0.000 0.996 0.858 0.000 0.000 0.000 0.000 0.874 0.989 1.000 0.995 0.999 0.999 0.996 0.000 0.000
0.000 0.180 0.000 0.000 0.912 1.000 0.990 0.950 0.987 0.000 0.000 0.000 0.000 0.000 0.000 0.000 0.000 0.988 0.996 0.000 1.000 0.995 0.023 0.009 0.978 0.991 0.995 0.987 0.000 0.000 0.000 0.214 0.000 0.000
0.000 0.000 0.237 0.938 0.991 0.999 0.967 0.000 0.002 0.000 0.000 0.000 0.000 0.000 0.000 0.000 0.000 0.000 0.858 1.000 0.000 0.988 0.969 0.990 0.957 0.992 0.904 0.021 0.000 0.000 0.000 0.040 0.001 0.002
0.000 0.000 0.000 0.002 0.961 0.854 0.876 0.000 0.532 0.000 0.000 0.000 0.000 0.000 0.000 0.000 0.000 0.000 0.000 0.995 0.988 0.000 0.995 0.971 0.975 0.228 0.000 0.000 0.000 0.000 0.000 0.000 0.000 0.000
0.000 0.000 0.000 0.585 0.936 0.131 0.000 0.000 0.000 0.000 0.000 0.000 0.000 0.000 0.000 0.000 0.000 0.000 0.000 0.023 0.969 0.995 0.000 0.993 0.971 0.202 0.000 0.000 0.000 0.000 0.000 0.000 0.000 0.000
0.000 0.000 0.000 0.017 0.238 0.667 0.000 0.000 0.000 0.000 0.000 0.000 0.000 0.000 0.000 0.000 0.000 0.000 0.000 0.009 0.990 0.971 0.993 0.000 0.998 0.991 0.001 0.001 0.000 0.000 0.000 0.000 0.000 0.000
0.000 0.000 0.000 0.000 0.000 0.000 0.001 0.000 0.003 0.000 0.000 0.000 0.000 0.000 0.000 0.000 0.000 0.000 0.000 0.978 0.957 0.975 0.971 0.998 0.000 0.972 0.840 0.000 0.000 0.000 0.000 0.000 0.000 0.000
0.000 0.000 0.000 0.000 0.000 0.972 0.000 0.000 0.000 0.000 0.000 0.000 0.000 0.000 0.000 0.000 0.000 0.035 0.874 0.991 0.992 0.228 0.202 0.991 0.972 0.000 0.970 0.905 0.000 0.000 0.000 0.000 0.000 0.000
0.000 0.000 0.000 0.000 0.000 0.967 0.000 0.000 0.059 0.000 0.000 0.000 0.000 0.000 0.000 0.000 0.000 0.984 0.989 0.995 0.904 0.000 0.000 0.001 0.840 0.970 0.000 0.999 0.969 0.000 0.000 0.000 0.000 0.000
0.000 0.000 0.001 0.000 0.000 0.992 0.000 0.000 0.000 0.000 0.000 0.000 0.000 0.000 0.000 0.000 0.113 0.979 1.000 0.987 0.021 0.000 0.000 0.001 0.000 0.905 0.999 0.000 0.996 1.000 0.995 0.991 0.774 0.000
0.000 0.000 0.000 0.000 0.000 0.000 0.000 0.000 0.001 0.126 0.945 0.013 0.049 0.660 0.003 0.996 0.982 0.999 0.995 0.000 0.000 0.000 0.000 0.000 0.000 0.000 0.969 0.996 0.000 0.992 0.952 0.010 0.000 0.000
0.000 0.000 0.000 0.000 0.000 0.009 0.000 0.000 0.000 0.000 0.000 0.000 0.000 0.000 0.000 0.047 0.045 0.631 0.999 0.000 0.000 0.000 0.000 0.000 0.000 0.000 0.000 1.000 0.992 0.000 0.997 0.983 0.069 0.000
0.732 0.995 0.505 0.000 0.000 0.000 0.000 0.528 0.000 0.000 0.000 0.000 0.000 0.000 0.000 0.000 0.100 0.000 0.999 0.000 0.000 0.000 0.000 0.000 0.000 0.000 0.000 0.995 0.952 0.997 0.000 1.000 0.982 0.122
0.156 0.989 0.984 0.000 0.000 0.997 0.321 0.001 0.000 0.000 0.000 0.000 0.000 0.000 0.000 0.000 0.000 0.000 0.996 0.214 0.040 0.000 0.000 0.000 0.000 0.000 0.000 0.991 0.010 0.983 1.000 0.000 0.999 0.969
0.202 0.408 0.994 0.010 0.000 0.162 0.000 0.000 0.000 0.000 0.000 0.000 0.000 0.000 0.000 0.000 0.000 0.000 0.000 0.000 0.001 0.000 0.000 0.000 0.000 0.000 0.000 0.774 0.000 0.069 0.982 0.999 0.000 0.993
0.329 0.256 0.982 0.509 0.000 0.038 0.000 0.000 0.000 0.000 0.000 0.001 0.000 0.000 0.000 0.000 0.000 0.000 0.000 0.000 0.002 0.000 0.000 0.000 0.000 0.000 0.000 0.000 0.000 0.000 0.122 0.969 0.993 0.000
