0.000 0.997 0.983 0.251 0.011 0.010 0.001 0.004 0.000 0.000 0.000 0.008 0.007 0.000 0.000 0.002 0.000 0.000 0.002 0.000 0.000 0.000 0.000 0.000 0.000 0.000 0.000 0.000 0.000 0.000 0.773 0.153 0.179 0.326
0.997 0.000 1.000 0.980 0.008 1.000 0.990 0.971 0.000 0.000 0.000 0.000 0.000 0.000 0.000 0.000 0.000 0.000 0.971 0.189 0.000 0.005 0.000 0.000 0.000 0.000 0.000 0.000 0.000 0.000 0.984 0.984 0.282 0.233
0.983 1.000 0.000 1.000 0.997 1.000 0.003 0.004 0.000 0.000 0.000 0.000 0.000 0.000 0.000 0.000 0.000 0.000 0.019 0.000 0.215 0.006 0.000 0.000 0.000 0.000 0.000 0.000 0.000 0.000 0.566 0.983 0.947 0.944
0.251 0.980 1.000 0.000 0.991 0.985 0.000 0.000 0.000 0.000 0.000 0.002 0.002 0.000 0.000 0.007 0.000 0.000 0.000 0.000 0.869 0.076 0.620 0.011 0.000 0.000 0.000 0.000 0.000 0.000 0.003 0.005 0.026 0.560
0.011 0.008 0.997 0.991 0.000 1.000 0.990 0.000 0.000 0.000 0.000 0.000 0.000 0.000 0.000 0.000 0.000 0.000 0.000 0.982 0.999 0.999 0.999 0.222 0.000 0.000 0.000 0.000 0.000 0.000 0.000 0.000 0.000 0.001
0.010 1.000 1.000 0.985 1.000 0.000 0.999 0.965 0.000 0.000 0.000 0.000 0.000 0.000 0.000 0.000 0.000 0.028 0.986 1.000 1.000 0.995 0.186 0.562 0.000 0.992 0.975 0.992 0.000 0.018 0.001 1.000 0.209 0.157
0.001 0.990 0.003 0.000 0.990 0.999 0.000 0.998 1.000 0.000 0.000 0.000 0.000 0.000 0.000 0.000 0.000 0.959 0.991 1.000 1.000 0.970 0.000 0.000 0.000 0.000 0.000 0.000 0.000 0.000 0.000 0.290 0.000 0.000
0.004 0.971 0.004 0.000 0.000 0.965 0.998 0.000 1.000 0.997 0.000 0.001 0.000 0.000 0.000 0.000 0.989 0.998 1.000 0.999 0.000 0.000 0.000 0.000 0.000 0.000 0.000 0.000 0.012 0.000 0.620 0.001 0.000 0.000
0.000 0.000 0.000 0.000 0.000 0.000 1.000 1.000 0.000 1.000 0.990 0.070 0.000 0.000 0.000 0.970 0.993 1.000 0.999 1.000 0.002 0.871 0.000 0.000 0.023 0.000 0.127 0.000 0.000 0.000 0.000 0.000 0.000 0.000
0.000 0.000 0.000 0.000 0.000 0.000 0.000 0.997 1.000 0.000 0.999 0.984 0.021 0.055 0.959 0.990 0.999 1.000 0.000 0.000 0.000 0.000 0.000 0.000 0.000 0.000 0.000 0.000 0.021 0.000 0.000 0.000 0.000 0.000
0.000 0.000 0.000 0.000 0.000 0.000 0.000 0.000 0.990 0.999 0.000 0.985 0.953 0.971 0.987 1.000 0.998 0.984 0.000 0.000 0.000 0.000 0.000 0.000 0.000 0.000 0.000 0.000 0.385 0.000 0.000 0.000 0.000 0.000
0.008 0.000 0.000 0.002 0.000 0.000 0.000 0.001 0.070 0.984 0.985 0.000 0.991 0.968 0.987 0.293 0.000 0.412 0.000 0.002 0.000 0.000 0.000 0.000 0.001 0.000 0.000 0.000 0.002 0.000 0.000 0.000 0.000 0.002
0.007 0.000 0.000 0.002 0.000 0.000 0.000 0.000 0.000 0.021 0.953 0.991 0.000 0.995 0.971 0.059 0.000 0.002 0.000 0.000 0.000 0.000 0.000 0.000 0.000 0.000 0.000 0.000 0.040 0.000 0.000 0.000 0.000 0.009
0.000 0.000 0.000 0.000 0.000 0.000 0.000 0.000 0.000 0.055 0.971 0.968 0.995 0.000 0.982 0.999 0.009 0.036 0.000 0.000 0.000 0.000 0.000 0.000 0.000 0.000 0.000 0.000 0.350 0.000 0.000 0.000 0.000 0.000
0.000 0.000 0.000 0.000 0.000 0.000 0.000 0.000 0.000 0.959 0.987 0.987 0.971 0.982 0.000 0.992 0.966 0.000 0.000 0.000 0.000 0.000 0.000 0.000 0.000 0.000 0.000 0.000 0.006 0.000 0.000 0.000 0.000 0.000
0.002 0.000 0.000 0.007 0.000 0.000 0.000 0.000 0.970 0.990 1.000 0.293 0.059 0.999 0.992 0.000 1.000 0.994 0.008 0.000 0.000 0.000 0.000 0.000 0.000 0.000 0.073 0.104 0.949 0.009 0.000 0.000 0.000 0.001
0.000 0.000 0.000 0.000 0.000 0.000 0.000 0.989 0.993 0.999 0.998 0.000 0.000 0.009 0.966 1.000 0.000 1.000 0.998 0.000 0.000 0.000 0.000 0.000 0.000 0.000 0.000 0.038 0.974 0.001 0.006 0.000 0.000 0.000
0.000 0.000 0.000 0.000 0.000 0.028 0.959 0.998 1.000 1.000 0.984 0.412 0.002 0.036 0.000 0.994 1.000 0.000 1.000 0.985 0.003 0.000 0.000 0.000 0.000 0.058 0.999 0.995 0.978 0.305 0.000 0.000 0.000 0.000
0.002 0.971 0.019 0.000 0.000 0.986 0.991 1.000 0.999 0.000 0.000 0.000 0.000 0.000 0.000 0.008 0.998 1.000 0.000 0.998 0.957 0.000 0.000 0.000 0.000 0.985 0.998 0.988 0.966 0.962 0.996 0.985 0.000 0.000
0.000 0.189 0.000 0.000 0.982 1.000 1.000 0.999 1.000 0.000 0.000 0.002 0.000 0.000 0.000 0.000 0.000 0.985 0.998 0.000 1.000 0.997 0.018 0.000 0.998 0.998 0.984 0.959 0.000 0.000 0.000 0.204 0.000 0.000
0.000 0.000 0.215 0.869 0.999 1.000 1.000 0.000 0.002 0.000 0.000 0.000 0.000 0.000 0.000 0.000 0.000 0.003 0.957 1.000 0.000 1.000 1.000 1.000 1.000 0.997 0.952 0.076 0.000 0.000 0.000 0.075 0.000 0.091
0.000 0.005 0.006 0.076 0.999 0.995 0.970 0.000 0.871 0.000 0.000 0.000 0.000 0.000 0.000 0.000 0.000 0.000 0.000 0.997 1.000 0.000 0.999 0.997 0.997 0.310 0.000 0.000 0.000 0.000 0.000 0.000 0.000 0.000
0.000 0.000 0.000 0.620 0.999 0.186 0.000 0.000 0.000 0.000 0.000 0.000 0.000 0.000 0.000 0.000 0.000 0.000 0.000 0.018 1.000 0.999 0.000 1.000 0.988 0.191 0.000 0.000 0.000 0.000 0.000 0.000 0.000 0.000
0.000 0.000 0.000 0.011 0.222 0.562 0.000 0.000 0.000 0.000 0.000 0.000 0.000 0.000 0.000 0.000 0.000 0.000 0.000 0.000 1.000 0.997 1.000 0.000 0.999 0.996 0.003 0.000 0.000 0.000 0.000 0.000 0.000 0.004
0.000 0.000 0.000 0.000 0.000 0.000 0.000 0.000 0.023 0.000 0.000 0.001 0.000 0.000 0.000 0.000 0.000 0.000 0.000 0.998 1.000 0.997 0.988 0.999 0.000 1.000 0.972 0.000 0.000 0.000 0.000 0.000 0.000 0.000
0.000 0.000 0.000 0.000 0.000 0.992 0.000 0.000 0.000 0.000 0.000 0.000 0.000 0.000 0.000 0.000 0.000 0.058 0.985 0.998 0.997 0.310 0.191 0.996 1.000 0.000 0.992 0.977 0.000 0.000 0.000 0.000 0.000 0.000
0.000 0.000 0.000 0.000 0.000 0.975 0.000 0.000 0.127 0.000 0.000 0.000 0.000 0.000 0.000 0.073 0.000 0.999 0.998 0.984 0.952 0.000 0.000 0.003 0.972 0.992 0.000 1.000 0.979 0.000 0.000 0.000 0.000 0.000
0.000 0.000 0.000 0.000 0.000 0.992 0.000 0.000 0.000 0.000 0.000 0.000 0.000 0.000 0.000 0.104 0.038 0.995 0.988 0.959 0.076 0.000 0.000 0.000 0.000 0.977 1.000 0.000 1.000 1.000 0.969 0.989 0.721 0.032
0.000 0.000 0.000 0.000 0.000 0.000 0.000 0.012 0.000 0.021 0.385 0.002 0.040 0.350 0.006 0.949 0.974 0.978 0.966 0.000 0.000 0.000 0.000 0.000 0.000 0.000 0.979 1.000 0.000 1.000 0.977 0.023 0.000 0.000
0.000 0.000 0.000 0.000 0.000 0.018 0.000 0.000 0.000 0.000 0.000 0.000 0.000 0.000 0.000 0.009 0.001 0.305 0.962 0.000 0.000 0.000 0.000 0.000 0.000 0.000 0.000 1.000 1.000 0.000 0.998 0.965 0.042 0.000
0.773 0.984 0.566 0.003 0.000 0.001 0.000 0.620 0.000 0.000 0.000 0.000 0.000 0.000 0.000 0.000 0.006 0.000 0.996 0.000 0.000 0.000 0.000 0.000 0.000 0.000 0.000 0.969 0.977 0.998 0.000 1.000 0.970 0.102
0.153 0.984 0.983 0.005 0.000 1.000 0.290 0.001 0.000 0.000 0.000 0.000 0.000 0.000 0.000 0.000 0.000 0.000 0.985 0.204 0.075 0.000 0.000 0.000 0.000 0.000 0.000 0.989 0.023 0.965 1.000 0.000 0.979 0.884
0.179 0.282 0.947 0.026 0.000 0.209 0.000 0.000 0.000 0.000 0.000 0.000 0.000 0.000 0.000 0.000 0.000 0.000 0.000 0.000 0.000 0.000 0.000 0.000 0.000 0.000 0.000 0.721 0.000 0.042 0.970 0.979 0.000 0.988
0.326 0.233 0.944 0.560 0.001 0.157 0.000 0.000 0.000 0.000 0.000 0.002 0.009 0.000 0.000 0.001 0.000 0.000 0.000 0.000 0.091 0.000 0.000 0.004 0.000 0.000 0.000 0.032 0.000 0.000 0.102 0.884 0.988 0.000
