0.000 0.988 0.923 0.197 0.010 0.006 0.000 0.006 0.000 0.000 0.000 0.010 0.021 0.024 0.004 0.000 0.000 0.000 0.000 0.000 0.000 0.000 0.000 0.000 0.000 0.000 0.000 0.000 0.000 0.000 0.792 0.257 0.292 0.483
0.988 0.000 0.995 0.902 0.006 0.976 0.948 0.980 0.000 0.000 0.000 0.000 0.000 0.000 0.000 0.000 0.000 0.000 0.997 0.188 0.000 0.000 0.000 0.000 0.000 0.000 0.000 0.000 0.000 0.000 0.997 0.997 0.415 0.392
0.923 0.995 0.000 0.997 0.924 0.968 0.000 0.000 0.000 0.000 0.000 0.000 0.002 0.000 0.000 0.000 0.000 0.000 0.003 0.000 0.305 0.003 0.000 0.000 0.000 0.000 0.000 0.000 0.000 0.000 0.456 0.997 0.974 0.931
0.197 0.902 0.997 0.000 0.991 0.987 0.000 0.000 0.000 0.000 0.000 0.012 0.045 0.004 0.000 0.000 0.000 0.000 0.000 0.000 0.899 0.083 0.744 0.027 0.000 0.000 0.000 0.000 0.000 0.000 0.000 0.000 0.011 0.528
0.010 0.006 0.924 0.991 0.000 0.996 0.886 0.000 0.000 0.000 0.000 0.000 0.000 0.000 0.000 0.000 0.000 0.000 0.000 0.904 0.996 0.987 0.989 0.322 0.000 0.000 0.000 0.000 0.000 0.000 0.000 0.000 0.000 0.001
0.006 0.976 0.968 0.987 0.996 0.000 0.990 0.952 0.000 0.000 0.000 0.000 0.000 0.000 0.000 0.000 0.000 0.020 0.977 0.984 0.999 0.954 0.209 0.560 0.000 0.944 0.944 0.994 0.000 0.032 0.001 0.995 0.103 0.124
0.000 0.948 0.000 0.000 0.886 0.990 0.000 0.999 0.999 0.000 0.000 0.000 0.000 0.000 0.000 0.000 0.000 0.987 1.000 1.000 0.903 0.908 0.000 0.000 0.000 0.000 0.000 0.000 0.000 0.000 0.000 0.221 0.000 0.000
0.006 0.980 0.000 0.000 0.000 0.952 0.999 0.000 0.992 0.919 0.000 0.001 0.000 0.000 0.000 0.000 0.992 0.990 0.997 0.976 0.000 0.000 0.000 0.000 0.000 0.000 0.000 0.000 0.000 0.000 0.526 0.003 0.000 0.000
0.000 0.000 0.000 0.000 0.000 0.000 0.999 0.992 0.000 0.974 0.892 0.070 0.000 0.000 0.000 0.896 0.977 1.000 0.977 0.986 0.001 0.762 0.000 0.000 0.010 0.000 0.049 0.000 0.000 0.000 0.000 0.000 0.000 0.000
0.000 0.000 0.000 0.000 0.000 0.000 0.000 0.919 0.974 0.000 0.996 0.992 0.018 0.051 0.963 0.985 0.985 0.967 0.000 0.000 0.000 0.000 0.000 0.000 0.000 0.000 0.000 0.000 0.036 0.000 0.000 0.000 0.000 0.000
0.000 0.000 0.000 0.000 0.000 0.000 0.000 0.000 0.892 0.996 0.000 0.998 0.977 0.989 0.967 0.994 0.911 0.954 0.000 0.000 0.000 0.000 0.000 0.000 0.000 0.000 0.000 0.000 0.799 0.000 0.000 0.000 0.000 0.000
0.010 0.000 0.000 0.012 0.000 0.000 0.000 0.001 0.070 0.992 0.998 0.000 0.992 0.986 0.974 0.211 0.000 0.569 0.000 0.000 0.000 0.000 0.007 0.006 0.000 0.000 0.000 0.000 0.002 0.000 0.000 0.000 0.005 0.014
0.021 0.000 0.002 0.045 0.000 0.000 0.000 0.000 0.000 0.018 0.977 0.992 0.000 0.990 0.960 0.067 0.000 0.000 0.000 0.000 0.000 0.000 0.004 0.001 0.000 0.000 0.000 0.000 0.033 0.000 0.000 0.000 0.002 0.037
0.024 0.000 0.000 0.004 0.000 0.000 0.000 0.000 0.000 0.051 0.989 0.986 0.990 0.000 0.998 0.993 0.000 0.011 0.000 0.000 0.000 0.000 0.004 0.000 0.000 0.000 0.000 0.000 0.534 0.000 0.000 0.000 0.000 0.003
0.004 0.000 0.000 0.000 0.000 0.000 0.000 0.000 0.000 0.963 0.967 0.974 0.960 0.998 0.000 0.996 0.938 0.000 0.000 0.000 0.000 0.000 0.000 0.000 0.000 0.000 0.000 0.000 0.001 0.000 0.000 0.000 0.000 0.000
0.000 0.000 0.000 0.000 0.000 0.000 0.000 0.000 0.896 0.985 0.994 0.211 0.067 0.993 0.996 0.000 0.993 0.947 0.001 0.000 0.000 0.000 0.000 0.000 0.000 0.000 0.000 0.000 0.951 0.100 0.000 0.000 0.000 0.000
0.000 0.000 0.000 0.000 0.000 0.000 0.000 0.992 0.977 0.985 0.911 0.000 0.000 0.000 0.938 0.993 0.000 0.992 0.967 0.000 0.000 0.000 0.000 0.000 0.000 0.000 0.000 0.106 0.981 0.036 0.084 0.000 0.000 0.000
0.000 0.000 0.000 0.000 0.000 0.020 0.987 0.990 1.000 0.967 0.954 0.569 0.000 0.011 0.000 0.947 0.992 0.000 1.000 1.000 0.001 0.000 0.000 0.000 0.000 0.022 0.952 0.998 0.991 0.392 0.000 0.000 0.000 0.000
0.000 0.997 0.003 0.000 0.000 0.977 1.000 0.997 0.977 0.000 0.000 0.000 0.000 0.000 0.000 0.001 0.967 1.000 0.000 0.999 0.876 0.000 0.000 0.000 0.000 0.823 0.928 0.997 0.970 0.968 0.993 0.987 0.000 0.000
0.000 0.188 0.000 0.000 0.904 0.984 1.000 0.976 0.986 0.000 0.000 0.000 0.000 0.000 0.000 0.000 0.000 1.000 0.999 0.000 0.991 0.992 0.015 0.001 0.982 0.984 0.999 0.980 0.001 0.000 0.000 0.142 0.000 0.000
0.000 0.000 0.305 0.899 0.996 0.999 0.903 0.000 0.001 0.000 0.000 0.000 0.000 0.000 0.000 0.000 0.000 0.001 0.876 0.991 0.000 1.000 1.000 0.994 0.990 0.989 0.970 0.059 0.000 0.000 0.000 0.061 0.000 0.072
0.000 0.000 0.003 0.083 0.987 0.954 0.908 0.000 0.762 0.000 0.000 0.000 0.000 0.000 0.000 0.000 0.000 0.000 0.000 0.992 1.000 0.000 0.997 0.970 0.987 0.430 0.000 0.000 0.000 0.000 0.000 0.000 0.000 0.000
0.000 0.000 0.000 0.744 0.989 0.209 0.000 0.000 0.000 0.000 0.000 0.007 0.004 0.004 0.000 0.000 0.000 0.000 0.000 0.015 1.000 0.997 0.000 1.000 0.988 0.199 0.000 0.000 0.000 0.000 0.000 0.000 0.000 0.000
0.000 0.000 0.000 0.027 0.322 0.560 0.000 0.000 0.000 0.000 0.000 0.006 0.001 0.000 0.000 0.000 0.000 0.000 0.000 0.001 0.994 0.970 1.000 0.000 0.992 0.999 0.003 0.000 0.000 0.000 0.000 0.000 0.000 0.008
0.000 0.000 0.000 0.000 0.000 0.000 0.000 0.000 0.010 0.000 0.000 0.000 0.000 0.000 0.000 0.000 0.000 0.000 0.000 0.982 0.990 0.987 0.988 0.992 0.000 1.000 0.988 0.000 0.000 0.000 0.000 0.000 0.000 0.000
0.000 0.000 0.000 0.000 0.000 0.944 0.000 0.000 0.000 0.000 0.000 0.000 0.000 0.000 0.000 0.000 0.000 0.022 0.823 0.984 0.989 0.430 0.199 0.999 1.000 0.000 0.997 0.890 0.000 0.000 0.000 0.000 0.000 0.001
0.000 0.000 0.000 0.000 0.000 0.944 0.000 0.000 0.049 0.000 0.000 0.000 0.000 0.000 0.000 0.000 0.000 0.952 0.928 0.999 0.970 0.000 0.000 0.003 0.988 0.997 0.000 0.990 0.868 0.000 0.000 0.000 0.000 0.000
0.000 0.000 0.000 0.000 0.000 0.994 0.000 0.000 0.000 0.000 0.000 0.000 0.000 0.000 0.000 0.000 0.106 0.998 0.997 0.980 0.059 0.000 0.000 0.000 0.000 0.890 0.990 0.000 0.983 0.969 0.368 0.941 0.000 0.000
0.000 0.000 0.000 0.000 0.000 0.000 0.000 0.000 0.000 0.036 0.799 0.002 0.033 0.534 0.001 0.951 0.981 0.991 0.970 0.001 0.000 0.000 0.000 0.000 0.000 0.000 0.868 0.983 0.000 0.996 0.912 0.015 0.000 0.000
0.000 0.000 0.000 0.000 0.000 0.032 0.000 0.000 0.000 0.000 0.000 0.000 0.000 0.000 0.000 0.100 0.036 0.392 0.968 0.000 0.000 0.000 0.000 0.000 0.000 0.000 0.000 0.969 0.996 0.000 0.993 0.988 0.032 0.000
0.792 0.997 0.456 0.000 0.000 0.001 0.000 0.526 0.000 0.000 0.000 0.000 0.000 0.000 0.000 0.000 0.084 0.000 0.993 0.000 0.000 0.000 0.000 0.000 0.000 0.000 0.000 0.368 0.912 0.993 0.000 1.000 0.951 0.222
0.257 0.997 0.997 0.000 0.000 0.995 0.221 0.003 0.000 0.000 0.000 0.000 0.000 0.000 0.000 0.000 0.000 0.000 0.987 0.142 0.061 0.000 0.000 0.000 0.000 0.000 0.000 0.941 0.015 0.988 1.000 0.000 0.983 0.871
0.292 0.415 0.974 0.011 0.000 0.103 0.000 0.000 0.000 0.000 0.000 0.005 0.002 0.000 0.000 0.000 0.000 0.000 0.000 0.000 0.000 0.000 0.000 0.000 0.000 0.000 0.000 0.000 0.000 0.032 0.951 0.983 0.000 0.987
0.483 0.392 0.931 0.528 0.001 0.124 0.000 0.000 0.000 0.000 0.000 0.014 0.037 0.003 0.000 0.000 0.000 0.000 0.000 0.000 0.072 0.000 0.000 0.008 0.000 0.001 0.000 0.000 0.000 0.000 0.222 0.871 0.987 0.000
