0.000 0.998 0.967 0.192 0.006 0.008 0.001 0.002 0.000 0.000 0.000 0.006 0.010 0.005 0.000 0.000 0.000 0.000 0.000 0.000 0.000 0.002 0.000 0.000 0.000 0.000 0.000 0.000 0.000 0.000 0.737 0.240 0.289 0.487
0.998 0.000 0.996 0.977 0.008 0.998 0.994 0.994 0.000 0.000 0.000 0.000 0.000 0.000 0.000 0.000 0.000 0.000 1.000 0.170 0.000 0.000 0.000 0.000 0.000 0.000 0.000 0.000 0.000 0.000 0.997 0.991 0.429 0.392
0.967 0.996 0.000 1.000 0.975 0.992 0.000 0.000 0.000 0.000 0.000 0.000 0.004 0.000 0.000 0.000 0.000 0.000 0.002 0.000 0.341 0.002 0.000 0.000 0.000 0.000 0.000 0.000 0.000 0.000 0.472 1.000 0.988 0.971
0.192 0.977 1.000 0.000 0.995 1.000 0.000 0.000 0.000 0.000 0.000 0.001 0.024 0.009 0.000 0.000 0.000 0.000 0.000 0.000 0.949 0.085 0.660 0.025 0.000 0.000 0.000 0.000 0.000 0.000 0.000 0.000 0.006 0.495
0.006 0.008 0.975 0.995 0.000 1.000 0.993 0.000 0.000 0.000 0.000 0.000 0.000 0.000 0.000 0.000 0.000 0.000 0.000 0.991 0.996 0.998 0.955 0.296 0.000 0.000 0.000 0.000 0.000 0.000 0.000 0.000 0.000 0.000
0.008 0.998 0.992 1.000 1.000 0.000 1.000 0.988 0.000 0.000 0.000 0.000 0.000 0.000 0.000 0.000 0.000 0.032 0.999 1.000 1.000 0.982 0.181 0.667 0.000 0.993 0.996 1.000 0.000 0.017 0.001 1.000 0.134 0.024
0.001 0.994 0.000 0.000 0.993 1.000 0.000 1.000 1.000 0.000 0.000 0.000 0.000 0.000 0.000 0.000 0.000 0.989 0.990 1.000 0.985 0.937 0.000 0.000 0.000 0.000 0.000 0.000 0.000 0.000 0.000 0.270 0.000 0.000
0.002 0.994 0.000 0.000 0.000 0.988 1.000 0.000 1.000 0.975 0.000 0.000 0.000 0.000 0.000 0.000 0.997 0.994 0.995 0.992 0.000 0.000 0.000 0.000 0.000 0.000 0.000 0.000 0.000 0.000 0.525 0.001 0.000 0.000
0.000 0.000 0.000 0.000 0.000 0.000 1.000 1.000 0.000 0.990 0.922 0.003 0.000 0.000 0.001 0.938 0.994 1.000 0.979 0.997 0.000 0.520 0.000 0.000 0.011 0.000 0.075 0.000 0.000 0.000 0.000 0.000 0.000 0.000
0.000 0.000 0.000 0.000 0.000 0.000 0.000 0.975 0.990 0.000 0.999 0.946 0.030 0.059 0.936 0.980 0.986 0.982 0.000 0.000 0.000 0.000 0.000 0.000 0.000 0.000 0.000 0.000 0.098 0.000 0.000 0.000 0.000 0.000
0.000 0.000 0.000 0.000 0.000 0.000 0.000 0.000 0.922 0.999 0.000 0.990 0.922 0.951 0.993 0.999 0.932 0.963 0.000 0.000 0.000 0.000 0.000 0.000 0.000 0.000 0.000 0.000 0.924 0.000 0.000 0.000 0.000 0.000
0.006 0.000 0.000 0.001 0.000 0.000 0.000 0.000 0.003 0.946 0.990 0.000 0.982 0.953 0.980 0.239 0.000 0.521 0.000 0.000 0.000 0.000 0.000 0.000 0.000 0.000 0.000 0.000 0.003 0.000 0.000 0.000 0.000 0.007
0.010 0.000 0.004 0.024 0.000 0.000 0.000 0.000 0.000 0.030 0.922 0.982 0.000 0.989 0.954 0.071 0.000 0.000 0.000 0.000 0.000 0.001 0.004 0.000 0.000 0.000 0.000 0.000 0.043 0.000 0.000 0.000 0.004 0.046
0.005 0.000 0.000 0.009 0.000 0.000 0.000 0.000 0.000 0.059 0.951 0.953 0.989 0.000 0.986 0.958 0.001 0.005 0.000 0.000 0.000 0.000 0.000 0.000 0.000 0.000 0.000 0.000 0.499 0.000 0.000 0.000 0.000 0.004
0.000 0.000 0.000 0.000 0.000 0.000 0.000 0.000 0.001 0.936 0.993 0.980 0.954 0.986 0.000 0.979 0.875 0.000 0.000 0.000 0.000 0.000 0.000 0.000 0.000 0.000 0.000 0.000 0.000 0.000 0.000 0.000 0.000 0.000
0.000 0.000 0.000 0.000 0.000 0.000 0.000 0.000 0.938 0.980 0.999 0.239 0.071 0.958 0.979 0.000 0.999 0.982 0.000 0.000 0.000 0.000 0.000 0.000 0.000 0.000 0.000 0.000 0.979 0.125 0.000 0.000 0.000 0.000
0.000 0.000 0.000 0.000 0.000 0.000 0.000 0.997 0.994 0.986 0.932 0.000 0.000 0.001 0.875 0.999 0.000 1.000 0.999 0.000 0.000 0.000 0.000 0.000 0.000 0.000 0.000 0.079 1.000 0.049 0.066 0.000 0.000 0.000
0.000 0.000 0.000 0.000 0.000 0.032 0.989 0.994 1.000 0.982 0.963 0.521 0.000 0.005 0.000 0.982 1.000 0.000 1.000 1.000 0.001 0.000 0.000 0.000 0.000 0.035 0.975 0.983 0.999 0.614 0.000 0.000 0.000 0.000
0.000 1.000 0.002 0.000 0.000 0.999 0.990 0.995 0.979 0.000 0.000 0.000 0.000 0.000 0.000 0.000 0.999 1.000 0.000 1.000 0.991 0.000 0.000 0.000 0.000 0.961 0.981 0.993 0.999 0.963 0.986 0.979 0.000 0.000
0.000 0.170 0.000 0.000 0.991 1.000 1.000 0.992 0.997 0.000 0.000 0.000 0.000 0.000 0.000 0.000 0.000 1.000 1.000 0.000 0.996 1.000 0.014 0.001 0.984 0.982 0.996 0.976 0.000 0.000 0.000 0.176 0.000 0.000
0.000 0.000 0.341 0.949 0.996 1.000 0.985 0.000 0.000 0.000 0.000 0.000 0.000 0.000 0.000 0.000 0.000 0.001 0.991 0.996 0.000 0.994 0.983 0.986 0.979 0.999 0.992 0.035 0.000 0.000 0.000 0.046 0.000 0.000
0.002 0.000 0.002 0.085 0.998 0.982 0.937 0.000 0.520 0.000 0.000 0.000 0.001 0.000 0.000 0.000 0.000 0.000 0.000 1.000 0.994 0.000 0.998 0.957 0.989 0.370 0.000 0.000 0.000 0.000 0.000 0.000 0.000 0.000
0.000 0.000 0.000 0.660 0.955 0.181 0.000 0.000 0.000 0.000 0.000 0.000 0.004 0.000 0.000 0.000 0.000 0.000 0.000 0.014 0.983 0.998 0.000 0.997 0.999 0.172 0.000 0.000 0.000 0.000 0.000 0.000 0.000 0.000
0.000 0.000 0.000 0.025 0.296 0.667 0.000 0.000 0.000 0.000 0.000 0.000 0.000 0.000 0.000 0.000 0.000 0.000 0.000 0.001 0.986 0.957 0.997 0.000 0.997 0.994 0.003 0.000 0.000 0.000 0.000 0.000 0.000 0.000
0.000 0.000 0.000 0.000 0.000 0.000 0.000 0.000 0.011 0.000 0.000 0.000 0.000 0.000 0.000 0.000 0.000 0.000 0.000 0.984 0.979 0.989 0.999 0.997 0.000 0.984 0.955 0.000 0.000 0.000 0.000 0.000 0.000 0.000
0.000 0.000 0.000 0.000 0.000 0.993 0.000 0.000 0.000 0.000 0.000 0.000 0.000 0.000 0.000 0.000 0.000 0.035 0.961 0.982 0.999 0.370 0.172 0.994 0.984 0.000 1.000 0.995 0.000 0.000 0.000 0.000 0.000 0.000
0.000 0.000 0.000 0.000 0.000 0.996 0.000 0.000 0.075 0.000 0.000 0.000 0.000 0.000 0.000 0.000 0.000 0.975 0.981 0.996 0.992 0.000 0.000 0.003 0.955 1.000 0.000 1.000 0.992 0.000 0.000 0.000 0.000 0.000
0.000 0.000 0.000 0.000 0.000 1.000 0.000 0.000 0.000 0.000 0.000 0.000 0.000 0.000 0.000 0.000 0.079 0.983 0.993 0.976 0.035 0.000 0.000 0.000 0.000 0.995 1.000 0.000 1.000 1.000 0.966 0.997 0.722 0.000
0.000 0.000 0.000 0.000 0.000 0.000 0.000 0.000 0.000 0.098 0.924 0.003 0.043 0.499 0.000 0.979 1.000 0.999 0.999 0.000 0.000 0.000 0.000 0.000 0.000 0.000 0.992 1.000 0.000 0.997 0.979 0.009 0.000 0.000
0.000 0.000 0.000 0.000 0.000 0.017 0.000 0.000 0.000 0.000 0.000 0.000 0.000 0.000 0.000 0.125 0.049 0.614 0.963 0.000 0.000 0.000 0.000 0.000 0.000 0.000 0.000 1.000 0.997 0.000 0.999 1.000 0.031 0.000
0.737 0.997 0.472 0.000 0.000 0.001 0.000 0.525 0.000 0.000 0.000 0.000 0.000 0.000 0.000 0.000 0.066 0.000 0.986 0.000 0.000 0.000 0.000 0.000 0.000 0.000 0.000 0.966 0.979 0.999 0.000 1.000 0.976 0.236
0.240 0.991 1.000 0.000 0.000 1.000 0.270 0.001 0.000 0.000 0.000 0.000 0.000 0.000 0.000 0.000 0.000 0.000 0.979 0.176 0.046 0.000 0.000 0.000 0.000 0.000 0.000 0.997 0.009 1.000 1.000 0.000 0.988 0.956
0.289 0.429 0.988 0.006 0.000 0.134 0.000 0.000 0.000 0.000 0.000 0.000 0.004 0.000 0.000 0.000 0.000 0.000 0.000 0.000 0.000 0.000 0.000 0.000 0.000 0.000 0.000 0.722 0.000 0.031 0.976 0.988 0.000 0.996
0.487 0.392 0.971 0.495 0.000 0.024 0.000 0.000 0.000 0.000 0.000 0.007 0.046 0.004 0.000 0.000 0.000 0.000 0.000 0.000 0.000 0.000 0.000 0.000 0.000 0.000 0.000 0.000 0.000 0.000 0.236 0.956 0.996 0.000
