0.000 0.995 0.987 0.228 0.007 0.005 0.002 0.000 0.000 0.000 0.000 0.000 0.000 0.000 0.000 0.000 0.000 0.000 0.001 0.000 0.000 0.000 0.000 0.000 0.000 0.000 0.000 0.000 0.000 0.000 0.762 0.163 0.209 0.419
0.995 0.000 1.000 0.993 0.008 1.000 0.998 0.978 0.001 0.000 0.000 0.000 0.000 0.000 0.000 0.000 0.003 0.000 1.000 0.260 0.000 0.000 0.000 0.000 0.000 0.000 0.000 0.000 0.000 0.000 0.986 1.000 0.373 0.291
0.987 1.000 0.000 0.998 1.000 1.000 0.001 0.000 0.000 0.000 0.000 0.000 0.000 0.000 0.000 0.000 0.000 0.000 0.005 0.000 0.226 0.002 0.000 0.000 0.000 0.000 0.000 0.000 0.000 0.000 0.528 1.000 0.995 0.975
0.228 0.993 0.998 0.000 1.000 0.994 0.000 0.000 0.000 0.000 0.000 0.003 0.001 0.001 0.002 0.000 0.000 0.000 0.000 0.000 0.912 0.081 0.843 0.016 0.000 0.000 0.000 0.000 0.000 0.000 0.000 0.000 0.014 0.518
0.007 0.008 1.000 1.000 0.000 1.000 1.000 0.000 0.000 0.000 0.000 0.000 0.000 0.000 0.000 0.000 0.000 0.000 0.000 1.000 1.000 1.000 0.999 0.279 0.000 0.000 0.000 0.000 0.000 0.000 0.000 0.000 0.000 0.000
0.005 1.000 1.000 0.994 1.000 0.000 1.000 1.000 0.000 0.000 0.000 0.000 0.000 0.000 0.000 0.000 0.000 0.025 1.000 1.000 1.000 0.995 0.173 0.678 0.000 0.997 0.997 1.000 0.000 0.009 0.000 1.000 0.184 0.034
0.002 0.998 0.001 0.000 1.000 1.000 0.000 1.000 1.000 0.000 0.000 0.000 0.000 0.000 0.000 0.000 0.000 0.999 1.000 1.000 1.000 0.980 0.000 0.000 0.000 0.000 0.000 0.000 0.000 0.000 0.000 0.294 0.000 0.000
0.000 0.978 0.000 0.000 0.000 1.000 1.000 0.000 1.000 1.000 0.000 0.000 0.000 0.000 0.000 0.000 0.947 1.000 1.000 1.000 0.000 0.000 0.000 0.000 0.000 0.000 0.000 0.000 0.000 0.000 0.229 0.002 0.000 0.000
0.000 0.001 0.000 0.000 0.000 0.000 1.000 1.000 0.000 1.000 1.000 0.046 0.000 0.000 0.000 0.990 1.000 1.000 1.000 1.000 0.000 0.746 0.000 0.000 0.006 0.000 0.131 0.000 0.002 0.000 0.000 0.000 0.000 0.000
0.000 0.000 0.000 0.000 0.000 0.000 0.000 1.000 1.000 0.000 1.000 0.999 0.027 0.058 0.962 1.000 1.000 1.000 0.001 0.000 0.000 0.000 0.001 0.000 0.000 0.000 0.000 0.000 0.082 0.000 0.000 0.000 0.000 0.000
0.000 0.000 0.000 0.000 0.000 0.000 0.000 0.000 1.000 1.000 0.000 0.999 0.990 0.999 0.992 1.000 1.000 1.000 0.000 0.000 0.000 0.000 0.001 0.000 0.000 0.000 0.000 0.000 0.983 0.000 0.000 0.000 0.000 0.000
0.000 0.000 0.000 0.003 0.000 0.000 0.000 0.000 0.046 0.999 0.999 0.000 1.000 1.000 0.997 0.298 0.000 0.558 0.000 0.000 0.000 0.000 0.061 0.021 0.000 0.000 0.000 0.000 0.017 0.000 0.000 0.000 0.000 0.000
0.000 0.000 0.000 0.001 0.000 0.000 0.000 0.000 0.000 0.027 0.990 1.000 0.000 1.000 0.999 0.057 0.000 0.000 0.000 0.000 0.000 0.002 0.077 0.032 0.000 0.000 0.000 0.000 0.123 0.000 0.000 0.000 0.000 0.000
0.000 0.000 0.000 0.001 0.000 0.000 0.000 0.000 0.000 0.058 0.999 1.000 1.000 0.000 1.000 1.000 0.009 0.025 0.000 0.000 0.000 0.000 0.061 0.017 0.000 0.000 0.000 0.000 0.851 0.000 0.000 0.000 0.000 0.000
0.000 0.000 0.000 0.002 0.000 0.000 0.000 0.000 0.000 0.962 0.992 0.997 0.999 1.000 0.000 0.992 0.959 0.000 0.000 0.000 0.000 0.000 0.040 0.002 0.000 0.000 0.000 0.000 0.008 0.000 0.000 0.000 0.000 0.000
0.000 0.000 0.000 0.000 0.000 0.000 0.000 0.000 0.990 1.000 1.000 0.298 0.057 1.000 0.992 0.000 1.000 1.000 0.000 0.000 0.000 0.000 0.004 0.000 0.000 0.000 0.000 0.000 0.959 0.013 0.000 0.000 0.000 0.000
0.000 0.003 0.000 0.000 0.000 0.000 0.000 0.947 1.000 1.000 1.000 0.000 0.000 0.009 0.959 1.000 0.000 1.000 1.000 0.000 0.000 0.000 0.000 0.000 0.000 0.000 0.000 0.064 0.999 0.025 0.169 0.000 0.000 0.000
0.000 0.000 0.000 0.000 0.000 0.025 0.999 1.000 1.000 1.000 1.000 0.558 0.000 0.025 0.000 1.000 1.000 0.000 1.000 1.000 0.000 0.000 0.000 0.000 0.000 0.025 1.000 1.000 1.000 0.492 0.001 0.000 0.000 0.000
0.001 1.000 0.005 0.000 0.000 1.000 1.000 1.000 1.000 0.001 0.000 0.000 0.000 0.000 0.000 0.000 1.000 1.000 0.000 1.000 1.000 0.000 0.000 0.000 0.000 1.000 1.000 1.000 1.000 0.995 0.999 1.000 0.000 0.000
0.000 0.260 0.000 0.000 1.000 1.000 1.000 1.000 1.000 0.000 0.000 0.000 0.000 0.000 0.000 0.000 0.000 1.000 1.000 0.000 1.000 1.000 0.014 0.000 0.998 1.000 1.000 1.000 0.000 0.000 0.000 0.206 0.000 0.000
0.000 0.000 0.226 0.912 1.000 1.000 1.000 0.000 0.000 0.000 0.000 0.000 0.000 0.000 0.000 0.000 0.000 0.000 1.000 1.000 0.000 1.000 0.999 1.000 1.000 1.000 1.000 0.060 0.000 0.000 0.000 0.059 0.000 0.000
0.000 0.000 0.002 0.081 1.000 0.995 0.980 0.000 0.746 0.000 0.000 0.000 0.002 0.000 0.000 0.000 0.000 0.000 0.000 1.000 1.000 0.000 1.000 1.000 1.000 0.258 0.000 0.000 0.000 0.000 0.000 0.000 0.000 0.000
0.000 0.000 0.000 0.843 0.999 0.173 0.000 0.000 0.000 0.001 0.001 0.061 0.077 0.061 0.040 0.004 0.000 0.000 0.000 0.014 0.999 1.000 0.000 1.000 0.996 0.166 0.000 0.000 0.000 0.000 0.000 0.000 0.000 0.000
0.000 0.000 0.000 0.016 0.279 0.678 0.000 0.000 0.000 0.000 0.000 0.021 0.032 0.017 0.002 0.000 0.000 0.000 0.000 0.000 1.000 1.000 1.000 0.000 0.999 0.998 0.001 0.000 0.000 0.000 0.000 0.000 0.000 0.000
0.000 0.000 0.000 0.000 0.000 0.000 0.000 0.000 0.006 0.000 0.000 0.000 0.000 0.000 0.000 0.000 0.000 0.000 0.000 0.998 1.000 1.000 0.996 0.999 0.000 1.000 0.998 0.000 0.000 0.000 0.000 0.000 0.000 0.000
0.000 0.000 0.000 0.000 0.000 0.997 0.000 0.000 0.000 0.000 0.000 0.000 0.000 0.000 0.000 0.000 0.000 0.025 1.000 1.000 1.000 0.258 0.166 0.998 1.000 0.000 1.000 1.000 0.000 0.000 0.000 0.000 0.000 0.000
0.000 0.000 0.000 0.000 0.000 0.997 0.000 0.000 0.131 0.000 0.000 0.000 0.000 0.000 0.000 0.000 0.000 1.000 1.000 1.000 1.000 0.000 0.000 0.001 0.998 1.000 0.000 1.000 1.000 0.000 0.000 0.000 0.000 0.000
0.000 0.000 0.000 0.000 0.000 1.000 0.000 0.000 0.000 0.000 0.000 0.000 0.000 0.000 0.000 0.000 0.064 1.000 1.000 1.000 0.060 0.000 0.000 0.000 0.000 1.000 1.000 0.000 1.000 1.000 0.998 1.000 0.778 0.000
0.000 0.000 0.000 0.000 0.000 0.000 0.000 0.000 0.002 0.082 0.983 0.017 0.123 0.851 0.008 0.959 0.999 1.000 1.000 0.000 0.000 0.000 0.000 0.000 0.000 0.000 1.000 1.000 0.000 0.997 0.992 0.015 0.000 0.000
0.000 0.000 0.000 0.000 0.000 0.009 0.000 0.000 0.000 0.000 0.000 0.000 0.000 0.000 0.000 0.013 0.025 0.492 0.995 0.000 0.000 0.000 0.000 0.000 0.000 0.000 0.000 1.000 0.997 0.000 1.000 1.000 0.062 0.000
0.762 0.986 0.528 0.000 0.000 0.000 0.000 0.229 0.000 0.000 0.000 0.000 0.000 0.000 0.000 0.000 0.169 0.001 0.999 0.000 0.000 0.000 0.000 0.000 0.000 0.000 0.000 0.998 0.992 1.000 0.000 1.000 1.000 0.192
0.163 1.000 1.000 0.000 0.000 1.000 0.294 0.002 0.000 0.000 0.000 0.000 0.000 0.000 0.000 0.000 0.000 0.000 1.000 0.206 0.059 0.000 0.000 0.000 0.000 0.000 0.000 1.000 0.015 1.000 1.000 0.000 0.999 0.973
0.209 0.373 0.995 0.014 0.000 0.184 0.000 0.000 0.000 0.000 0.000 0.000 0.000 0.000 0.000 0.000 0.000 0.000 0.000 0.000 0.000 0.000 0.000 0.000 0.000 0.000 0.000 0.778 0.000 0.062 1.000 0.999 0.000 1.000
0.419 0.291 0.975 0.518 0.000 0.034 0.000 0.000 0.000 0.000 0.000 0.000 0.000 0.000 0.000 0.000 0.000 0.000 0.000 0.000 0.000 0.000 0.000 0.000 0.000 0.000 0.000 0.000 0.000 0.000 0.192 0.973 1.000 0.000
