0.000 0.995 0.949 0.188 0.000 0.000 0.000 0.000 0.001 0.000 0.000 0.000 0.004 0.001 0.000 0.000 0.000 0.000 0.000 0.000 0.000 0.000 0.000 0.000 0.000 0.000 0.000 0.000 0.000 0.000 0.001 0.001 0.992 0.025 0.000 0.017
0.995 0.000 0.998 0.957 0.000 0.000 0.000 0.000 0.004 0.000 0.000 0.000 0.000 0.000 0.000 0.000 0.000 0.000 0.000 0.000 0.000 0.000 0.000 0.000 0.000 0.000 0.000 0.000 0.000 0.000 0.000 0.003 0.987 0.000 0.000 0.014
0.949 0.998 0.000 0.998 0.909 0.032 0.974 0.948 0.957 0.000 0.000 0.000 0.000 0.000 0.000 0.000 0.005 0.000 0.969 0.182 0.000 0.002 0.000 0.000 0.000 0.000 0.000 0.000 0.000 0.000 0.949 0.957 0.996 0.000 0.000 0.009
0.188 0.957 0.998 0.000 0.978 0.896 0.997 0.001 0.000 0.000 0.000 0.000 0.000 0.000 0.000 0.000 0.000 0.000 0.002 0.000 0.200 0.001 0.000 0.000 0.000 0.000 0.000 0.000 0.000 0.000 0.167 0.987 0.966 0.008 0.008 0.267
0.000 0.000 0.909 0.978 0.000 0.984 0.978 0.000 0.000 0.000 0.000 0.000 0.000 0.000 0.000 0.000 0.000 0.000 0.000 0.000 0.684 0.011 0.623 0.087 0.000 0.000 0.000 0.000 0.000 0.000 0.000 0.005 0.000 0.000 0.000 0.033
0.000 0.000 0.032 0.896 0.984 0.000 0.991 0.931 0.000 0.000 0.000 0.000 0.000 0.000 0.000 0.000 0.000 0.000 0.000 0.883 0.954 0.913 0.909 0.261 0.000 0.000 0.000 0.000 0.000 0.000 0.000 0.000 0.000 0.000 0.000 0.000
0.000 0.000 0.974 0.997 0.978 0.991 0.000 0.995 0.886 0.000 0.000 0.000 0.000 0.000 0.000 0.000 0.000 0.016 0.980 0.984 0.993 0.808 0.127 0.221 0.000 0.890 0.874 0.948 0.000 0.079 0.004 0.990 0.000 0.000 0.004 0.299
0.000 0.000 0.948 0.001 0.000 0.931 0.995 0.000 0.978 0.914 0.000 0.000 0.000 0.000 0.000 0.000 0.000 0.826 0.963 0.967 0.818 0.890 0.000 0.000 0.000 0.000 0.000 0.000 0.000 0.000 0.000 0.267 0.000 0.000 0.000 0.000
0.001 0.004 0.957 0.000 0.000 0.000 0.886 0.978 0.000 0.992 0.945 0.000 0.000 0.000 0.002 0.009 0.983 0.952 0.997 0.852 0.000 0.034 0.000 0.000 0.000 0.000 0.000 0.000 0.001 0.000 0.031 0.015 0.671 0.000 0.000 0.000
0.000 0.000 0.000 0.000 0.000 0.000 0.000 0.914 0.992 0.000 0.995 0.935 0.000 0.000 0.000 0.937 0.979 1.000 0.972 0.925 0.000 0.057 0.000 0.000 0.000 0.000 0.043 0.000 0.000 0.000 0.000 0.000 0.000 0.000 0.000 0.000
0.000 0.000 0.000 0.000 0.000 0.000 0.000 0.000 0.945 0.995 0.000 0.999 0.879 0.048 0.992 0.994 0.987 0.986 0.000 0.003 0.000 0.000 0.000 0.000 0.000 0.000 0.000 0.000 0.102 0.000 0.000 0.000 0.000 0.000 0.000 0.000
0.000 0.000 0.000 0.000 0.000 0.000 0.000 0.000 0.000 0.935 0.999 0.000 0.972 0.975 0.981 0.978 0.940 0.992 0.000 0.000 0.000 0.000 0.000 0.000 0.000 0.000 0.000 0.000 0.975 0.000 0.000 0.000 0.000 0.000 0.000 0.001
0.004 0.000 0.000 0.000 0.000 0.000 0.000 0.000 0.000 0.000 0.879 0.972 0.000 0.985 0.918 0.559 0.000 0.060 0.000 0.000 0.000 0.000 0.000 0.000 0.000 0.000 0.000 0.000 0.000 0.000 0.000 0.000 0.000 0.000 0.000 0.003
0.001 0.000 0.000 0.000 0.000 0.000 0.000 0.000 0.000 0.000 0.048 0.975 0.985 0.000 0.984 0.952 0.000 0.000 0.000 0.000 0.000 0.000 0.000 0.000 0.000 0.000 0.000 0.000 0.179 0.000 0.000 0.000 0.000 0.000 0.000 0.001
0.000 0.000 0.000 0.000 0.000 0.000 0.000 0.000 0.002 0.000 0.992 0.981 0.918 0.984 0.000 0.996 0.968 0.000 0.000 0.000 0.000 0.000 0.000 0.000 0.000 0.000 0.000 0.000 0.000 0.000 0.000 0.000 0.000 0.000 0.000 0.000
0.000 0.000 0.000 0.000 0.000 0.000 0.000 0.000 0.009 0.937 0.994 0.978 0.559 0.952 0.996 0.000 0.997 0.972 0.000 0.000 0.000 0.000 0.000 0.000 0.000 0.000 0.000 0.000 0.950 0.000 0.000 0.000 0.000 0.000 0.000 0.000
0.000 0.000 0.005 0.000 0.000 0.000 0.000 0.000 0.983 0.979 0.987 0.940 0.000 0.000 0.968 0.997 0.000 0.992 0.979 0.000 0.000 0.000 0.000 0.000 0.000 0.000 0.000 0.072 0.980 0.354 0.680 0.000 0.563 0.235 0.000 0.001
0.000 0.000 0.000 0.000 0.000 0.000 0.016 0.826 0.952 1.000 0.986 0.992 0.060 0.000 0.000 0.972 0.992 0.000 0.998 0.965 0.003 0.000 0.000 0.000 0.000 0.009 0.971 0.973 1.000 0.434 0.000 0.000 0.000 0.000 0.000 0.000
0.000 0.000 0.969 0.002 0.000 0.000 0.980 0.963 0.997 0.972 0.000 0.000 0.000 0.000 0.000 0.000 0.979 0.998 0.000 0.983 0.830 0.000 0.000 0.000 0.000 0.808 0.933 0.999 0.991 0.997 0.997 0.993 0.962 0.014 0.000 0.001
0.000 0.000 0.182 0.000 0.000 0.883 0.984 0.967 0.852 0.925 0.003 0.000 0.000 0.000 0.000 0.000 0.000 0.965 0.983 0.000 0.996 0.991 0.001 0.001 0.558 0.976 0.991 0.931 0.000 0.000 0.000 0.107 0.000 0.000 0.000 0.000
0.000 0.000 0.000 0.200 0.684 0.954 0.993 0.818 0.000 0.000 0.000 0.000 0.000 0.000 0.000 0.000 0.000 0.003 0.830 0.996 0.000 0.988 0.975 0.951 0.964 1.000 0.952 0.143 0.000 0.000 0.000 0.024 0.000 0.000 0.000 0.051
0.000 0.000 0.002 0.001 0.011 0.913 0.808 0.890 0.034 0.057 0.000 0.000 0.000 0.000 0.000 0.000 0.000 0.000 0.000 0.991 0.988 0.000 0.997 0.940 0.982 0.321 0.003 0.000 0.000 0.000 0.000 0.000 0.000 0.000 0.000 0.000
0.000 0.000 0.000 0.000 0.623 0.909 0.127 0.000 0.000 0.000 0.000 0.000 0.000 0.000 0.000 0.000 0.000 0.000 0.000 0.001 0.975 0.997 0.000 0.992 0.982 0.245 0.000 0.000 0.000 0.000 0.000 0.000 0.000 0.000 0.000 0.000
0.000 0.000 0.000 0.000 0.087 0.261 0.221 0.000 0.000 0.000 0.000 0.000 0.000 0.000 0.000 0.000 0.000 0.000 0.000 0.001 0.951 0.940 0.992 0.000 0.990 0.991 0.000 0.000 0.000 0.000 0.000 0.000 0.000 0.000 0.000 0.004
0.000 0.000 0.000 0.000 0.000 0.000 0.000 0.000 0.000 0.000 0.000 0.000 0.000 0.000 0.000 0.000 0.000 0.000 0.000 0.558 0.964 0.982 0.982 0.990 0.000 0.971 0.905 0.000 0.000 0.000 0.000 0.000 0.000 0.000 0.000 0.000
0.000 0.000 0.000 0.000 0.000 0.000 0.890 0.000 0.000 0.000 0.000 0.000 0.000 0.000 0.000 0.000 0.000 0.009 0.808 0.976 1.000 0.321 0.245 0.991 0.971 0.000 0.985 0.877 0.000 0.000 0.000 0.002 0.000 0.000 0.000 0.023
0.000 0.000 0.000 0.000 0.000 0.000 0.874 0.000 0.000 0.043 0.000 0.000 0.000 0.000 0.000 0.000 0.000 0.971 0.933 0.991 0.952 0.003 0.000 0.000 0.905 0.985 0.000 0.970 0.870 0.000 0.000 0.000 0.000 0.000 0.000 0.006
0.000 0.000 0.000 0.000 0.000 0.000 0.948 0.000 0.000 0.000 0.000 0.000 0.000 0.000 0.000 0.000 0.072 0.973 0.999 0.931 0.143 0.000 0.000 0.000 0.000 0.877 0.970 0.000 0.993 0.973 0.787 0.909 0.000 0.002 0.164 0.408
0.000 0.000 0.000 0.000 0.000 0.000 0.000 0.000 0.001 0.000 0.102 0.975 0.000 0.179 0.000 0.950 0.980 1.000 0.991 0.000 0.000 0.000 0.000 0.000 0.000 0.000 0.870 0.993 0.000 0.984 0.924 0.013 0.000 0.002 0.000 0.042
0.000 0.000 0.000 0.000 0.000 0.000 0.079 0.000 0.000 0.000 0.000 0.000 0.000 0.000 0.000 0.000 0.354 0.434 0.997 0.000 0.000 0.000 0.000 0.000 0.000 0.000 0.000 0.973 0.984 0.000 0.991 0.943 0.048 0.827 0.595 0.547
0.001 0.000 0.949 0.167 0.000 0.000 0.004 0.000 0.031 0.000 0.000 0.000 0.000 0.000 0.000 0.000 0.680 0.000 0.997 0.000 0.000 0.000 0.000 0.000 0.000 0.000 0.000 0.787 0.924 0.991 0.000 0.984 1.000 0.999 0.518 0.212
0.001 0.003 0.957 0.987 0.005 0.000 0.990 0.267 0.015 0.000 0.000 0.000 0.000 0.000 0.000 0.000 0.000 0.000 0.993 0.107 0.024 0.000 0.000 0.000 0.000 0.002 0.000 0.909 0.013 0.943 0.984 0.000 0.990 0.975 0.479 0.448
0.992 0.987 0.996 0.966 0.000 0.000 0.000 0.000 0.671 0.000 0.000 0.000 0.000 0.000 0.000 0.000 0.563 0.000 0.962 0.000 0.000 0.000 0.000 0.000 0.000 0.000 0.000 0.000 0.000 0.048 1.000 0.990 0.000 0.990 0.963 0.226
0.025 0.000 0.000 0.008 0.000 0.000 0.000 0.000 0.000 0.000 0.000 0.000 0.000 0.000 0.000 0.000 0.235 0.000 0.014 0.000 0.000 0.000 0.000 0.000 0.000 0.000 0.000 0.002 0.002 0.827 0.999 0.975 0.990 0.000 0.994 0.954
0.000 0.000 0.000 0.008 0.000 0.000 0.004 0.000 0.000 0.000 0.000 0.000 0.000 0.000 0.000 0.000 0.000 0.000 0.000 0.000 0.000 0.000 0.000 0.000 0.000 0.000 0.000 0.164 0.000 0.595 0.518 0.479 0.963 0.994 0.000 0.995
0.017 0.014 0.009 0.267 0.033 0.000 0.299 0.000 0.000 0.000 0.000 0.001 0.003 0.001 0.000 0.000 0.001 0.000 0.001 0.000 0.051 0.000 0.000 0.004 0.000 0.023 0.006 0.408 0.042 0.547 0.212 0.448 0.226 0.954 0.995 0.000
