0.000 0.995 0.962 0.263 0.010 0.009 0.001 0.000 0.000 0.000 0.000 0.003 0.003 0.003 0.000 0.000 0.000 0.000 0.001 0.000 0.000 0.000 0.000 0.000 0.000 0.000 0.000 0.000 0.001 0.000 0.632 0.041 0.042 0.022
0.995 0.000 0.997 0.956 0.004 0.982 0.977 0.981 0.000 0.000 0.000 0.003 0.000 0.000 0.000 0.000 0.002 0.000 0.999 0.261 0.000 0.002 0.000 0.000 0.000 0.000 0.000 0.000 0.000 0.000 0.947 0.987 0.146 0.012
0.962 0.997 0.000 0.997 0.949 1.000 0.001 0.000 0.000 0.000 0.000 0.009 0.000 0.000 0.000 0.000 0.000 0.000 0.005 0.000 0.117 0.003 0.000 0.000 0.000 0.000 0.000 0.000 0.000 0.000 0.563 0.998 0.974 0.987
0.263 0.956 0.997 0.000 0.991 1.000 0.000 0.000 0.000 0.000 0.000 0.008 0.000 0.000 0.000 0.000 0.000 0.000 0.000 0.000 0.775 0.071 0.458 0.004 0.000 0.000 0.000 0.000 0.000 0.000 0.000 0.000 0.040 0.747
0.010 0.004 0.949 0.991 0.000 0.991 0.963 0.000 0.000 0.000 0.000 0.000 0.000 0.000 0.000 0.000 0.000 0.000 0.000 0.943 0.983 0.978 0.972 0.139 0.000 0.000 0.000 0.000 0.000 0.000 0.000 0.000 0.000 0.007
0.009 0.982 1.000 1.000 0.991 0.000 0.998 0.911 0.000 0.000 0.000 0.000 0.000 0.000 0.000 0.000 0.000 0.003 0.984 0.992 0.992 0.948 0.147 0.481 0.000 0.927 0.935 0.959 0.000 0.016 0.000 0.994 0.298 0.790
0.001 0.977 0.001 0.000 0.963 0.998 0.000 0.987 0.993 0.000 0.000 0.000 0.000 0.000 0.000 0.000 0.000 0.764 0.993 0.991 0.940 0.943 0.000 0.000 0.000 0.000 0.000 0.000 0.000 0.000 0.000 0.351 0.000 0.000
0.000 0.981 0.000 0.000 0.000 0.911 0.987 0.000 0.991 0.732 0.000 0.000 0.000 0.000 0.000 0.000 0.808 0.915 0.989 0.925 0.000 0.000 0.000 0.000 0.000 0.000 0.000 0.000 0.000 0.000 0.152 0.006 0.000 0.000
0.000 0.000 0.000 0.000 0.000 0.000 0.993 0.991 0.000 0.976 0.837 0.075 0.000 0.000 0.000 0.780 0.954 0.998 0.965 0.993 0.000 0.830 0.000 0.000 0.012 0.000 0.165 0.000 0.004 0.000 0.000 0.000 0.000 0.000
0.000 0.000 0.000 0.000 0.000 0.000 0.000 0.732 0.976 0.000 0.981 0.956 0.022 0.064 0.932 0.943 0.987 0.988 0.000 0.000 0.000 0.000 0.002 0.000 0.000 0.000 0.000 0.000 0.131 0.000 0.000 0.000 0.000 0.000
0.000 0.000 0.000 0.000 0.000 0.000 0.000 0.000 0.837 0.981 0.000 0.976 0.958 0.980 0.960 0.991 0.949 0.977 0.000 0.000 0.000 0.000 0.000 0.000 0.000 0.000 0.000 0.000 0.952 0.000 0.000 0.000 0.000 0.000
0.003 0.003 0.009 0.008 0.000 0.000 0.000 0.000 0.075 0.956 0.976 0.000 0.990 0.935 0.934 0.237 0.000 0.521 0.000 0.000 0.000 0.001 0.015 0.010 0.000 0.000 0.000 0.000 0.008 0.000 0.000 0.001 0.023 0.020
0.003 0.000 0.000 0.000 0.000 0.000 0.000 0.000 0.000 0.022 0.958 0.990 0.000 0.992 0.961 0.078 0.000 0.000 0.000 0.000 0.000 0.004 0.040 0.009 0.001 0.000 0.000 0.000 0.130 0.000 0.000 0.000 0.009 0.008
0.003 0.000 0.000 0.000 0.000 0.000 0.000 0.000 0.000 0.064 0.980 0.935 0.992 0.000 0.996 0.994 0.000 0.005 0.000 0.000 0.000 0.007 0.053 0.015 0.002 0.000 0.000 0.000 0.717 0.000 0.000 0.000 0.000 0.000
0.000 0.000 0.000 0.000 0.000 0.000 0.000 0.000 0.000 0.932 0.960 0.934 0.961 0.996 0.000 0.986 0.892 0.000 0.000 0.000 0.000 0.001 0.055 0.009 0.001 0.000 0.000 0.000 0.007 0.000 0.000 0.000 0.000 0.000
0.000 0.000 0.000 0.000 0.000 0.000 0.000 0.000 0.780 0.943 0.991 0.237 0.078 0.994 0.986 0.000 0.996 0.939 0.003 0.000 0.000 0.009 0.021 0.001 0.003 0.000 0.000 0.000 0.985 0.101 0.001 0.000 0.000 0.000
0.000 0.002 0.000 0.000 0.000 0.000 0.000 0.808 0.954 0.987 0.949 0.000 0.000 0.000 0.892 0.996 0.000 0.984 0.950 0.000 0.000 0.000 0.000 0.000 0.000 0.000 0.000 0.086 0.987 0.017 0.120 0.000 0.000 0.000
0.000 0.000 0.000 0.000 0.000 0.003 0.764 0.915 0.998 0.988 0.977 0.521 0.000 0.005 0.000 0.939 0.984 0.000 0.992 0.940 0.000 0.000 0.000 0.000 0.000 0.021 0.964 0.972 0.985 0.364 0.000 0.000 0.000 0.000
0.001 0.999 0.005 0.000 0.000 0.984 0.993 0.989 0.965 0.000 0.000 0.000 0.000 0.000 0.000 0.003 0.950 0.992 0.000 0.990 0.878 0.000 0.000 0.000 0.000 0.880 0.980 0.996 0.961 0.960 0.977 0.982 0.000 0.000
0.000 0.261 0.000 0.000 0.943 0.992 0.991 0.925 0.993 0.000 0.000 0.000 0.000 0.000 0.000 0.000 0.000 0.940 0.990 0.000 1.000 0.998 0.013 0.000 0.990 0.991 0.965 0.882 0.000 0.000 0.000 0.256 0.000 0.000
0.000 0.000 0.117 0.775 0.983 0.992 0.940 0.000 0.000 0.000 0.000 0.000 0.000 0.000 0.000 0.000 0.000 0.000 0.878 1.000 0.000 0.998 1.000 0.983 0.984 0.984 0.916 0.101 0.000 0.000 0.000 0.104 0.000 0.385
0.000 0.002 0.003 0.071 0.978 0.948 0.943 0.000 0.830 0.000 0.000 0.001 0.004 0.007 0.001 0.009 0.000 0.000 0.000 0.998 0.998 0.000 0.999 0.966 0.984 0.266 0.000 0.000 0.000 0.000 0.000 0.000 0.000 0.000
0.000 0.000 0.000 0.458 0.972 0.147 0.000 0.000 0.000 0.002 0.000 0.015 0.040 0.053 0.055 0.021 0.000 0.000 0.000 0.013 1.000 0.999 0.000 0.999 0.990 0.172 0.000 0.000 0.000 0.000 0.000 0.000 0.000 0.002
0.000 0.000 0.000 0.004 0.139 0.481 0.000 0.000 0.000 0.000 0.000 0.010 0.009 0.015 0.009 0.001 0.000 0.000 0.000 0.000 0.983 0.966 0.999 0.000 0.995 0.998 0.002 0.000 0.000 0.000 0.000 0.000 0.000 0.007
0.000 0.000 0.000 0.000 0.000 0.000 0.000 0.000 0.012 0.000 0.000 0.000 0.001 0.002 0.001 0.003 0.000 0.000 0.000 0.990 0.984 0.984 0.990 0.995 0.000 0.995 0.931 0.000 0.000 0.000 0.000 0.000 0.000 0.000
0.000 0.000 0.000 0.000 0.000 0.927 0.000 0.000 0.000 0.000 0.000 0.000 0.000 0.000 0.000 0.000 0.000 0.021 0.880 0.991 0.984 0.266 0.172 0.998 0.995 0.000 0.985 0.845 0.000 0.000 0.000 0.000 0.000 0.000
0.000 0.000 0.000 0.000 0.000 0.935 0.000 0.000 0.165 0.000 0.000 0.000 0.000 0.000 0.000 0.000 0.000 0.964 0.980 0.965 0.916 0.000 0.000 0.002 0.931 0.985 0.000 0.991 0.720 0.000 0.000 0.000 0.000 0.000
0.000 0.000 0.000 0.000 0.000 0.959 0.000 0.000 0.000 0.000 0.000 0.000 0.000 0.000 0.000 0.000 0.086 0.972 0.996 0.882 0.101 0.000 0.000 0.000 0.000 0.845 0.991 0.000 0.951 0.993 0.963 0.960 0.783 0.057
0.001 0.000 0.000 0.000 0.000 0.000 0.000 0.000 0.004 0.131 0.952 0.008 0.130 0.717 0.007 0.985 0.987 0.985 0.961 0.000 0.000 0.000 0.000 0.000 0.000 0.000 0.720 0.951 0.000 0.975 0.865 0.004 0.000 0.000
0.000 0.000 0.000 0.000 0.000 0.016 0.000 0.000 0.000 0.000 0.000 0.000 0.000 0.000 0.000 0.101 0.017 0.364 0.960 0.000 0.000 0.000 0.000 0.000 0.000 0.000 0.000 0.993 0.975 0.000 0.988 0.877 0.029 0.000
0.632 0.947 0.563 0.000 0.000 0.000 0.000 0.152 0.000 0.000 0.000 0.000 0.000 0.000 0.000 0.001 0.120 0.000 0.977 0.000 0.000 0.000 0.000 0.000 0.000 0.000 0.000 0.963 0.865 0.988 0.000 0.985 0.964 0.009
0.041 0.987 0.998 0.000 0.000 0.994 0.351 0.006 0.000 0.000 0.000 0.001 0.000 0.000 0.000 0.000 0.000 0.000 0.982 0.256 0.104 0.000 0.000 0.000 0.000 0.000 0.000 0.960 0.004 0.877 0.985 0.000 0.998 0.992
0.042 0.146 0.974 0.040 0.000 0.298 0.000 0.000 0.000 0.000 0.000 0.023 0.009 0.000 0.000 0.000 0.000 0.000 0.000 0.000 0.000 0.000 0.000 0.000 0.000 0.000 0.000 0.783 0.000 0.029 0.964 0.998 0.000 0.990
0.022 0.012 0.987 0.747 0.007 0.790 0.000 0.000 0.000 0.000 0.000 0.020 0.008 0.000 0.000 0.000 0.000 0.000 0.000 0.000 0.385 0.000 0.002 0.007 0.000 0.000 0.000 0.057 0.000 0.000 0.009 0.992 0.990 0.000
