0.000 0.999 0.995 0.972 0.552 0.272 0.029 0.000 0.001 0.007 0.162 0.000 0.000 0.002 0.000 0.008 0.020 0.000 0.011 0.054 0.000 0.209 0.000 0.000 0.000 0.000 0.000 0.000 0.000 0.000 0.000 0.003 0.002 0.574 0.208 0.222 0.417
0.999 0.000 0.993 0.998 0.326 0.013 0.000 0.000 0.064 0.169 0.250 0.007 0.012 0.000 0.000 0.001 0.001 0.000 0.004 0.038 0.000 0.213 0.000 0.000 0.006 0.000 0.000 0.000 0.000 0.000 0.000 0.000 0.000 0.702 0.023 0.129 0.158
0.995 0.993 0.000 1.000 0.940 0.000 0.000 0.000 0.001 0.015 0.065 0.000 0.000 0.000 0.003 0.010 0.012 0.000 0.016 0.014 0.000 0.087 0.000 0.000 0.000 0.000 0.000 0.000 0.000 0.000 0.000 0.000 0.000 0.650 0.010 0.012 0.000
0.972 0.998 1.000 0.000 0.991 0.950 0.046 0.000 0.000 0.000 0.000 0.000 0.000 0.000 0.008 0.093 0.087 0.008 0.006 0.000 0.000 0.001 0.000 0.000 0.000 0.000 0.000 0.000 0.000 0.000 0.000 0.000 0.000 0.878 0.167 0.150 0.305
0.552 0.326 0.940 0.991 0.000 1.000 0.908 0.003 1.000 0.996 0.985 0.000 0.000 0.000 0.000 0.000 0.000 0.000 0.000 0.002 0.000 0.981 0.274 0.000 0.001 0.000 0.000 0.000 0.000 0.000 0.000 0.000 0.000 0.995 0.990 0.312 0.224
0.272 0.013 0.000 0.950 1.000 0.000 0.975 0.948 1.000 0.001 0.000 0.000 0.000 0.000 0.000 0.000 0.000 0.000 0.000 0.000 0.000 0.004 0.000 0.159 0.001 0.000 0.000 0.000 0.000 0.000 0.000 0.000 0.000 0.597 0.995 0.987 0.980
0.029 0.000 0.000 0.046 0.908 0.975 0.000 0.999 0.949 0.000 0.000 0.000 0.000 0.000 0.000 0.020 0.018 0.000 0.005 0.000 0.000 0.000 0.000 0.719 0.044 0.547 0.007 0.000 0.000 0.000 0.000 0.000 0.000 0.000 0.000 0.008 0.424
0.000 0.000 0.000 0.000 0.003 0.948 0.999 0.000 0.969 0.888 0.000 0.000 0.000 0.000 0.000 0.000 0.000 0.000 0.000 0.000 0.000 0.000 0.885 0.958 0.999 0.940 0.133 0.000 0.000 0.000 0.000 0.000 0.000 0.000 0.000 0.000 0.000
0.001 0.064 0.001 0.000 1.000 1.000 0.949 0.969 0.000 1.000 0.973 0.000 0.000 0.000 0.000 0.000 0.000 0.000 0.000 0.000 0.013 1.000 1.000 1.000 0.936 0.133 0.473 0.000 0.961 0.955 0.996 0.000 0.021 0.001 1.000 0.174 0.029
0.007 0.169 0.015 0.000 0.996 0.001 0.000 0.888 1.000 0.000 1.000 0.986 0.000 0.000 0.000 0.000 0.000 0.000 0.000 0.000 0.937 0.993 0.985 0.889 0.948 0.000 0.000 0.000 0.000 0.000 0.000 0.000 0.000 0.000 0.263 0.000 0.000
0.162 0.250 0.065 0.000 0.985 0.000 0.000 0.000 0.973 1.000 0.000 0.984 0.917 0.000 0.000 0.000 0.000 0.000 0.000 0.914 0.948 0.994 0.971 0.000 0.000 0.000 0.000 0.000 0.000 0.000 0.000 0.000 0.000 0.426 0.002 0.000 0.000
0.000 0.007 0.000 0.000 0.000 0.000 0.000 0.000 0.000 0.986 0.984 0.000 1.000 0.892 0.071 0.000 0.000 0.000 0.926 0.996 0.997 0.996 1.000 0.000 0.721 0.000 0.000 0.018 0.000 0.142 0.000 0.003 0.000 0.000 0.000 0.000 0.000
0.000 0.012 0.000 0.000 0.000 0.000 0.000 0.000 0.000 0.000 0.917 1.000 0.000 0.987 0.964 0.024 0.070 0.968 0.971 0.977 0.983 0.000 0.000 0.000 0.000 0.000 0.000 0.000 0.000 0.000 0.000 0.092 0.000 0.000 0.000 0.000 0.000
0.002 0.000 0.000 0.000 0.000 0.000 0.000 0.000 0.000 0.000 0.000 0.892 0.987 0.000 0.963 0.980 0.983 0.996 0.980 0.903 0.981 0.000 0.000 0.000 0.000 0.000 0.000 0.000 0.000 0.000 0.000 0.902 0.000 0.000 0.000 0.000 0.000
0.000 0.000 0.003 0.008 0.000 0.000 0.000 0.000 0.000 0.000 0.000 0.071 0.964 0.963 0.000 0.975 0.901 0.934 0.174 0.000 0.488 0.000 0.000 0.000 0.000 0.000 0.000 0.000 0.000 0.000 0.000 0.026 0.000 0.000 0.000 0.000 0.000
0.008 0.001 0.010 0.093 0.000 0.000 0.020 0.000 0.000 0.000 0.000 0.000 0.024 0.980 0.975 0.000 0.989 0.937 0.052 0.000 0.000 0.000 0.000 0.000 0.000 0.001 0.000 0.000 0.000 0.000 0.000 0.086 0.000 0.000 0.000 0.000 0.000
0.020 0.001 0.012 0.087 0.000 0.000 0.018 0.000 0.000 0.000 0.000 0.000 0.070 0.983 0.901 0.989 0.000 0.981 0.992 0.001 0.036 0.000 0.000 0.000 0.000 0.001 0.000 0.000 0.000 0.000 0.000 0.779 0.000 0.000 0.000 0.000 0.000
0.000 0.000 0.000 0.008 0.000 0.000 0.000 0.000 0.000 0.000 0.000 0.000 0.968 0.996 0.934 0.937 0.981 0.000 0.994 0.930 0.001 0.000 0.000 0.000 0.000 0.000 0.000 0.000 0.000 0.000 0.000 0.008 0.000 0.000 0.000 0.000 0.000
0.011 0.004 0.016 0.006 0.000 0.000 0.005 0.000 0.000 0.000 0.000 0.926 0.971 0.980 0.174 0.052 0.992 0.994 0.000 0.982 0.988 0.002 0.000 0.000 0.011 0.011 0.000 0.000 0.000 0.000 0.000 0.979 0.030 0.001 0.000 0.000 0.000
0.054 0.038 0.014 0.000 0.002 0.000 0.000 0.000 0.000 0.000 0.914 0.996 0.977 0.903 0.000 0.000 0.001 0.930 0.982 0.000 1.000 1.000 0.000 0.000 0.000 0.000 0.000 0.000 0.000 0.000 0.090 0.971 0.026 0.194 0.000 0.000 0.000
0.000 0.000 0.000 0.000 0.000 0.000 0.000 0.000 0.013 0.937 0.948 0.997 0.983 0.981 0.488 0.000 0.036 0.001 0.988 1.000 0.000 1.000 1.000 0.001 0.000 0.000 0.000 0.000 0.025 0.964 0.992 0.999 0.420 0.000 0.000 0.000 0.000
0.209 0.213 0.087 0.001 0.981 0.004 0.000 0.000 1.000 0.993 0.994 0.996 0.000 0.000 0.000 0.000 0.000 0.000 0.002 1.000 1.000 0.000 1.000 0.913 0.000 0.000 0.000 0.000 0.888 0.947 0.988 0.983 0.991 1.000 0.999 0.000 0.000
0.000 0.000 0.000 0.000 0.274 0.000 0.000 0.885 1.000 0.985 0.971 1.000 0.000 0.000 0.000 0.000 0.000 0.000 0.000 0.000 1.000 1.000 0.000 0.998 0.987 0.012 0.002 0.943 0.977 0.986 0.952 0.000 0.000 0.000 0.203 0.000 0.000
0.000 0.000 0.000 0.000 0.000 0.159 0.719 0.958 1.000 0.889 0.000 0.000 0.000 0.000 0.000 0.000 0.000 0.000 0.000 0.000 0.001 0.913 0.998 0.000 0.991 0.960 0.980 0.954 0.958 0.901 0.091 0.000 0.000 0.000 0.056 0.000 0.000
0.000 0.006 0.000 0.000 0.001 0.001 0.044 0.999 0.936 0.948 0.000 0.721 0.000 0.000 0.000 0.000 0.000 0.000 0.011 0.000 0.000 0.000 0.987 0.991 0.000 0.996 0.951 0.946 0.233 0.000 0.000 0.000 0.000 0.000 0.000 0.000 0.000
0.000 0.000 0.000 0.000 0.000 0.000 0.547 0.940 0.133 0.000 0.000 0.000 0.000 0.000 0.000 0.001 0.001 0.000 0.011 0.000 0.000 0.000 0.012 0.960 0.996 0.000 0.995 0.967 0.137 0.000 0.000 0.000 0.000 0.000 0.000 0.000 0.000
0.000 0.000 0.000 0.000 0.000 0.000 0.007 0.133 0.473 0.000 0.000 0.000 0.000 0.000 0.000 0.000 0.000 0.000 0.000 0.000 0.000 0.000 0.002 0.980 0.951 0.995 0.000 0.997 0.967 0.003 0.002 0.000 0.000 0.000 0.000 0.000 0.000
0.000 0.000 0.000 0.000 0.000 0.000 0.000 0.000 0.000 0.000 0.000 0.018 0.000 0.000 0.000 0.000 0.000 0.000 0.000 0.000 0.000 0.000 0.943 0.954 0.946 0.967 0.997 0.000 0.980 0.891 0.000 0.000 0.000 0.000 0.000 0.000 0.000
0.000 0.000 0.000 0.000 0.000 0.000 0.000 0.000 0.961 0.000 0.000 0.000 0.000 0.000 0.000 0.000 0.000 0.000 0.000 0.000 0.025 0.888 0.977 0.958 0.233 0.137 0.967 0.980 0.000 0.989 0.958 0.000 0.000 0.000 0.000 0.000 0.000
0.000 0.000 0.000 0.000 0.000 0.000 0.000 0.000 0.955 0.000 0.000 0.142 0.000 0.000 0.000 0.000 0.000 0.000 0.000 0.000 0.964 0.947 0.986 0.901 0.000 0.000 0.003 0.891 0.989 0.000 1.000 0.966 0.000 0.000 0.000 0.000 0.000
0.000 0.000 0.000 0.000 0.000 0.000 0.000 0.000 0.996 0.000 0.000 0.000 0.000 0.000 0.000 0.000 0.000 0.000 0.000 0.090 0.992 0.988 0.952 0.091 0.000 0.000 0.002 0.000 0.958 1.000 0.000 0.999 1.000 0.935 0.950 0.693 0.000
0.003 0.000 0.000 0.000 0.000 0.000 0.000 0.000 0.000 0.000 0.000 0.003 0.092 0.902 0.026 0.086 0.779 0.008 0.979 0.971 0.999 0.983 0.000 0.000 0.000 0.000 0.000 0.000 0.000 0.966 0.999 0.000 0.999 0.949 0.011 0.000 0.000
0.002 0.000 0.000 0.000 0.000 0.000 0.000 0.000 0.021 0.000 0.000 0.000 0.000 0.000 0.000 0.000 0.000 0.000 0.030 0.026 0.420 0.991 0.000 0.000 0.000 0.000 0.000 0.000 0.000 0.000 1.000 0.999 0.000 0.987 0.968 0.042 0.000
0.574 0.702 0.650 0.878 0.995 0.597 0.000 0.000 0.001 0.000 0.426 0.000 0.000 0.000 0.000 0.000 0.000 0.000 0.001 0.194 0.000 1.000 0.000 0.000 0.000 0.000 0.000 0.000 0.000 0.000 0.935 0.949 0.987 0.000 1.000 0.983 0.127
0.208 0.023 0.010 0.167 0.990 0.995 0.000 0.000 1.000 0.263 0.002 0.000 0.000 0.000 0.000 0.000 0.000 0.000 0.000 0.000 0.000 0.999 0.203 0.056 0.000 0.000 0.000 0.000 0.000 0.000 0.950 0.011 0.968 1.000 0.000 0.999 0.956
0.222 0.129 0.012 0.150 0.312 0.987 0.008 0.000 0.174 0.000 0.000 0.000 0.000 0.000 0.000 0.000 0.000 0.000 0.000 0.000 0.000 0.000 0.000 0.000 0.000 0.000 0.000 0.000 0.000 0.000 0.693 0.000 0.042 0.983 0.999 0.000 0.982
0.417 0.158 0.000 0.305 0.224 0.980 0.424 0.000 0.029 0.000 0.000 0.000 0.000 0.000 0.000 0.000 0.000 0.000 0.000 0.000 0.000 0.000 0.000 0.000 0.000 0.000 0.000 0.000 0.000 0.000 0.000 0.000 0.000 0.127 0.956 0.982 0.000
