0.000 0.987 0.957 0.189 0.008 0.006 0.000 0.012 0.000 0.000 0.000 0.003 0.000 0.000 0.000 0.000 0.000 0.000 0.000 0.000 0.000 0.000 0.000 0.000 0.000 0.000 0.000 0.000 0.624 0.135 0.209 0.173
0.987 0.000 1.000 0.939 0.006 1.000 0.985 0.990 0.001 0.000 0.000 0.000 0.000 0.000 0.000 0.000 0.977 0.165 0.000 0.000 0.000 0.000 0.000 0.000 0.000 0.000 0.000 0.000 0.969 0.987 0.459 0.134
0.957 1.000 0.000 0.975 0.962 0.993 0.000 0.000 0.000 0.000 0.000 0.000 0.000 0.000 0.000 0.000 0.005 0.000 0.303 0.001 0.000 0.000 0.000 0.000 0.000 0.000 0.000 0.000 0.463 0.976 0.986 0.208
0.189 0.939 0.975 0.000 0.991 0.955 0.000 0.000 0.000 0.000 0.000 0.000 0.000 0.000 0.000 0.000 0.000 0.000 0.922 0.052 0.546 0.026 0.000 0.000 0.000 0.000 0.000 0.000 0.000 0.000 0.025 0.070
0.008 0.006 0.962 0.991 0.000 0.988 0.955 0.000 0.000 0.000 0.000 0.000 0.000 0.000 0.000 0.000 0.000 0.940 0.992 0.978 0.972 0.307 0.000 0.000 0.000 0.000 0.000 0.000 0.000 0.000 0.000 0.000
0.006 1.000 0.993 0.955 0.988 0.000 0.997 0.982 0.000 0.000 0.000 0.000 0.000 0.000 0.000 0.017 0.996 0.998 1.000 0.943 0.174 0.566 0.000 0.963 0.954 0.976 0.000 0.005 0.000 0.998 0.115 0.006
0.000 0.985 0.000 0.000 0.955 0.997 0.000 1.000 0.990 0.000 0.000 0.000 0.000 0.000 0.000 0.851 0.954 1.000 0.993 0.944 0.000 0.000 0.000 0.000 0.000 0.000 0.000 0.000 0.000 0.296 0.000 0.000
0.012 0.990 0.000 0.000 0.000 0.982 1.000 0.000 0.999 0.935 0.000 0.000 0.000 0.000 0.972 0.982 0.999 0.990 0.000 0.000 0.000 0.000 0.000 0.000 0.000 0.000 0.000 0.000 0.466 0.003 0.000 0.000
0.000 0.001 0.000 0.000 0.000 0.000 0.990 0.999 0.000 0.999 0.975 0.000 0.000 0.972 0.988 0.999 0.981 0.997 0.001 0.675 0.000 0.000 0.010 0.000 0.061 0.000 0.001 0.000 0.000 0.000 0.000 0.000
0.000 0.000 0.000 0.000 0.000 0.000 0.000 0.935 0.999 0.000 1.000 0.969 0.973 0.999 0.996 0.999 0.000 0.000 0.000 0.000 0.000 0.000 0.000 0.000 0.000 0.000 0.193 0.000 0.000 0.000 0.000 0.000
0.000 0.000 0.000 0.000 0.000 0.000 0.000 0.000 0.975 1.000 0.000 0.981 0.975 0.998 0.983 1.000 0.001 0.000 0.000 0.000 0.000 0.000 0.000 0.000 0.000 0.000 0.915 0.000 0.000 0.000 0.000 0.000
0.003 0.000 0.000 0.000 0.000 0.000 0.000 0.000 0.000 0.969 0.981 0.000 0.994 0.982 0.000 0.007 0.000 0.000 0.000 0.000 0.000 0.000 0.000 0.000 0.000 0.000 0.608 0.000 0.000 0.000 0.000 0.000
0.000 0.000 0.000 0.000 0.000 0.000 0.000 0.000 0.000 0.973 0.975 0.994 0.000 0.988 0.953 0.000 0.000 0.000 0.000 0.000 0.000 0.000 0.000 0.000 0.000 0.000 0.007 0.000 0.000 0.000 0.000 0.000
0.000 0.000 0.000 0.000 0.000 0.000 0.000 0.000 0.972 0.999 0.998 0.982 0.988 0.000 0.996 0.999 0.005 0.000 0.000 0.000 0.000 0.000 0.000 0.000 0.000 0.000 0.984 0.104 0.000 0.000 0.000 0.000
0.000 0.000 0.000 0.000 0.000 0.000 0.000 0.972 0.988 0.996 0.983 0.000 0.953 0.996 0.000 1.000 0.984 0.000 0.000 0.000 0.000 0.000 0.000 0.000 0.000 0.123 1.000 0.085 0.096 0.000 0.000 0.000
0.000 0.000 0.000 0.000 0.000 0.017 0.851 0.982 0.999 0.999 1.000 0.007 0.000 0.999 1.000 0.000 0.989 0.968 0.002 0.000 0.000 0.000 0.000 0.069 0.988 0.985 1.000 0.448 0.000 0.000 0.000 0.000
0.000 0.977 0.005 0.000 0.000 0.996 0.954 0.999 0.981 0.000 0.001 0.000 0.000 0.005 0.984 0.989 0.000 0.979 0.880 0.000 0.000 0.000 0.000 0.907 0.988 1.000 0.993 0.997 0.995 0.992 0.000 0.000
0.000 0.165 0.000 0.000 0.940 0.998 1.000 0.990 0.997 0.000 0.000 0.000 0.000 0.000 0.000 0.968 0.979 0.000 0.996 0.980 0.018 0.001 0.972 0.993 0.981 0.927 0.000 0.000 0.000 0.186 0.000 0.000
0.000 0.000 0.303 0.922 0.992 1.000 0.993 0.000 0.001 0.000 0.000 0.000 0.000 0.000 0.000 0.002 0.880 0.996 0.000 0.999 0.979 0.978 0.921 0.989 0.900 0.027 0.000 0.000 0.000 0.046 0.000 0.000
0.000 0.000 0.001 0.052 0.978 0.943 0.944 0.000 0.675 0.000 0.000 0.000 0.000 0.000 0.000 0.000 0.000 0.980 0.999 0.000 0.995 0.961 0.956 0.255 0.000 0.000 0.000 0.000 0.000 0.000 0.000 0.000
0.000 0.000 0.000 0.546 0.972 0.174 0.000 0.000 0.000 0.000 0.000 0.000 0.000 0.000 0.000 0.000 0.000 0.018 0.979 0.995 0.000 0.998 0.972 0.144 0.000 0.000 0.000 0.000 0.000 0.000 0.000 0.000
0.000 0.000 0.000 0.026 0.307 0.566 0.000 0.000 0.000 0.000 0.000 0.000 0.000 0.000 0.000 0.000 0.000 0.001 0.978 0.961 0.998 0.000 0.986 0.970 0.001 0.000 0.000 0.000 0.000 0.000 0.000 0.000
0.000 0.000 0.000 0.000 0.000 0.000 0.000 0.000 0.010 0.000 0.000 0.000 0.000 0.000 0.000 0.000 0.000 0.972 0.921 0.956 0.972 0.986 0.000 0.965 0.846 0.000 0.000 0.000 0.000 0.000 0.000 0.000
0.000 0.000 0.000 0.000 0.000 0.963 0.000 0.000 0.000 0.000 0.000 0.000 0.000 0.000 0.000 0.069 0.907 0.993 0.989 0.255 0.144 0.970 0.965 0.000 0.982 0.906 0.000 0.000 0.000 0.000 0.000 0.000
0.000 0.000 0.000 0.000 0.000 0.954 0.000 0.000 0.061 0.000 0.000 0.000 0.000 0.000 0.000 0.988 0.988 0.981 0.900 0.000 0.000 0.001 0.846 0.982 0.000 0.992 0.969 0.000 0.000 0.000 0.000 0.000
0.000 0.000 0.000 0.000 0.000 0.976 0.000 0.000 0.000 0.000 0.000 0.000 0.000 0.000 0.123 0.985 1.000 0.927 0.027 0.000 0.000 0.000 0.000 0.906 0.992 0.000 0.998 1.000 0.998 0.993 0.845 0.165
0.000 0.000 0.000 0.000 0.000 0.000 0.000 0.000 0.001 0.193 0.915 0.608 0.007 0.984 1.000 1.000 0.993 0.000 0.000 0.000 0.000 0.000 0.000 0.000 0.969 0.998 0.000 0.997 0.951 0.013 0.000 0.000
0.000 0.000 0.000 0.000 0.000 0.005 0.000 0.000 0.000 0.000 0.000 0.000 0.000 0.104 0.085 0.448 0.997 0.000 0.000 0.000 0.000 0.000 0.000 0.000 0.000 1.000 0.997 0.000 1.000 0.982 0.026 0.151
0.624 0.969 0.463 0.000 0.000 0.000 0.000 0.466 0.000 0.000 0.000 0.000 0.000 0.000 0.096 0.000 0.995 0.000 0.000 0.000 0.000 0.000 0.000 0.000 0.000 0.998 0.951 1.000 0.000 1.000 0.984 0.856
0.135 0.987 0.976 0.000 0.000 0.998 0.296 0.003 0.000 0.000 0.000 0.000 0.000 0.000 0.000 0.000 0.992 0.186 0.046 0.000 0.000 0.000 0.000 0.000 0.000 0.993 0.013 0.982 1.000 0.000 0.998 0.986
0.209 0.459 0.986 0.025 0.000 0.115 0.000 0.000 0.000 0.000 0.000 0.000 0.000 0.000 0.000 0.000 0.000 0.000 0.000 0.000 0.000 0.000 0.000 0.000 0.000 0.845 0.000 0.026 0.984 0.998 0.000 0.995
0.173 0.134 0.208 0.070 0.000 0.006 0.000 0.000 0.000 0.000 0.000 0.000 0.000 0.000 0.000 0.000 0.000 0.000 0.000 0.000 0.000 0.000 0.000 0.000 0.000 0.165 0.000 0.151 0.856 0.986 0.995 0.000
