0.000 0.999 0.963 0.507 0.005 0.000 0.000 0.000 0.000 0.000 0.000 0.000 0.000 0.000 0.001 0.000 0.087 0.719 0.368 0.034 0.000 0.018 0.000 0.000 0.000 0.000 0.049 0.051
0.999 0.000 0.992 0.929 0.000 0.000 0.000 0.000 0.000 0.000 0.000 0.000 0.000 0.000 0.000 0.862 0.939 0.946 0.969 0.198 0.000 0.000 0.000 0.000 0.000 0.000 0.026 0.009
0.963 0.992 0.000 0.997 0.917 0.000 0.000 0.000 0.000 0.000 0.000 0.000 0.000 0.004 0.984 0.996 0.995 0.907 0.088 0.285 0.000 0.834 0.817 0.979 0.000 0.230 0.577 0.902
0.507 0.929 0.997 0.000 0.987 0.976 0.000 0.000 0.000 0.000 0.000 0.000 0.000 0.744 0.933 0.988 0.943 0.968 0.000 0.000 0.000 0.000 0.000 0.000 0.000 0.000 0.096 0.083
0.005 0.000 0.917 0.987 0.000 0.966 0.944 0.000 0.000 0.000 0.000 0.000 0.965 0.932 0.996 0.906 0.000 0.000 0.000 0.000 0.000 0.000 0.000 0.000 0.000 0.000 0.301 0.029
0.000 0.000 0.000 0.976 0.966 0.000 0.996 0.935 0.001 0.000 0.000 0.891 0.938 1.000 0.989 0.984 0.000 0.330 0.000 0.000 0.017 0.002 0.413 0.000 0.000 0.000 0.000 0.000
0.000 0.000 0.000 0.000 0.944 0.996 0.000 0.998 0.944 0.037 0.982 0.980 0.993 1.000 0.003 0.000 0.000 0.000 0.000 0.000 0.000 0.000 0.000 0.000 0.008 0.000 0.000 0.000
0.000 0.000 0.000 0.000 0.000 0.935 0.998 0.000 0.998 0.972 0.990 0.996 0.968 0.981 0.000 0.000 0.000 0.000 0.000 0.000 0.000 0.000 0.000 0.000 0.886 0.000 0.000 0.000
0.000 0.000 0.000 0.000 0.000 0.001 0.944 0.998 0.000 0.984 0.977 0.558 0.000 0.092 0.000 0.000 0.000 0.000 0.010 0.000 0.000 0.000 0.000 0.000 0.000 0.000 0.000 0.000
0.000 0.000 0.000 0.000 0.000 0.000 0.037 0.972 0.984 0.000 0.988 0.989 0.000 0.000 0.000 0.000 0.000 0.000 0.052 0.000 0.000 0.000 0.000 0.000 0.054 0.000 0.000 0.000
0.000 0.000 0.000 0.000 0.000 0.000 0.982 0.990 0.977 0.988 0.000 0.996 0.962 0.000 0.000 0.000 0.000 0.000 0.003 0.000 0.000 0.000 0.000 0.000 0.000 0.000 0.000 0.000
0.000 0.000 0.000 0.000 0.000 0.891 0.980 0.996 0.558 0.989 0.996 0.000 0.998 0.970 0.000 0.000 0.000 0.000 0.000 0.000 0.000 0.000 0.000 0.000 0.901 0.014 0.000 0.000
0.000 0.000 0.000 0.000 0.965 0.938 0.993 0.968 0.000 0.000 0.962 0.998 0.000 0.995 0.983 0.000 0.000 0.000 0.000 0.000 0.000 0.000 0.000 0.059 0.977 0.007 0.034 0.000
0.000 0.000 0.004 0.744 0.932 1.000 1.000 0.981 0.092 0.000 0.000 0.970 0.995 0.000 0.996 0.938 0.000 0.000 0.000 0.000 0.000 0.019 0.968 0.987 0.990 0.349 0.001 0.000
0.001 0.000 0.984 0.933 0.996 0.989 0.003 0.000 0.000 0.000 0.000 0.000 0.983 0.996 0.000 0.950 0.827 0.000 0.000 0.000 0.000 0.813 0.964 0.991 0.979 0.950 0.990 0.442
0.000 0.862 0.996 0.988 0.906 0.984 0.000 0.000 0.000 0.000 0.000 0.000 0.000 0.938 0.950 0.000 0.999 0.993 0.007 0.002 0.989 0.979 0.971 0.877 0.000 0.000 0.029 0.041
0.087 0.939 0.995 0.943 0.000 0.000 0.000 0.000 0.000 0.000 0.000 0.000 0.000 0.000 0.827 0.999 0.000 0.997 0.999 0.974 0.986 0.982 0.909 0.428 0.000 0.000 0.031 0.115
0.719 0.946 0.907 0.968 0.000 0.330 0.000 0.000 0.000 0.000 0.000 0.000 0.000 0.000 0.000 0.993 0.997 0.000 0.997 0.944 0.967 0.296 0.000 0.000 0.000 0.000 0.000 0.000
0.368 0.969 0.088 0.000 0.000 0.000 0.000 0.000 0.010 0.052 0.003 0.000 0.000 0.000 0.000 0.007 0.999 0.997 0.000 0.998 0.993 0.120 0.000 0.000 0.000 0.000 0.000 0.000
0.034 0.198 0.285 0.000 0.000 0.000 0.000 0.000 0.000 0.000 0.000 0.000 0.000 0.000 0.000 0.002 0.974 0.944 0.998 0.000 0.999 0.993 0.005 0.002 0.000 0.000 0.000 0.001
0.000 0.000 0.000 0.000 0.000 0.017 0.000 0.000 0.000 0.000 0.000 0.000 0.000 0.000 0.000 0.989 0.986 0.967 0.993 0.999 0.000 0.989 0.879 0.000 0.000 0.000 0.000 0.000
0.018 0.000 0.834 0.000 0.000 0.002 0.000 0.000 0.000 0.000 0.000 0.000 0.000 0.019 0.813 0.979 0.982 0.296 0.120 0.993 0.989 0.000 0.985 0.865 0.000 0.000 0.000 0.008
0.000 0.000 0.817 0.000 0.000 0.413 0.000 0.000 0.000 0.000 0.000 0.000 0.000 0.968 0.964 0.971 0.909 0.000 0.000 0.005 0.879 0.985 0.000 0.989 0.819 0.000 0.000 0.000
0.000 0.000 0.979 0.000 0.000 0.000 0.000 0.000 0.000 0.000 0.000 0.000 0.059 0.987 0.991 0.877 0.428 0.000 0.000 0.002 0.000 0.865 0.989 0.000 0.978 0.960 0.837 0.810
0.000 0.000 0.000 0.000 0.000 0.000 0.008 0.886 0.000 0.054 0.000 0.901 0.977 0.990 0.979 0.000 0.000 0.000 0.000 0.000 0.000 0.000 0.819 0.978 0.000 0.997 0.850 0.004
0.000 0.000 0.230 0.000 0.000 0.000 0.000 0.000 0.000 0.000 0.000 0.014 0.007 0.349 0.950 0.000 0.000 0.000 0.000 0.000 0.000 0.000 0.000 0.960 0.997 0.000 0.979 0.911
0.049 0.026 0.577 0.096 0.301 0.000 0.000 0.000 0.000 0.000 0.000 0.000 0.034 0.001 0.990 0.029 0.031 0.000 0.000 0.000 0.000 0.000 0.000 0.837 0.850 0.979 0.000 0.994
0.051 0.009 0.902 0.083 0.029 0.000 0.000 0.000 0.000 0.000 0.000 0.000 0.000 0.000 0.442 0.041 0.115 0.000 0.000 0.001 0.000 0.008 0.000 0.810 0.004 0.911 0.994 0.000
