0.000 1.000 1.000 0.216 0.009 0.007 0.009 0.023 0.000 0.000 0.000 0.000 0.000 0.000 0.002 0.000 0.000 0.005 0.000 0.000 0.000 0.000 0.000 0.000 0.000 0.000 0.000 0.000 0.000 0.478 0.081 0.059 0.018
1.000 0.000 1.000 1.000 0.007 1.000 0.994 0.997 0.000 0.000 0.000 0.000 0.000 0.000 0.000 0.000 0.000 1.000 0.199 0.000 0.001 0.000 0.000 0.000 0.000 0.000 0.000 0.000 0.000 0.973 0.999 0.169 0.010
1.000 1.000 0.000 1.000 1.000 1.000 0.000 0.000 0.000 0.000 0.000 0.000 0.000 0.000 0.000 0.000 0.000 0.006 0.000 0.217 0.001 0.000 0.000 0.000 0.000 0.000 0.000 0.000 0.000 0.516 1.000 0.991 0.988
0.216 1.000 1.000 0.000 1.000 1.000 0.000 0.000 0.000 0.000 0.000 0.000 0.000 0.000 0.001 0.000 0.000 0.000 0.000 0.899 0.031 0.653 0.011 0.000 0.000 0.000 0.000 0.000 0.000 0.000 0.000 0.035 0.743
0.009 0.007 1.000 1.000 0.000 1.000 1.000 0.000 0.000 0.000 0.000 0.000 0.000 0.000 0.000 0.000 0.000 0.000 1.000 1.000 1.000 0.993 0.239 0.000 0.000 0.000 0.000 0.000 0.000 0.000 0.000 0.000 0.006
0.007 1.000 1.000 1.000 1.000 0.000 1.000 1.000 0.000 0.000 0.000 0.000 0.000 0.000 0.000 0.000 0.021 1.000 1.000 1.000 0.993 0.178 0.674 0.000 0.999 0.999 1.000 0.000 0.009 0.001 1.000 0.339 0.813
0.009 0.994 0.000 0.000 1.000 1.000 0.000 1.000 0.999 0.000 0.000 0.000 0.000 0.000 0.000 0.000 1.000 1.000 1.000 1.000 0.990 0.000 0.000 0.000 0.000 0.000 0.000 0.000 0.000 0.000 0.442 0.000 0.000
0.023 0.997 0.000 0.000 0.000 1.000 1.000 0.000 1.000 0.960 0.000 0.000 0.000 0.000 0.000 0.995 1.000 1.000 1.000 0.000 0.000 0.000 0.000 0.000 0.000 0.000 0.000 0.001 0.000 0.316 0.003 0.000 0.000
0.000 0.000 0.000 0.000 0.000 0.000 0.999 1.000 0.000 0.986 0.871 0.001 0.000 0.000 0.866 0.995 1.000 0.997 0.998 0.000 0.816 0.000 0.000 0.009 0.000 0.144 0.000 0.000 0.000 0.000 0.000 0.000 0.000
0.000 0.000 0.000 0.000 0.000 0.000 0.000 0.960 0.986 0.000 0.994 0.865 0.044 0.918 0.985 0.993 0.999 0.000 0.000 0.000 0.000 0.000 0.000 0.000 0.000 0.000 0.000 0.108 0.000 0.000 0.000 0.000 0.000
0.000 0.000 0.000 0.000 0.000 0.000 0.000 0.000 0.871 0.994 0.000 0.996 0.955 0.963 1.000 0.958 0.918 0.000 0.000 0.000 0.000 0.000 0.000 0.000 0.000 0.000 0.000 0.964 0.000 0.000 0.000 0.000 0.000
0.000 0.000 0.000 0.000 0.000 0.000 0.000 0.000 0.001 0.865 0.996 0.000 0.997 0.985 0.859 0.000 0.347 0.000 0.000 0.000 0.000 0.000 0.000 0.000 0.000 0.000 0.000 0.061 0.000 0.000 0.000 0.001 0.000
0.000 0.000 0.000 0.000 0.000 0.000 0.000 0.000 0.000 0.044 0.955 0.997 0.000 0.986 0.989 0.000 0.000 0.000 0.000 0.000 0.000 0.000 0.000 0.000 0.000 0.000 0.000 0.469 0.000 0.000 0.000 0.000 0.000
0.000 0.000 0.000 0.000 0.000 0.000 0.000 0.000 0.000 0.918 0.963 0.985 0.986 0.000 0.990 0.840 0.000 0.000 0.000 0.000 0.000 0.000 0.000 0.000 0.000 0.000 0.000 0.000 0.000 0.000 0.000 0.000 0.000
0.002 0.000 0.000 0.001 0.000 0.000 0.000 0.000 0.866 0.985 1.000 0.859 0.989 0.990 0.000 0.994 0.910 0.001 0.000 0.000 0.000 0.006 0.000 0.000 0.000 0.000 0.000 0.983 0.086 0.000 0.000 0.000 0.000
0.000 0.000 0.000 0.000 0.000 0.000 0.000 0.995 0.995 0.993 0.958 0.000 0.000 0.840 0.994 0.000 0.999 0.984 0.000 0.000 0.000 0.000 0.000 0.000 0.000 0.000 0.096 0.999 0.033 0.078 0.000 0.000 0.000
0.000 0.000 0.000 0.000 0.000 0.021 1.000 1.000 1.000 0.999 0.918 0.347 0.000 0.000 0.910 0.999 0.000 1.000 1.000 0.001 0.000 0.000 0.000 0.000 0.039 0.998 1.000 0.998 0.569 0.000 0.000 0.000 0.000
0.005 1.000 0.006 0.000 0.000 1.000 1.000 1.000 0.997 0.000 0.000 0.000 0.000 0.000 0.001 0.984 1.000 0.000 1.000 1.000 0.000 0.000 0.000 0.000 0.999 0.999 1.000 0.995 1.000 1.000 1.000 0.000 0.000
0.000 0.199 0.000 0.000 1.000 1.000 1.000 1.000 0.998 0.000 0.000 0.000 0.000 0.000 0.000 0.000 1.000 1.000 0.000 1.000 1.000 0.017 0.000 0.996 0.999 1.000 0.999 0.000 0.000 0.000 0.302 0.000 0.000
0.000 0.000 0.217 0.899 1.000 1.000 1.000 0.000 0.000 0.000 0.000 0.000 0.000 0.000 0.000 0.000 0.001 1.000 1.000 0.000 1.000 0.994 0.995 0.996 0.999 0.999 0.051 0.000 0.000 0.000 0.114 0.000 0.441
0.000 0.001 0.001 0.031 1.000 0.993 0.990 0.000 0.816 0.000 0.000 0.000 0.000 0.000 0.000 0.000 0.000 0.000 1.000 1.000 0.000 1.000 0.995 0.996 0.251 0.000 0.000 0.000 0.000 0.000 0.000 0.000 0.000
0.000 0.000 0.000 0.653 0.993 0.178 0.000 0.000 0.000 0.000 0.000 0.000 0.000 0.000 0.006 0.000 0.000 0.000 0.017 0.994 1.000 0.000 1.000 1.000 0.176 0.000 0.000 0.000 0.000 0.000 0.000 0.000 0.003
0.000 0.000 0.000 0.011 0.239 0.674 0.000 0.000 0.000 0.000 0.000 0.000 0.000 0.000 0.000 0.000 0.000 0.000 0.000 0.995 0.995 1.000 0.000 1.000 1.000 0.001 0.000 0.000 0.000 0.000 0.000 0.000 0.014
0.000 0.000 0.000 0.000 0.000 0.000 0.000 0.000 0.009 0.000 0.000 0.000 0.000 0.000 0.000 0.000 0.000 0.000 0.996 0.996 0.996 1.000 1.000 0.000 0.999 0.988 0.000 0.000 0.000 0.000 0.000 0.000 0.000
0.000 0.000 0.000 0.000 0.000 0.999 0.000 0.000 0.000 0.000 0.000 0.000 0.000 0.000 0.000 0.000 0.039 0.999 0.999 0.999 0.251 0.176 1.000 0.999 0.000 1.000 1.000 0.000 0.000 0.000 0.000 0.000 0.000
0.000 0.000 0.000 0.000 0.000 0.999 0.000 0.000 0.144 0.000 0.000 0.000 0.000 0.000 0.000 0.000 0.998 0.999 1.000 0.999 0.000 0.000 0.001 0.988 1.000 0.000 1.000 0.989 0.000 0.000 0.000 0.000 0.000
0.000 0.000 0.000 0.000 0.000 1.000 0.000 0.000 0.000 0.000 0.000 0.000 0.000 0.000 0.000 0.096 1.000 1.000 0.999 0.051 0.000 0.000 0.000 0.000 1.000 1.000 0.000 0.997 1.000 0.999 1.000 0.936 0.119
0.000 0.000 0.000 0.000 0.000 0.000 0.000 0.001 0.000 0.108 0.964 0.061 0.469 0.000 0.983 0.999 0.998 0.995 0.000 0.000 0.000 0.000 0.000 0.000 0.000 0.989 0.997 0.000 1.000 0.991 0.008 0.000 0.000
0.000 0.000 0.000 0.000 0.000 0.009 0.000 0.000 0.000 0.000 0.000 0.000 0.000 0.000 0.086 0.033 0.569 1.000 0.000 0.000 0.000 0.000 0.000 0.000 0.000 0.000 1.000 1.000 0.000 1.000 1.000 0.036 0.000
0.478 0.973 0.516 0.000 0.000 0.001 0.000 0.316 0.000 0.000 0.000 0.000 0.000 0.000 0.000 0.078 0.000 1.000 0.000 0.000 0.000 0.000 0.000 0.000 0.000 0.000 0.999 0.991 1.000 0.000 1.000 1.000 0.018
0.081 0.999 1.000 0.000 0.000 1.000 0.442 0.003 0.000 0.000 0.000 0.000 0.000 0.000 0.000 0.000 0.000 1.000 0.302 0.114 0.000 0.000 0.000 0.000 0.000 0.000 1.000 0.008 1.000 1.000 0.000 1.000 0.999
0.059 0.169 0.991 0.035 0.000 0.339 0.000 0.000 0.000 0.000 0.000 0.001 0.000 0.000 0.000 0.000 0.000 0.000 0.000 0.000 0.000 0.000 0.000 0.000 0.000 0.000 0.936 0.000 0.036 1.000 1.000 0.000 1.000
0.018 0.010 0.988 0.743 0.006 0.813 0.000 0.000 0.000 0.000 0.000 0.000 0.000 0.000 0.000 0.000 0.000 0.000 0.000 0.441 0.000 0.003 0.014 0.000 0.000 0.000 0.119 0.000 0.000 0.018 0.999 1.000 0.000
