0.000 0.998 0.977 0.036 0.000 0.000 0.000 0.002 0.152 0.000 0.000 0.000 0.116 0.005 0.000 0.000 0.000 0.000 0.000 0.049 0.000 0.000 0.000 0.000 0.000 0.000 0.000 0.000 0.000 0.000 0.000 0.956 0.064 0.218 0.338
0.998 0.000 1.000 0.999 0.234 0.001 0.001 0.000 0.000 0.000 0.000 0.000 0.015 0.009 0.000 0.000 0.000 0.000 0.000 0.000 0.000 0.000 0.000 0.000 0.000 0.000 0.000 0.000 0.000 0.000 0.000 0.933 0.209 0.243 0.432
0.977 1.000 0.000 1.000 1.000 0.006 1.000 0.998 0.991 0.000 0.000 0.000 0.000 0.000 0.000 0.000 0.000 0.000 0.000 1.000 0.198 0.000 0.001 0.000 0.000 0.000 0.000 0.000 0.000 0.000 0.000 0.999 1.000 0.401 0.313
0.036 0.999 1.000 0.000 1.000 1.000 1.000 0.000 0.000 0.000 0.000 0.000 0.044 0.000 0.000 0.000 0.000 0.000 0.000 0.004 0.000 0.239 0.001 0.000 0.000 0.000 0.000 0.000 0.000 0.000 0.000 0.615 1.000 0.996 0.988
0.000 0.234 1.000 1.000 0.000 1.000 1.000 0.000 0.000 0.000 0.000 0.000 0.015 0.010 0.000 0.000 0.000 0.000 0.000 0.000 0.000 0.889 0.059 0.659 0.012 0.000 0.000 0.000 0.000 0.000 0.000 0.000 0.000 0.006 0.486
0.000 0.001 0.006 1.000 1.000 0.000 1.000 1.000 0.000 0.000 0.000 0.000 0.000 0.000 0.000 0.000 0.000 0.000 0.000 0.000 1.000 1.000 1.000 0.998 0.202 0.000 0.000 0.000 0.000 0.000 0.000 0.000 0.000 0.000 0.000
0.000 0.001 1.000 1.000 1.000 1.000 0.000 1.000 1.000 0.000 0.000 0.000 0.000 0.000 0.000 0.000 0.000 0.000 0.021 1.000 1.000 1.000 0.990 0.169 0.597 0.000 0.992 0.995 0.999 0.000 0.026 0.001 1.000 0.170 0.027
0.002 0.000 0.998 0.000 0.000 1.000 1.000 0.000 1.000 0.998 0.000 0.000 0.000 0.000 0.000 0.000 0.000 0.000 0.999 1.000 1.000 1.000 0.970 0.000 0.000 0.000 0.000 0.000 0.000 0.000 0.000 0.000 0.265 0.000 0.000
0.152 0.000 0.991 0.000 0.000 0.000 1.000 1.000 0.000 0.999 0.872 0.000 0.000 0.000 0.000 0.000 0.000 0.998 1.000 1.000 1.000 0.000 0.000 0.000 0.000 0.000 0.000 0.000 0.000 0.000 0.000 0.688 0.001 0.000 0.000
0.000 0.000 0.000 0.000 0.000 0.000 0.000 0.998 0.999 0.000 0.969 0.840 0.032 0.000 0.000 0.000 0.895 0.998 1.000 0.996 0.999 0.000 0.811 0.000 0.000 0.017 0.000 0.112 0.000 0.001 0.000 0.000 0.000 0.000 0.000
0.000 0.000 0.000 0.000 0.000 0.000 0.000 0.000 0.872 0.969 0.000 1.000 0.951 0.022 0.077 0.953 0.998 0.952 0.996 0.000 0.000 0.000 0.000 0.000 0.000 0.000 0.000 0.000 0.000 0.140 0.000 0.000 0.000 0.000 0.000
0.000 0.000 0.000 0.000 0.000 0.000 0.000 0.000 0.000 0.840 1.000 0.000 0.964 0.918 0.969 0.950 0.988 0.843 0.956 0.000 0.000 0.000 0.000 0.000 0.000 0.000 0.000 0.000 0.000 0.883 0.000 0.000 0.000 0.000 0.000
0.116 0.015 0.000 0.044 0.015 0.000 0.000 0.000 0.000 0.032 0.951 0.964 0.000 0.991 0.961 0.923 0.222 0.000 0.430 0.000 0.000 0.000 0.000 0.000 0.000 0.000 0.000 0.000 0.000 0.000 0.001 0.004 0.000 0.084 0.243
0.005 0.009 0.000 0.000 0.010 0.000 0.000 0.000 0.000 0.000 0.022 0.918 0.991 0.000 0.981 0.896 0.046 0.000 0.000 0.000 0.000 0.000 0.000 0.000 0.000 0.000 0.000 0.000 0.000 0.041 0.000 0.000 0.000 0.004 0.045
0.000 0.000 0.000 0.000 0.000 0.000 0.000 0.000 0.000 0.000 0.077 0.969 0.961 0.981 0.000 0.986 0.958 0.001 0.026 0.000 0.000 0.000 0.000 0.000 0.000 0.000 0.000 0.000 0.000 0.635 0.000 0.000 0.000 0.000 0.005
0.000 0.000 0.000 0.000 0.000 0.000 0.000 0.000 0.000 0.000 0.953 0.950 0.923 0.896 0.986 0.000 0.997 0.808 0.000 0.000 0.000 0.000 0.000 0.000 0.000 0.000 0.000 0.000 0.000 0.002 0.000 0.000 0.000 0.000 0.000
0.000 0.000 0.000 0.000 0.000 0.000 0.000 0.000 0.000 0.895 0.998 0.988 0.222 0.046 0.958 0.997 0.000 0.982 0.986 0.001 0.000 0.000 0.000 0.000 0.000 0.000 0.000 0.000 0.000 0.994 0.108 0.000 0.000 0.000 0.000
0.000 0.000 0.000 0.000 0.000 0.000 0.000 0.000 0.998 0.998 0.952 0.843 0.000 0.000 0.001 0.808 0.982 0.000 0.998 0.996 0.000 0.000 0.000 0.000 0.000 0.000 0.000 0.000 0.080 0.985 0.018 0.044 0.000 0.000 0.000
0.000 0.000 0.000 0.000 0.000 0.000 0.021 0.999 1.000 1.000 0.996 0.956 0.430 0.000 0.026 0.000 0.986 0.998 0.000 0.999 1.000 0.001 0.000 0.000 0.000 0.000 0.038 0.999 0.997 0.989 0.539 0.000 0.000 0.000 0.000
0.049 0.000 1.000 0.004 0.000 0.000 1.000 1.000 1.000 0.996 0.000 0.000 0.000 0.000 0.000 0.000 0.001 0.996 0.999 0.000 1.000 1.000 0.000 0.000 0.000 0.000 1.000 1.000 0.999 0.978 0.991 1.000 1.000 0.000 0.000
0.000 0.000 0.198 0.000 0.000 1.000 1.000 1.000 1.000 0.999 0.000 0.000 0.000 0.000 0.000 0.000 0.000 0.000 1.000 1.000 0.000 1.000 1.000 0.015 0.001 0.999 1.000 1.000 0.998 0.000 0.000 0.000 0.173 0.000 0.000
0.000 0.000 0.000 0.239 0.889 1.000 1.000 1.000 0.000 0.000 0.000 0.000 0.000 0.000 0.000 0.000 0.000 0.000 0.001 1.000 1.000 0.000 1.000 1.000 1.000 1.000 1.000 1.000 0.078 0.000 0.000 0.000 0.062 0.000 0.000
0.000 0.000 0.001 0.001 0.059 1.000 0.990 0.970 0.000 0.811 0.000 0.000 0.000 0.000 0.000 0.000 0.000 0.000 0.000 0.000 1.000 1.000 0.000 1.000 1.000 1.000 0.324 0.000 0.000 0.000 0.000 0.000 0.000 0.000 0.000
0.000 0.000 0.000 0.000 0.659 0.998 0.169 0.000 0.000 0.000 0.000 0.000 0.000 0.000 0.000 0.000 0.000 0.000 0.000 0.000 0.015 1.000 1.000 0.000 1.000 1.000 0.183 0.000 0.000 0.000 0.000 0.000 0.000 0.000 0.000
0.000 0.000 0.000 0.000 0.012 0.202 0.597 0.000 0.000 0.000 0.000 0.000 0.000 0.000 0.000 0.000 0.000 0.000 0.000 0.000 0.001 1.000 1.000 1.000 0.000 1.000 1.000 0.003 0.000 0.000 0.000 0.000 0.000 0.000 0.000
0.000 0.000 0.000 0.000 0.000 0.000 0.000 0.000 0.000 0.017 0.000 0.000 0.000 0.000 0.000 0.000 0.000 0.000 0.000 0.000 0.999 1.000 1.000 1.000 1.000 0.000 1.000 0.996 0.000 0.000 0.000 0.000 0.000 0.000 0.000
0.000 0.000 0.000 0.000 0.000 0.000 0.992 0.000 0.000 0.000 0.000 0.000 0.000 0.000 0.000 0.000 0.000 0.000 0.038 1.000 1.000 1.000 0.324 0.183 1.000 1.000 0.000 1.000 0.999 0.000 0.000 0.000 0.000 0.000 0.000
0.000 0.000 0.000 0.000 0.000 0.000 0.995 0.000 0.000 0.112 0.000 0.000 0.000 0.000 0.000 0.000 0.000 0.000 0.999 1.000 1.000 1.000 0.000 0.000 0.003 0.996 1.000 0.000 1.000 0.992 0.000 0.000 0.000 0.000 0.000
0.000 0.000 0.000 0.000 0.000 0.000 0.999 0.000 0.000 0.000 0.000 0.000 0.000 0.000 0.000 0.000 0.000 0.080 0.997 0.999 0.998 0.078 0.000 0.000 0.000 0.000 0.999 1.000 0.000 0.999 1.000 0.998 0.998 0.748 0.000
0.000 0.000 0.000 0.000 0.000 0.000 0.000 0.000 0.000 0.001 0.140 0.883 0.000 0.041 0.635 0.002 0.994 0.985 0.989 0.978 0.000 0.000 0.000 0.000 0.000 0.000 0.000 0.992 0.999 0.000 1.000 0.987 0.009 0.000 0.000
0.000 0.000 0.000 0.000 0.000 0.000 0.026 0.000 0.000 0.000 0.000 0.000 0.001 0.000 0.000 0.000 0.108 0.018 0.539 0.991 0.000 0.000 0.000 0.000 0.000 0.000 0.000 0.000 1.000 1.000 0.000 0.999 0.993 0.036 0.000
0.956 0.933 0.999 0.615 0.000 0.000 0.001 0.000 0.688 0.000 0.000 0.000 0.004 0.000 0.000 0.000 0.000 0.044 0.000 1.000 0.000 0.000 0.000 0.000 0.000 0.000 0.000 0.000 0.998 0.987 0.999 0.000 1.000 1.000 0.242
0.064 0.209 1.000 1.000 0.000 0.000 1.000 0.265 0.001 0.000 0.000 0.000 0.000 0.000 0.000 0.000 0.000 0.000 0.000 1.000 0.173 0.062 0.000 0.000 0.000 0.000 0.000 0.000 0.998 0.009 0.993 1.000 0.000 1.000 1.000
0.218 0.243 0.401 0.996 0.006 0.000 0.170 0.000 0.000 0.000 0.000 0.000 0.084 0.004 0.000 0.000 0.000 0.000 0.000 0.000 0.000 0.000 0.000 0.000 0.000 0.000 0.000 0.000 0.748 0.000 0.036 1.000 1.000 0.000 1.000
0.338 0.432 0.313 0.988 0.486 0.000 0.027 0.000 0.000 0.000 0.000 0.000 0.243 0.045 0.005 0.000 0.000 0.000 0.000 0.000 0.000 0.000 0.000 0.000 0.000 0.000 0.000 0.000 0.000 0.000 0.000 0.242 1.000 1.000 0.000
