0.000 1.000 0.970 0.213 0.021 0.013 0.000 0.005 0.000 0.000 0.000 0.006 0.002 0.000 0.000 0.000 0.000 0.000 0.000 0.000 0.000 0.000 0.000 0.000 0.000 0.000 0.000 0.000 0.000 0.000 0.850 0.056 0.080 0.158
1.000 0.000 0.997 0.913 0.007 0.992 0.895 0.932 0.000 0.000 0.000 0.000 0.000 0.000 0.000 0.000 0.000 0.000 0.994 0.196 0.000 0.001 0.000 0.000 0.000 0.000 0.000 0.000 0.000 0.000 0.984 0.954 0.186 0.113
0.970 0.997 0.000 0.992 0.896 0.992 0.000 0.000 0.000 0.000 0.000 0.001 0.000 0.000 0.000 0.000 0.000 0.000 0.016 0.000 0.190 0.003 0.000 0.000 0.000 0.000 0.000 0.001 0.000 0.000 0.701 0.977 0.916 0.727
0.213 0.913 0.992 0.000 0.928 0.935 0.000 0.000 0.000 0.000 0.000 0.005 0.002 0.000 0.000 0.000 0.000 0.000 0.000 0.000 0.768 0.063 0.509 0.010 0.000 0.000 0.000 0.000 0.000 0.000 0.000 0.000 0.030 0.437
0.021 0.007 0.896 0.928 0.000 0.999 0.935 0.000 0.000 0.000 0.000 0.000 0.000 0.000 0.000 0.000 0.000 0.000 0.000 0.898 0.957 0.938 0.928 0.182 0.000 0.000 0.000 0.000 0.000 0.000 0.000 0.000 0.000 0.001
0.013 0.992 0.992 0.935 0.999 0.000 0.973 0.892 0.000 0.000 0.000 0.000 0.000 0.000 0.000 0.000 0.000 0.020 0.998 0.949 0.996 0.895 0.177 0.457 0.000 0.874 0.889 0.956 0.000 0.016 0.001 0.980 0.260 0.222
0.000 0.895 0.000 0.000 0.935 0.973 0.000 0.999 1.000 0.000 0.000 0.000 0.000 0.000 0.000 0.000 0.000 0.920 0.978 0.990 0.926 0.947 0.000 0.000 0.000 0.000 0.000 0.000 0.000 0.000 0.000 0.254 0.000 0.000
0.005 0.932 0.000 0.000 0.000 0.892 0.999 0.000 0.992 0.943 0.000 0.016 0.000 0.000 0.000 0.001 0.975 0.970 0.989 0.935 0.000 0.000 0.000 0.000 0.000 0.000 0.000 0.004 0.069 0.004 0.133 0.002 0.000 0.000
0.000 0.000 0.000 0.000 0.000 0.000 1.000 0.992 0.000 0.986 0.829 0.057 0.000 0.000 0.000 0.710 0.909 0.997 0.935 0.999 0.000 0.811 0.000 0.000 0.013 0.000 0.078 0.000 0.000 0.000 0.000 0.000 0.000 0.000
0.000 0.000 0.000 0.000 0.000 0.000 0.000 0.943 0.986 0.000 0.969 0.964 0.021 0.060 0.891 0.872 0.971 0.978 0.000 0.000 0.000 0.000 0.000 0.000 0.000 0.000 0.000 0.000 0.030 0.000 0.000 0.000 0.000 0.000
0.000 0.000 0.000 0.000 0.000 0.000 0.000 0.000 0.829 0.969 0.000 0.995 0.979 0.948 0.934 0.984 0.903 0.985 0.000 0.000 0.000 0.000 0.000 0.000 0.000 0.000 0.000 0.000 0.813 0.000 0.000 0.000 0.000 0.000
0.006 0.000 0.001 0.005 0.000 0.000 0.000 0.016 0.057 0.964 0.995 0.000 0.923 0.841 0.914 0.195 0.000 0.492 0.000 0.000 0.000 0.000 0.000 0.000 0.000 0.000 0.000 0.000 0.002 0.000 0.000 0.000 0.001 0.004
0.002 0.000 0.000 0.002 0.000 0.000 0.000 0.000 0.000 0.021 0.979 0.923 0.000 0.996 0.885 0.053 0.000 0.000 0.000 0.000 0.000 0.000 0.000 0.000 0.000 0.000 0.000 0.000 0.051 0.000 0.000 0.000 0.000 0.001
0.000 0.000 0.000 0.000 0.000 0.000 0.000 0.000 0.000 0.060 0.948 0.841 0.996 0.000 0.943 0.986 0.002 0.031 0.000 0.000 0.000 0.000 0.000 0.000 0.000 0.000 0.000 0.000 0.615 0.000 0.000 0.000 0.000 0.000
0.000 0.000 0.000 0.000 0.000 0.000 0.000 0.000 0.000 0.891 0.934 0.914 0.885 0.943 0.000 0.982 0.921 0.000 0.000 0.000 0.000 0.000 0.000 0.000 0.000 0.000 0.000 0.000 0.004 0.000 0.000 0.000 0.000 0.000
0.000 0.000 0.000 0.000 0.000 0.000 0.000 0.001 0.710 0.872 0.984 0.195 0.053 0.986 0.982 0.000 0.976 0.955 0.001 0.000 0.000 0.000 0.000 0.000 0.000 0.000 0.000 0.000 0.956 0.063 0.000 0.000 0.000 0.000
0.000 0.000 0.000 0.000 0.000 0.000 0.000 0.975 0.909 0.971 0.903 0.000 0.000 0.002 0.921 0.976 0.000 0.978 0.890 0.000 0.000 0.000 0.000 0.000 0.000 0.000 0.000 0.066 0.901 0.013 0.032 0.000 0.000 0.000
0.000 0.000 0.000 0.000 0.000 0.020 0.920 0.970 0.997 0.978 0.985 0.492 0.000 0.031 0.000 0.955 0.978 0.000 0.999 0.998 0.002 0.000 0.000 0.000 0.000 0.056 0.961 0.951 0.963 0.282 0.000 0.000 0.000 0.000
0.000 0.994 0.016 0.000 0.000 0.998 0.978 0.989 0.935 0.000 0.000 0.000 0.000 0.000 0.000 0.001 0.890 0.999 0.000 0.986 0.931 0.000 0.000 0.000 0.000 0.846 0.903 0.977 0.878 0.921 0.984 0.976 0.000 0.000
0.000 0.196 0.000 0.000 0.898 0.949 0.990 0.935 0.999 0.000 0.000 0.000 0.000 0.000 0.000 0.000 0.000 0.998 0.986 0.000 0.995 0.988 0.011 0.000 0.972 0.940 0.934 0.798 0.000 0.000 0.000 0.160 0.000 0.000
0.000 0.000 0.190 0.768 0.957 0.996 0.926 0.000 0.000 0.000 0.000 0.000 0.000 0.000 0.000 0.000 0.000 0.002 0.931 0.995 0.000 0.982 0.984 0.952 0.935 0.948 0.877 0.065 0.000 0.000 0.000 0.066 0.000 0.114
0.000 0.001 0.003 0.063 0.938 0.895 0.947 0.000 0.811 0.000 0.000 0.000 0.000 0.000 0.000 0.000 0.000 0.000 0.000 0.988 0.982 0.000 0.984 0.823 0.891 0.333 0.000 0.000 0.000 0.000 0.000 0.000 0.000 0.000
0.000 0.000 0.000 0.509 0.928 0.177 0.000 0.000 0.000 0.000 0.000 0.000 0.000 0.000 0.000 0.000 0.000 0.000 0.000 0.011 0.984 0.984 0.000 0.984 0.935 0.149 0.000 0.000 0.000 0.000 0.000 0.000 0.000 0.000
0.000 0.000 0.000 0.010 0.182 0.457 0.000 0.000 0.000 0.000 0.000 0.000 0.000 0.000 0.000 0.000 0.000 0.000 0.000 0.000 0.952 0.823 0.984 0.000 0.980 0.979 0.003 0.005 0.000 0.000 0.000 0.000 0.000 0.011
0.000 0.000 0.000 0.000 0.000 0.000 0.000 0.000 0.013 0.000 0.000 0.000 0.000 0.000 0.000 0.000 0.000 0.000 0.000 0.972 0.935 0.891 0.935 0.980 0.000 0.985 0.906 0.000 0.000 0.000 0.000 0.000 0.000 0.000
0.000 0.000 0.000 0.000 0.000 0.874 0.000 0.000 0.000 0.000 0.000 0.000 0.000 0.000 0.000 0.000 0.000 0.056 0.846 0.940 0.948 0.333 0.149 0.979 0.985 0.000 0.998 0.865 0.000 0.000 0.000 0.000 0.000 0.000
0.000 0.000 0.000 0.000 0.000 0.889 0.000 0.000 0.078 0.000 0.000 0.000 0.000 0.000 0.000 0.000 0.000 0.961 0.903 0.934 0.877 0.000 0.000 0.003 0.906 0.998 0.000 0.984 0.836 0.000 0.000 0.000 0.000 0.000
0.000 0.000 0.001 0.000 0.000 0.956 0.000 0.004 0.000 0.000 0.000 0.000 0.000 0.000 0.000 0.000 0.066 0.951 0.977 0.798 0.065 0.000 0.000 0.005 0.000 0.865 0.984 0.000 0.991 0.991 0.837 0.933 0.615 0.054
0.000 0.000 0.000 0.000 0.000 0.000 0.000 0.069 0.000 0.030 0.813 0.002 0.051 0.615 0.004 0.956 0.901 0.963 0.878 0.000 0.000 0.000 0.000 0.000 0.000 0.000 0.836 0.991 0.000 0.980 0.837 0.005 0.000 0.000
0.000 0.000 0.000 0.000 0.000 0.016 0.000 0.004 0.000 0.000 0.000 0.000 0.000 0.000 0.000 0.063 0.013 0.282 0.921 0.000 0.000 0.000 0.000 0.000 0.000 0.000 0.000 0.991 0.980 0.000 0.982 0.930 0.031 0.071
0.850 0.984 0.701 0.000 0.000 0.001 0.000 0.133 0.000 0.000 0.000 0.000 0.000 0.000 0.000 0.000 0.032 0.000 0.984 0.000 0.000 0.000 0.000 0.000 0.000 0.000 0.000 0.837 0.837 0.982 0.000 1.000 0.930 0.349
0.056 0.954 0.977 0.000 0.000 0.980 0.254 0.002 0.000 0.000 0.000 0.000 0.000 0.000 0.000 0.000 0.000 0.000 0.976 0.160 0.066 0.000 0.000 0.000 0.000 0.000 0.000 0.933 0.005 0.930 1.000 0.000 0.975 0.913
0.080 0.186 0.916 0.030 0.000 0.260 0.000 0.000 0.000 0.000 0.000 0.001 0.000 0.000 0.000 0.000 0.000 0.000 0.000 0.000 0.000 0.000 0.000 0.000 0.000 0.000 0.000 0.615 0.000 0.031 0.930 0.975 0.000 0.987
0.158 0.113 0.727 0.437 0.001 0.222 0.000 0.000 0.000 0.000 0.000 0.004 0.001 0.000 0.000 0.000 0.000 0.000 0.000 0.000 0.114 0.000 0.000 0.011 0.000 0.000 0.000 0.054 0.000 0.071 0.349 0.913 0.987 0.000
