0.000 0.989 0.923 0.094 0.000 0.000 0.000 0.000 0.000 0.002 0.022 0.003 0.012 0.000 0.001 0.000 0.000 0.000 0.000 0.030 0.000 0.002 0.000 0.000 0.000 0.000 0.000 0.000 0.000 0.000 0.000 0.000 0.000 0.065 0.000 0.005 0.027
0.989 0.000 0.993 0.983 0.086 0.019 0.005 0.000 0.001 0.024 0.100 0.003 0.002 0.000 0.000 0.000 0.000 0.000 0.000 0.049 0.000 0.122 0.000 0.000 0.000 0.000 0.000 0.000 0.000 0.000 0.000 0.000 0.000 0.376 0.010 0.032 0.052
0.923 0.993 0.000 0.990 0.980 0.121 0.000 0.000 0.003 0.035 0.405 0.000 0.002 0.000 0.000 0.000 0.000 0.000 0.000 0.275 0.000 0.445 0.000 0.000 0.000 0.000 0.000 0.000 0.000 0.000 0.000 0.000 0.002 0.971 0.206 0.226 0.068
0.094 0.983 0.990 0.000 0.996 0.982 0.141 0.002 0.004 0.002 0.000 0.000 0.000 0.000 0.000 0.000 0.000 0.000 0.000 0.000 0.000 0.001 0.000 0.000 0.000 0.000 0.000 0.000 0.000 0.000 0.000 0.000 0.000 0.770 0.223 0.203 0.176
0.000 0.086 0.980 0.996 0.000 1.000 0.961 0.004 0.992 0.955 0.974 0.000 0.000 0.000 0.000 0.000 0.000 0.000 0.000 0.001 0.000 0.999 0.282 0.000 0.000 0.000 0.000 0.000 0.000 0.000 0.000 0.000 0.000 0.990 1.000 0.382 0.112
0.000 0.019 0.121 0.982 1.000 0.000 0.995 0.943 0.996 0.000 0.000 0.000 0.000 0.000 0.000 0.000 0.000 0.000 0.000 0.000 0.000 0.002 0.000 0.215 0.003 0.000 0.000 0.000 0.000 0.000 0.001 0.000 0.000 0.562 0.994 0.994 0.968
0.000 0.005 0.000 0.141 0.961 0.995 0.000 0.975 0.978 0.000 0.000 0.000 0.000 0.000 0.000 0.000 0.000 0.000 0.000 0.000 0.000 0.000 0.000 0.846 0.084 0.762 0.009 0.000 0.000 0.000 0.000 0.000 0.000 0.000 0.000 0.008 0.517
0.000 0.000 0.000 0.002 0.004 0.943 0.975 0.000 0.998 0.908 0.000 0.000 0.000 0.000 0.000 0.000 0.000 0.000 0.000 0.000 0.000 0.000 0.918 0.996 0.991 0.960 0.176 0.000 0.000 0.000 0.000 0.000 0.000 0.000 0.000 0.000 0.000
0.000 0.001 0.003 0.004 0.992 0.996 0.978 0.998 0.000 0.978 0.942 0.000 0.000 0.000 0.000 0.000 0.000 0.000 0.000 0.000 0.012 0.966 0.988 0.999 0.982 0.177 0.495 0.000 0.957 0.970 0.991 0.000 0.010 0.000 0.986 0.155 0.276
0.002 0.024 0.035 0.002 0.955 0.000 0.000 0.908 0.978 0.000 0.997 1.000 0.000 0.000 0.000 0.000 0.000 0.000 0.000 0.000 0.973 0.990 1.000 0.960 0.952 0.000 0.000 0.000 0.000 0.000 0.000 0.000 0.000 0.000 0.263 0.000 0.000
0.022 0.100 0.405 0.000 0.974 0.000 0.000 0.000 0.942 0.997 0.000 1.000 0.906 0.000 0.000 0.000 0.000 0.000 0.000 0.935 1.000 0.995 0.989 0.000 0.000 0.000 0.000 0.000 0.000 0.000 0.000 0.000 0.000 0.233 0.005 0.000 0.000
0.003 0.003 0.000 0.000 0.000 0.000 0.000 0.000 0.000 1.000 1.000 0.000 0.969 0.914 0.078 0.000 0.004 0.000 0.896 0.979 1.000 0.986 1.000 0.001 0.787 0.000 0.000 0.013 0.000 0.113 0.000 0.005 0.000 0.000 0.000 0.000 0.000
0.012 0.002 0.002 0.000 0.000 0.000 0.000 0.000 0.000 0.000 0.906 0.969 0.000 1.000 0.974 0.014 0.046 0.979 0.997 0.994 0.976 0.000 0.000 0.000 0.000 0.000 0.000 0.000 0.000 0.000 0.000 0.034 0.000 0.000 0.000 0.000 0.000
0.000 0.000 0.000 0.000 0.000 0.000 0.000 0.000 0.000 0.000 0.000 0.914 1.000 0.000 0.997 0.982 0.993 0.974 0.986 0.942 0.956 0.000 0.000 0.000 0.000 0.000 0.000 0.000 0.000 0.000 0.000 0.903 0.000 0.000 0.000 0.000 0.000
0.001 0.000 0.000 0.000 0.000 0.000 0.000 0.000 0.000 0.000 0.000 0.078 0.974 0.997 0.000 0.996 0.985 0.972 0.338 0.000 0.604 0.000 0.000 0.000 0.000 0.000 0.000 0.000 0.000 0.000 0.000 0.026 0.000 0.000 0.000 0.000 0.003
0.000 0.000 0.000 0.000 0.000 0.000 0.000 0.000 0.000 0.000 0.000 0.000 0.014 0.982 0.996 0.000 0.994 0.964 0.050 0.000 0.002 0.000 0.000 0.000 0.000 0.000 0.000 0.000 0.000 0.000 0.000 0.301 0.000 0.000 0.000 0.000 0.000
0.000 0.000 0.000 0.000 0.000 0.000 0.000 0.000 0.000 0.000 0.000 0.004 0.046 0.993 0.985 0.994 0.000 0.993 0.989 0.025 0.088 0.000 0.000 0.000 0.000 0.000 0.000 0.000 0.000 0.000 0.000 0.833 0.000 0.000 0.000 0.000 0.000
0.000 0.000 0.000 0.000 0.000 0.000 0.000 0.000 0.000 0.000 0.000 0.000 0.979 0.974 0.972 0.964 0.993 0.000 0.997 0.889 0.000 0.000 0.000 0.000 0.000 0.000 0.000 0.000 0.000 0.000 0.000 0.029 0.000 0.000 0.000 0.000 0.000
0.000 0.000 0.000 0.000 0.000 0.000 0.000 0.000 0.000 0.000 0.000 0.896 0.997 0.986 0.338 0.050 0.989 0.997 0.000 0.996 0.957 0.009 0.000 0.000 0.000 0.000 0.000 0.000 0.000 0.000 0.000 0.913 0.053 0.001 0.000 0.000 0.000
0.030 0.049 0.275 0.000 0.001 0.000 0.000 0.000 0.000 0.000 0.935 0.979 0.994 0.942 0.000 0.000 0.025 0.889 0.996 0.000 0.998 0.961 0.000 0.000 0.000 0.000 0.000 0.000 0.000 0.000 0.051 0.989 0.026 0.142 0.000 0.000 0.000
0.000 0.000 0.000 0.000 0.000 0.000 0.000 0.000 0.012 0.973 1.000 1.000 0.976 0.956 0.604 0.002 0.088 0.000 0.957 0.998 0.000 0.998 0.988 0.001 0.000 0.000 0.000 0.000 0.027 0.987 0.986 0.996 0.367 0.000 0.000 0.000 0.000
0.002 0.122 0.445 0.001 0.999 0.002 0.000 0.000 0.966 0.990 0.995 0.986 0.000 0.000 0.000 0.000 0.000 0.000 0.009 0.961 0.998 0.000 0.993 0.928 0.000 0.000 0.000 0.000 0.918 0.998 1.000 0.999 0.991 0.985 0.980 0.000 0.000
0.000 0.000 0.000 0.000 0.282 0.000 0.000 0.918 0.988 1.000 0.989 1.000 0.000 0.000 0.000 0.000 0.000 0.000 0.000 0.000 0.988 0.993 0.000 0.989 0.998 0.020 0.001 0.941 0.984 0.996 0.974 0.001 0.000 0.000 0.238 0.000 0.000
0.000 0.000 0.000 0.000 0.000 0.215 0.846 0.996 0.999 0.960 0.000 0.001 0.000 0.000 0.000 0.000 0.000 0.000 0.000 0.000 0.001 0.928 0.989 0.000 0.999 0.994 0.952 0.974 0.996 0.953 0.057 0.000 0.000 0.000 0.058 0.000 0.058
0.000 0.000 0.000 0.000 0.000 0.003 0.084 0.991 0.982 0.952 0.000 0.787 0.000 0.000 0.000 0.000 0.000 0.000 0.000 0.000 0.000 0.000 0.998 0.999 0.000 0.991 0.937 0.981 0.257 0.000 0.000 0.000 0.000 0.000 0.000 0.000 0.000
0.000 0.000 0.000 0.000 0.000 0.000 0.762 0.960 0.177 0.000 0.000 0.000 0.000 0.000 0.000 0.000 0.000 0.000 0.000 0.000 0.000 0.000 0.020 0.994 0.991 0.000 0.997 0.974 0.172 0.000 0.000 0.000 0.000 0.000 0.000 0.000 0.000
0.000 0.000 0.000 0.000 0.000 0.000 0.009 0.176 0.495 0.000 0.000 0.000 0.000 0.000 0.000 0.000 0.000 0.000 0.000 0.000 0.000 0.000 0.001 0.952 0.937 0.997 0.000 0.992 0.986 0.002 0.000 0.000 0.000 0.000 0.000 0.000 0.002
0.000 0.000 0.000 0.000 0.000 0.000 0.000 0.000 0.000 0.000 0.000 0.013 0.000 0.000 0.000 0.000 0.000 0.000 0.000 0.000 0.000 0.000 0.941 0.974 0.981 0.974 0.992 0.000 0.996 0.898 0.000 0.000 0.000 0.000 0.000 0.000 0.000
0.000 0.000 0.000 0.000 0.000 0.000 0.000 0.000 0.957 0.000 0.000 0.000 0.000 0.000 0.000 0.000 0.000 0.000 0.000 0.000 0.027 0.918 0.984 0.996 0.257 0.172 0.986 0.996 0.000 0.979 0.918 0.000 0.000 0.000 0.000 0.000 0.000
0.000 0.000 0.000 0.000 0.000 0.000 0.000 0.000 0.970 0.000 0.000 0.113 0.000 0.000 0.000 0.000 0.000 0.000 0.000 0.000 0.987 0.998 0.996 0.953 0.000 0.000 0.002 0.898 0.979 0.000 0.996 0.923 0.000 0.000 0.000 0.000 0.000
0.000 0.000 0.000 0.000 0.000 0.001 0.000 0.000 0.991 0.000 0.000 0.000 0.000 0.000 0.000 0.000 0.000 0.000 0.000 0.051 0.986 1.000 0.974 0.057 0.000 0.000 0.000 0.000 0.918 0.996 0.000 0.995 0.995 0.954 1.000 0.688 0.036
0.000 0.000 0.000 0.000 0.000 0.000 0.000 0.000 0.000 0.000 0.000 0.005 0.034 0.903 0.026 0.301 0.833 0.029 0.913 0.989 0.996 0.999 0.001 0.000 0.000 0.000 0.000 0.000 0.000 0.923 0.995 0.000 0.994 0.966 0.013 0.000 0.000
0.000 0.000 0.002 0.000 0.000 0.000 0.000 0.000 0.010 0.000 0.000 0.000 0.000 0.000 0.000 0.000 0.000 0.000 0.053 0.026 0.367 0.991 0.000 0.000 0.000 0.000 0.000 0.000 0.000 0.000 0.995 0.994 0.000 1.000 0.994 0.042 0.000
0.065 0.376 0.971 0.770 0.990 0.562 0.000 0.000 0.000 0.000 0.233 0.000 0.000 0.000 0.000 0.000 0.000 0.000 0.001 0.142 0.000 0.985 0.000 0.000 0.000 0.000 0.000 0.000 0.000 0.000 0.954 0.966 1.000 0.000 0.997 0.953 0.045
0.000 0.010 0.206 0.223 1.000 0.994 0.000 0.000 0.986 0.263 0.005 0.000 0.000 0.000 0.000 0.000 0.000 0.000 0.000 0.000 0.000 0.980 0.238 0.058 0.000 0.000 0.000 0.000 0.000 0.000 1.000 0.013 0.994 0.997 0.000 0.990 0.936
0.005 0.032 0.226 0.203 0.382 0.994 0.008 0.000 0.155 0.000 0.000 0.000 0.000 0.000 0.000 0.000 0.000 0.000 0.000 0.000 0.000 0.000 0.000 0.000 0.000 0.000 0.000 0.000 0.000 0.000 0.688 0.000 0.042 0.953 0.990 0.000 0.999
0.027 0.052 0.068 0.176 0.112 0.968 0.517 0.000 0.276 0.000 0.000 0.000 0.000 0.000 0.003 0.000 0.000 0.000 0.000 0.000 0.000 0.000 0.000 0.058 0.000 0.000 0.002 0.000 0.000 0.000 0.036 0.000 0.000 0.045 0.936 0.999 0.000
