0.000 0.996 0.974 0.300 0.010 0.007 0.000 0.002 0.000 0.000 0.000 0.002 0.010 0.000 0.000 0.000 0.000 0.001 0.000 0.000 0.000 0.000 0.000 0.000 0.000 0.000 0.000 0.000 0.000 0.903 0.392 0.411 0.663
0.996 0.000 1.000 0.985 0.008 0.999 0.967 0.972 0.000 0.000 0.000 0.000 0.002 0.000 0.000 0.000 0.000 0.982 0.118 0.000 0.000 0.000 0.000 0.000 0.000 0.000 0.000 0.000 0.000 0.980 0.972 0.509 0.586
0.974 1.000 0.000 0.999 0.972 1.000 0.000 0.000 0.000 0.000 0.000 0.000 0.002 0.000 0.000 0.000 0.000 0.004 0.000 0.398 0.001 0.000 0.000 0.000 0.000 0.000 0.000 0.000 0.000 0.411 0.980 0.951 0.975
0.300 0.985 0.999 0.000 0.992 0.998 0.000 0.000 0.000 0.000 0.000 0.000 0.018 0.000 0.000 0.000 0.000 0.000 0.000 0.915 0.059 0.814 0.025 0.000 0.000 0.000 0.000 0.000 0.000 0.000 0.000 0.005 0.505
0.010 0.008 0.972 0.992 0.000 0.994 0.987 0.000 0.000 0.000 0.000 0.000 0.001 0.000 0.000 0.000 0.000 0.000 0.913 0.948 0.983 0.988 0.245 0.000 0.000 0.000 0.000 0.000 0.000 0.000 0.000 0.000 0.000
0.007 0.999 1.000 0.998 0.994 0.000 0.996 0.945 0.000 0.000 0.000 0.000 0.000 0.000 0.000 0.000 0.026 0.995 0.998 1.000 0.924 0.173 0.678 0.000 0.992 0.996 0.969 0.000 0.007 0.000 0.993 0.099 0.017
0.000 0.967 0.000 0.000 0.987 0.996 0.000 0.999 0.997 0.000 0.000 0.000 0.000 0.000 0.000 0.000 0.941 0.968 0.982 0.953 0.917 0.000 0.000 0.000 0.000 0.000 0.000 0.000 0.000 0.000 0.216 0.000 0.000
0.002 0.972 0.000 0.000 0.000 0.945 0.999 0.000 0.992 0.977 0.000 0.000 0.000 0.000 0.000 0.973 0.978 0.994 0.966 0.000 0.000 0.000 0.000 0.000 0.000 0.000 0.000 0.000 0.000 0.600 0.001 0.000 0.000
0.000 0.000 0.000 0.000 0.000 0.000 0.997 0.992 0.000 0.991 0.844 0.000 0.000 0.000 0.777 0.944 1.000 0.967 0.998 0.001 0.734 0.000 0.000 0.008 0.000 0.060 0.000 0.000 0.000 0.000 0.000 0.000 0.000
0.000 0.000 0.000 0.000 0.000 0.000 0.000 0.977 0.991 0.000 0.991 0.853 0.091 0.937 0.944 0.982 0.976 0.000 0.000 0.000 0.000 0.000 0.000 0.000 0.000 0.000 0.000 0.069 0.000 0.000 0.000 0.000 0.000
0.000 0.000 0.000 0.000 0.000 0.000 0.000 0.000 0.844 0.991 0.000 0.978 0.964 0.992 0.996 0.921 0.940 0.000 0.000 0.000 0.000 0.000 0.000 0.000 0.000 0.000 0.000 0.911 0.000 0.000 0.000 0.000 0.000
0.002 0.000 0.000 0.000 0.000 0.000 0.000 0.000 0.000 0.853 0.978 0.000 0.980 0.958 0.686 0.000 0.346 0.000 0.000 0.000 0.000 0.000 0.000 0.000 0.000 0.000 0.000 0.026 0.000 0.000 0.000 0.000 0.001
0.010 0.002 0.002 0.018 0.001 0.000 0.000 0.000 0.000 0.091 0.964 0.980 0.000 0.985 0.960 0.001 0.000 0.000 0.000 0.000 0.003 0.018 0.000 0.000 0.000 0.000 0.000 0.140 0.000 0.000 0.000 0.002 0.016
0.000 0.000 0.000 0.000 0.000 0.000 0.000 0.000 0.000 0.937 0.992 0.958 0.985 0.000 0.993 0.895 0.000 0.000 0.000 0.000 0.000 0.000 0.000 0.000 0.000 0.000 0.000 0.001 0.000 0.000 0.000 0.000 0.000
0.000 0.000 0.000 0.000 0.000 0.000 0.000 0.000 0.777 0.944 0.996 0.686 0.960 0.993 0.000 0.989 0.925 0.000 0.000 0.000 0.000 0.000 0.000 0.000 0.000 0.000 0.000 0.982 0.127 0.000 0.000 0.000 0.000
0.000 0.000 0.000 0.000 0.000 0.000 0.000 0.973 0.944 0.982 0.921 0.000 0.001 0.895 0.989 0.000 0.996 0.990 0.000 0.000 0.000 0.000 0.000 0.000 0.000 0.000 0.098 0.974 0.050 0.087 0.000 0.000 0.000
0.000 0.000 0.000 0.000 0.000 0.026 0.941 0.978 1.000 0.976 0.940 0.346 0.000 0.000 0.925 0.996 0.000 1.000 0.997 0.001 0.000 0.000 0.000 0.000 0.038 0.992 0.982 0.977 0.577 0.000 0.000 0.000 0.000
0.001 0.982 0.004 0.000 0.000 0.995 0.968 0.994 0.967 0.000 0.000 0.000 0.000 0.000 0.000 0.990 1.000 0.000 0.991 0.936 0.000 0.000 0.000 0.000 0.951 0.987 0.978 0.937 0.953 1.000 1.000 0.000 0.000
0.000 0.118 0.000 0.000 0.913 0.998 0.982 0.966 0.998 0.000 0.000 0.000 0.000 0.000 0.000 0.000 0.997 0.991 0.000 1.000 0.996 0.018 0.000 0.989 0.985 0.976 0.900 0.000 0.000 0.000 0.140 0.000 0.000
0.000 0.000 0.398 0.915 0.948 1.000 0.953 0.000 0.001 0.000 0.000 0.000 0.000 0.000 0.000 0.000 0.001 0.936 1.000 0.000 0.976 0.988 1.000 0.997 0.993 0.946 0.023 0.000 0.000 0.000 0.042 0.000 0.000
0.000 0.000 0.001 0.059 0.983 0.924 0.917 0.000 0.734 0.000 0.000 0.000 0.003 0.000 0.000 0.000 0.000 0.000 0.996 0.976 0.000 0.996 0.941 0.978 0.355 0.000 0.000 0.000 0.000 0.000 0.000 0.000 0.000
0.000 0.000 0.000 0.814 0.988 0.173 0.000 0.000 0.000 0.000 0.000 0.000 0.018 0.000 0.000 0.000 0.000 0.000 0.018 0.988 0.996 0.000 0.985 0.990 0.176 0.000 0.000 0.000 0.000 0.000 0.000 0.000 0.000
0.000 0.000 0.000 0.025 0.245 0.678 0.000 0.000 0.000 0.000 0.000 0.000 0.000 0.000 0.000 0.000 0.000 0.000 0.000 1.000 0.941 0.985 0.000 0.997 0.998 0.002 0.000 0.000 0.000 0.000 0.000 0.000 0.000
0.000 0.000 0.000 0.000 0.000 0.000 0.000 0.000 0.008 0.000 0.000 0.000 0.000 0.000 0.000 0.000 0.000 0.000 0.989 0.997 0.978 0.990 0.997 0.000 0.986 0.946 0.000 0.000 0.000 0.000 0.000 0.000 0.000
0.000 0.000 0.000 0.000 0.000 0.992 0.000 0.000 0.000 0.000 0.000 0.000 0.000 0.000 0.000 0.000 0.038 0.951 0.985 0.993 0.355 0.176 0.998 0.986 0.000 0.992 0.924 0.000 0.000 0.000 0.000 0.000 0.000
0.000 0.000 0.000 0.000 0.000 0.996 0.000 0.000 0.060 0.000 0.000 0.000 0.000 0.000 0.000 0.000 0.992 0.987 0.976 0.946 0.000 0.000 0.002 0.946 0.992 0.000 0.999 0.914 0.000 0.000 0.000 0.000 0.000
0.000 0.000 0.000 0.000 0.000 0.969 0.000 0.000 0.000 0.000 0.000 0.000 0.000 0.000 0.000 0.098 0.982 0.978 0.900 0.023 0.000 0.000 0.000 0.000 0.924 0.999 0.000 0.981 0.994 0.958 0.982 0.652 0.000
0.000 0.000 0.000 0.000 0.000 0.000 0.000 0.000 0.000 0.069 0.911 0.026 0.140 0.001 0.982 0.974 0.977 0.937 0.000 0.000 0.000 0.000 0.000 0.000 0.000 0.914 0.981 0.000 1.000 0.938 0.008 0.000 0.000
0.000 0.000 0.000 0.000 0.000 0.007 0.000 0.000 0.000 0.000 0.000 0.000 0.000 0.000 0.127 0.050 0.577 0.953 0.000 0.000 0.000 0.000 0.000 0.000 0.000 0.000 0.994 1.000 0.000 0.992 0.945 0.013 0.000
0.903 0.980 0.411 0.000 0.000 0.000 0.000 0.600 0.000 0.000 0.000 0.000 0.000 0.000 0.000 0.087 0.000 1.000 0.000 0.000 0.000 0.000 0.000 0.000 0.000 0.000 0.958 0.938 0.992 0.000 0.997 0.999 0.316
0.392 0.972 0.980 0.000 0.000 0.993 0.216 0.001 0.000 0.000 0.000 0.000 0.000 0.000 0.000 0.000 0.000 1.000 0.140 0.042 0.000 0.000 0.000 0.000 0.000 0.000 0.982 0.008 0.945 0.997 0.000 0.999 0.968
0.411 0.509 0.951 0.005 0.000 0.099 0.000 0.000 0.000 0.000 0.000 0.000 0.002 0.000 0.000 0.000 0.000 0.000 0.000 0.000 0.000 0.000 0.000 0.000 0.000 0.000 0.652 0.000 0.013 0.999 0.999 0.000 0.993
0.663 0.586 0.975 0.505 0.000 0.017 0.000 0.000 0.000 0.000 0.000 0.001 0.016 0.000 0.000 0.000 0.000 0.000 0.000 0.000 0.000 0.000 0.000 0.000 0.000 0.000 0.000 0.000 0.000 0.316 0.968 0.993 0.000
