0.000 0.986 0.941 0.215 0.003 0.002 0.000 0.004 0.000 0.067 0.036 0.220 0.264 0.235 0.108 0.006 0.000 0.000 0.000 0.000 0.000 0.000 0.000 0.001 0.000 0.000 0.000 0.006 0.000 0.649 0.079 0.162 0.560
0.986 0.000 0.996 0.922 0.005 0.945 0.748 0.806 0.000 0.000 0.000 0.173 0.194 0.005 0.000 0.000 0.000 0.874 0.133 0.008 0.003 0.000 0.000 0.000 0.000 0.000 0.000 0.000 0.000 0.878 0.981 0.457 0.474
0.941 0.996 0.000 0.991 0.885 0.979 0.000 0.000 0.000 0.000 0.000 0.197 0.220 0.022 0.000 0.000 0.000 0.006 0.000 0.178 0.000 0.026 0.002 0.000 0.000 0.000 0.001 0.000 0.000 0.416 0.841 0.918 0.962
0.215 0.922 0.991 0.000 0.987 0.971 0.000 0.000 0.000 0.000 0.000 0.307 0.256 0.027 0.000 0.000 0.000 0.000 0.000 0.660 0.017 0.672 0.010 0.000 0.000 0.000 0.000 0.000 0.000 0.000 0.000 0.006 0.289
0.003 0.005 0.885 0.987 0.000 0.998 0.881 0.000 0.000 0.000 0.000 0.000 0.002 0.000 0.000 0.000 0.000 0.000 0.901 0.972 0.995 0.968 0.068 0.000 0.000 0.000 0.000 0.000 0.000 0.000 0.000 0.000 0.000
0.002 0.945 0.979 0.971 0.998 0.000 0.997 0.882 0.000 0.000 0.000 0.000 0.000 0.000 0.000 0.000 0.006 0.997 0.998 0.994 0.979 0.176 0.430 0.000 0.904 0.903 0.977 0.000 0.048 0.003 0.962 0.166 0.020
0.000 0.748 0.000 0.000 0.881 0.997 0.000 0.977 0.989 0.000 0.000 0.000 0.000 0.000 0.000 0.000 0.843 0.966 1.000 0.894 0.985 0.000 0.000 0.000 0.000 0.000 0.000 0.000 0.000 0.000 0.174 0.000 0.000
0.004 0.806 0.000 0.000 0.000 0.882 0.977 0.000 0.989 0.821 0.000 0.000 0.000 0.000 0.000 0.966 0.970 0.986 0.900 0.000 0.000 0.000 0.000 0.000 0.000 0.000 0.000 0.000 0.000 0.493 0.002 0.000 0.000
0.000 0.000 0.000 0.000 0.000 0.000 0.989 0.989 0.000 0.980 0.820 0.000 0.000 0.000 0.825 0.953 0.998 0.933 0.985 0.000 0.762 0.000 0.000 0.006 0.000 0.185 0.000 0.000 0.000 0.000 0.000 0.000 0.000
0.067 0.000 0.000 0.000 0.000 0.000 0.000 0.821 0.980 0.000 0.992 0.918 0.073 0.954 0.969 0.962 0.986 0.000 0.000 0.000 0.000 0.000 0.000 0.000 0.000 0.000 0.000 0.127 0.000 0.000 0.000 0.000 0.000
0.036 0.000 0.000 0.000 0.000 0.000 0.000 0.000 0.820 0.992 0.000 0.999 0.984 0.977 0.982 0.829 0.939 0.000 0.000 0.000 0.000 0.000 0.000 0.000 0.000 0.000 0.000 0.924 0.000 0.000 0.000 0.000 0.000
0.220 0.173 0.197 0.307 0.000 0.000 0.000 0.000 0.000 0.918 0.999 0.000 0.994 0.957 0.748 0.000 0.368 0.000 0.000 0.000 0.000 0.005 0.000 0.000 0.000 0.000 0.000 0.043 0.000 0.000 0.000 0.003 0.025
0.264 0.194 0.220 0.256 0.002 0.000 0.000 0.000 0.000 0.073 0.984 0.994 0.000 0.997 0.981 0.000 0.000 0.000 0.000 0.000 0.000 0.003 0.000 0.000 0.000 0.000 0.000 0.382 0.000 0.000 0.000 0.001 0.185
0.235 0.005 0.022 0.027 0.000 0.000 0.000 0.000 0.000 0.954 0.977 0.957 0.997 0.000 0.987 0.834 0.000 0.000 0.000 0.000 0.000 0.000 0.000 0.000 0.000 0.000 0.000 0.001 0.000 0.000 0.000 0.000 0.000
0.108 0.000 0.000 0.000 0.000 0.000 0.000 0.000 0.825 0.969 0.982 0.748 0.981 0.987 0.000 0.981 0.957 0.000 0.000 0.000 0.000 0.000 0.000 0.000 0.000 0.000 0.000 0.997 0.129 0.000 0.000 0.000 0.000
0.006 0.000 0.000 0.000 0.000 0.000 0.000 0.966 0.953 0.962 0.829 0.000 0.000 0.834 0.981 0.000 0.994 0.959 0.000 0.000 0.000 0.000 0.000 0.000 0.000 0.000 0.129 0.992 0.039 0.111 0.000 0.000 0.000
0.000 0.000 0.000 0.000 0.000 0.006 0.843 0.970 0.998 0.986 0.939 0.368 0.000 0.000 0.957 0.994 0.000 0.978 0.966 0.000 0.000 0.000 0.000 0.000 0.019 0.953 0.964 0.995 0.547 0.001 0.000 0.000 0.000
0.000 0.874 0.006 0.000 0.000 0.997 0.966 0.986 0.933 0.000 0.000 0.000 0.000 0.000 0.000 0.959 0.978 0.000 0.986 0.873 0.000 0.000 0.000 0.000 0.865 0.928 0.997 0.978 0.987 1.000 0.996 0.000 0.000
0.000 0.133 0.000 0.000 0.901 0.998 1.000 0.900 0.985 0.000 0.000 0.000 0.000 0.000 0.000 0.000 0.966 0.986 0.000 0.996 0.986 0.004 0.000 0.986 0.973 0.963 0.878 0.000 0.000 0.000 0.103 0.000 0.000
0.000 0.008 0.178 0.660 0.972 0.994 0.894 0.000 0.000 0.000 0.000 0.000 0.000 0.000 0.000 0.000 0.000 0.873 0.996 0.000 0.983 0.981 0.999 0.991 0.991 0.909 0.149 0.000 0.000 0.000 0.059 0.000 0.000
0.000 0.003 0.000 0.017 0.995 0.979 0.985 0.000 0.762 0.000 0.000 0.000 0.000 0.000 0.000 0.000 0.000 0.000 0.986 0.983 0.000 0.988 0.946 0.984 0.257 0.000 0.000 0.000 0.000 0.000 0.000 0.000 0.000
0.000 0.000 0.026 0.672 0.968 0.176 0.000 0.000 0.000 0.000 0.000 0.005 0.003 0.000 0.000 0.000 0.000 0.000 0.004 0.981 0.988 0.000 0.986 0.951 0.154 0.000 0.000 0.000 0.000 0.000 0.000 0.000 0.000
0.000 0.000 0.002 0.010 0.068 0.430 0.000 0.000 0.000 0.000 0.000 0.000 0.000 0.000 0.000 0.000 0.000 0.000 0.000 0.999 0.946 0.986 0.000 0.993 0.993 0.006 0.002 0.000 0.000 0.000 0.000 0.000 0.000
0.001 0.000 0.000 0.000 0.000 0.000 0.000 0.000 0.006 0.000 0.000 0.000 0.000 0.000 0.000 0.000 0.000 0.000 0.986 0.991 0.984 0.951 0.993 0.000 0.989 0.933 0.000 0.000 0.000 0.000 0.000 0.000 0.000
0.000 0.000 0.000 0.000 0.000 0.904 0.000 0.000 0.000 0.000 0.000 0.000 0.000 0.000 0.000 0.000 0.019 0.865 0.973 0.991 0.257 0.154 0.993 0.989 0.000 0.995 0.895 0.000 0.000 0.000 0.000 0.000 0.000
0.000 0.000 0.000 0.000 0.000 0.903 0.000 0.000 0.185 0.000 0.000 0.000 0.000 0.000 0.000 0.000 0.953 0.928 0.963 0.909 0.000 0.000 0.006 0.933 0.995 0.000 0.972 0.820 0.000 0.000 0.000 0.000 0.000
0.000 0.000 0.001 0.000 0.000 0.977 0.000 0.000 0.000 0.000 0.000 0.000 0.000 0.000 0.000 0.129 0.964 0.997 0.878 0.149 0.000 0.000 0.002 0.000 0.895 0.972 0.000 0.992 0.989 0.916 0.986 0.653 0.000
0.006 0.000 0.000 0.000 0.000 0.000 0.000 0.000 0.000 0.127 0.924 0.043 0.382 0.001 0.997 0.992 0.995 0.978 0.000 0.000 0.000 0.000 0.000 0.000 0.000 0.820 0.992 0.000 0.980 0.947 0.012 0.000 0.000
0.000 0.000 0.000 0.000 0.000 0.048 0.000 0.000 0.000 0.000 0.000 0.000 0.000 0.000 0.129 0.039 0.547 0.987 0.000 0.000 0.000 0.000 0.000 0.000 0.000 0.000 0.989 0.980 0.000 1.000 0.985 0.046 0.000
0.649 0.878 0.416 0.000 0.000 0.003 0.000 0.493 0.000 0.000 0.000 0.000 0.000 0.000 0.000 0.111 0.001 1.000 0.000 0.000 0.000 0.000 0.000 0.000 0.000 0.000 0.916 0.947 1.000 0.000 0.998 0.977 0.237
0.079 0.981 0.841 0.000 0.000 0.962 0.174 0.002 0.000 0.000 0.000 0.000 0.000 0.000 0.000 0.000 0.000 0.996 0.103 0.059 0.000 0.000 0.000 0.000 0.000 0.000 0.986 0.012 0.985 0.998 0.000 0.996 0.899
0.162 0.457 0.918 0.006 0.000 0.166 0.000 0.000 0.000 0.000 0.000 0.003 0.001 0.000 0.000 0.000 0.000 0.000 0.000 0.000 0.000 0.000 0.000 0.000 0.000 0.000 0.653 0.000 0.046 0.977 0.996 0.000 0.979
0.560 0.474 0.962 0.289 0.000 0.020 0.000 0.000 0.000 0.000 0.000 0.025 0.185 0.000 0.000 0.000 0.000 0.000 0.000 0.000 0.000 0.000 0.000 0.000 0.000 0.000 0.000 0.000 0.000 0.237 0.899 0.979 0.000
