0.000 0.995 0.968 0.187 0.005 0.005 0.002 0.004 0.000 0.000 0.000 0.000 0.000 0.000 0.000 0.000 0.000 0.000 0.002 0.000 0.000 0.000 0.000 0.000 0.000 0.000 0.000 0.000 0.000 0.000 0.586 0.150 0.156 0.275
0.995 0.000 0.998 0.896 0.005 0.982 0.881 0.935 0.000 0.000 0.000 0.000 0.000 0.000 0.000 0.000 0.000 0.001 0.975 0.197 0.000 0.001 0.000 0.000 0.000 0.000 0.000 0.000 0.000 0.000 0.971 0.980 0.274 0.180
0.968 0.998 0.000 0.975 0.819 0.968 0.000 0.000 0.000 0.000 0.000 0.000 0.000 0.000 0.000 0.000 0.000 0.000 0.001 0.000 0.157 0.000 0.000 0.000 0.000 0.000 0.000 0.000 0.000 0.000 0.456 0.992 0.980 0.944
0.187 0.896 0.975 0.000 0.948 0.977 0.000 0.000 0.000 0.000 0.000 0.000 0.000 0.000 0.000 0.000 0.000 0.000 0.000 0.000 0.668 0.014 0.557 0.012 0.000 0.000 0.000 0.000 0.000 0.000 0.000 0.000 0.021 0.542
0.005 0.005 0.819 0.948 0.000 0.978 0.837 0.000 0.000 0.000 0.000 0.000 0.000 0.000 0.000 0.000 0.000 0.000 0.000 0.779 0.961 0.927 0.949 0.151 0.000 0.000 0.000 0.000 0.000 0.000 0.000 0.000 0.000 0.002
0.005 0.982 0.968 0.977 0.978 0.000 0.981 0.901 0.000 0.000 0.000 0.000 0.000 0.000 0.000 0.000 0.000 0.012 0.990 0.971 0.994 0.873 0.127 0.543 0.000 0.925 0.934 0.998 0.000 0.020 0.003 0.992 0.211 0.342
0.002 0.881 0.000 0.000 0.837 0.981 0.000 1.000 0.999 0.000 0.000 0.000 0.000 0.000 0.000 0.000 0.000 0.921 0.996 0.964 0.869 0.935 0.000 0.000 0.000 0.000 0.000 0.000 0.000 0.000 0.000 0.201 0.000 0.000
0.004 0.935 0.000 0.000 0.000 0.901 1.000 0.000 0.986 0.927 0.000 0.000 0.000 0.000 0.000 0.000 0.978 0.911 0.990 0.872 0.000 0.000 0.000 0.000 0.000 0.000 0.000 0.000 0.000 0.000 0.499 0.004 0.000 0.000
0.000 0.000 0.000 0.000 0.000 0.000 0.999 0.986 0.000 1.000 0.934 0.025 0.000 0.012 0.000 0.911 0.977 0.999 0.977 0.969 0.000 0.551 0.000 0.000 0.006 0.000 0.123 0.000 0.002 0.000 0.000 0.000 0.000 0.000
0.000 0.000 0.000 0.000 0.000 0.000 0.000 0.927 1.000 0.000 0.989 0.965 0.018 0.097 0.946 0.982 0.998 0.994 0.002 0.000 0.000 0.000 0.000 0.000 0.000 0.000 0.000 0.000 0.036 0.000 0.003 0.000 0.000 0.000
0.000 0.000 0.000 0.000 0.000 0.000 0.000 0.000 0.934 0.989 0.000 0.991 0.988 0.970 0.982 0.996 0.952 0.975 0.000 0.000 0.000 0.000 0.000 0.000 0.000 0.000 0.000 0.000 0.901 0.000 0.000 0.000 0.000 0.000
0.000 0.000 0.000 0.000 0.000 0.000 0.000 0.000 0.025 0.965 0.991 0.000 0.993 0.955 0.953 0.329 0.000 0.498 0.000 0.000 0.000 0.000 0.000 0.000 0.000 0.000 0.000 0.000 0.037 0.000 0.000 0.000 0.000 0.000
0.000 0.000 0.000 0.000 0.000 0.000 0.000 0.000 0.000 0.018 0.988 0.993 0.000 0.998 0.976 0.057 0.000 0.003 0.000 0.000 0.000 0.000 0.000 0.000 0.000 0.000 0.000 0.000 0.227 0.000 0.000 0.000 0.000 0.000
0.000 0.000 0.000 0.000 0.000 0.000 0.000 0.000 0.012 0.097 0.970 0.955 0.998 0.000 0.982 0.993 0.037 0.099 0.000 0.000 0.000 0.000 0.000 0.000 0.000 0.000 0.000 0.000 0.844 0.000 0.000 0.000 0.000 0.000
0.000 0.000 0.000 0.000 0.000 0.000 0.000 0.000 0.000 0.946 0.982 0.953 0.976 0.982 0.000 1.000 0.954 0.001 0.000 0.000 0.000 0.000 0.000 0.000 0.000 0.000 0.000 0.000 0.038 0.000 0.000 0.000 0.000 0.000
0.000 0.000 0.000 0.000 0.000 0.000 0.000 0.000 0.911 0.982 0.996 0.329 0.057 0.993 1.000 0.000 0.999 0.984 0.038 0.000 0.000 0.000 0.000 0.000 0.000 0.000 0.000 0.000 0.965 0.216 0.003 0.000 0.000 0.000
0.000 0.000 0.000 0.000 0.000 0.000 0.000 0.978 0.977 0.998 0.952 0.000 0.000 0.037 0.954 0.999 0.000 0.993 0.985 0.000 0.000 0.000 0.000 0.000 0.000 0.000 0.000 0.092 0.966 0.066 0.265 0.000 0.000 0.000
0.000 0.001 0.000 0.000 0.000 0.012 0.921 0.911 0.999 0.994 0.975 0.498 0.003 0.099 0.001 0.984 0.993 0.000 0.998 0.999 0.001 0.000 0.000 0.000 0.001 0.044 0.983 0.974 0.994 0.263 0.000 0.000 0.000 0.000
0.002 0.975 0.001 0.000 0.000 0.990 0.996 0.990 0.977 0.002 0.000 0.000 0.000 0.000 0.000 0.038 0.985 0.998 0.000 0.998 0.914 0.000 0.000 0.000 0.000 0.894 0.981 0.992 0.950 0.923 0.923 0.929 0.000 0.000
0.000 0.197 0.000 0.000 0.779 0.971 0.964 0.872 0.969 0.000 0.000 0.000 0.000 0.000 0.000 0.000 0.000 0.999 0.998 0.000 0.990 0.994 0.007 0.000 0.971 0.974 0.996 0.960 0.000 0.000 0.000 0.138 0.000 0.000
0.000 0.000 0.157 0.668 0.961 0.994 0.869 0.000 0.000 0.000 0.000 0.000 0.000 0.000 0.000 0.000 0.000 0.001 0.914 0.990 0.000 0.994 0.975 0.982 0.989 0.988 0.962 0.088 0.000 0.000 0.000 0.072 0.000 0.148
0.000 0.001 0.000 0.014 0.927 0.873 0.935 0.000 0.551 0.000 0.000 0.000 0.000 0.000 0.000 0.000 0.000 0.000 0.000 0.994 0.994 0.000 0.986 0.910 0.967 0.266 0.000 0.000 0.000 0.000 0.000 0.000 0.000 0.000
0.000 0.000 0.000 0.557 0.949 0.127 0.000 0.000 0.000 0.000 0.000 0.000 0.000 0.000 0.000 0.000 0.000 0.000 0.000 0.007 0.975 0.986 0.000 0.995 0.948 0.151 0.000 0.000 0.000 0.000 0.000 0.000 0.000 0.001
0.000 0.000 0.000 0.012 0.151 0.543 0.000 0.000 0.000 0.000 0.000 0.000 0.000 0.000 0.000 0.000 0.000 0.000 0.000 0.000 0.982 0.910 0.995 0.000 0.985 0.983 0.003 0.000 0.000 0.000 0.000 0.000 0.000 0.001
0.000 0.000 0.000 0.000 0.000 0.000 0.000 0.000 0.006 0.000 0.000 0.000 0.000 0.000 0.000 0.000 0.000 0.001 0.000 0.971 0.989 0.967 0.948 0.985 0.000 0.993 0.918 0.000 0.000 0.000 0.000 0.000 0.000 0.000
0.000 0.000 0.000 0.000 0.000 0.925 0.000 0.000 0.000 0.000 0.000 0.000 0.000 0.000 0.000 0.000 0.000 0.044 0.894 0.974 0.988 0.266 0.151 0.983 0.993 0.000 0.991 0.919 0.000 0.000 0.000 0.000 0.000 0.000
0.000 0.000 0.000 0.000 0.000 0.934 0.000 0.000 0.123 0.000 0.000 0.000 0.000 0.000 0.000 0.000 0.000 0.983 0.981 0.996 0.962 0.000 0.000 0.003 0.918 0.991 0.000 0.993 0.901 0.000 0.000 0.000 0.000 0.000
0.000 0.000 0.000 0.000 0.000 0.998 0.000 0.000 0.000 0.000 0.000 0.000 0.000 0.000 0.000 0.000 0.092 0.974 0.992 0.960 0.088 0.000 0.000 0.000 0.000 0.919 0.993 0.000 0.983 0.995 0.828 0.956 0.529 0.038
0.000 0.000 0.000 0.000 0.000 0.000 0.000 0.000 0.002 0.036 0.901 0.037 0.227 0.844 0.038 0.965 0.966 0.994 0.950 0.000 0.000 0.000 0.000 0.000 0.000 0.000 0.901 0.983 0.000 0.954 0.707 0.015 0.000 0.000
0.000 0.000 0.000 0.000 0.000 0.020 0.000 0.000 0.000 0.000 0.000 0.000 0.000 0.000 0.000 0.216 0.066 0.263 0.923 0.000 0.000 0.000 0.000 0.000 0.000 0.000 0.000 0.995 0.954 0.000 0.967 0.960 0.022 0.000
0.586 0.971 0.456 0.000 0.000 0.003 0.000 0.499 0.000 0.003 0.000 0.000 0.000 0.000 0.000 0.003 0.265 0.000 0.923 0.000 0.000 0.000 0.000 0.000 0.000 0.000 0.000 0.828 0.707 0.967 0.000 1.000 0.968 0.051
0.150 0.980 0.992 0.000 0.000 0.992 0.201 0.004 0.000 0.000 0.000 0.000 0.000 0.000 0.000 0.000 0.000 0.000 0.929 0.138 0.072 0.000 0.000 0.000 0.000 0.000 0.000 0.956 0.015 0.960 1.000 0.000 0.992 0.909
0.156 0.274 0.980 0.021 0.000 0.211 0.000 0.000 0.000 0.000 0.000 0.000 0.000 0.000 0.000 0.000 0.000 0.000 0.000 0.000 0.000 0.000 0.000 0.000 0.000 0.000 0.000 0.529 0.000 0.022 0.968 0.992 0.000 0.992
0.275 0.180 0.944 0.542 0.002 0.342 0.000 0.000 0.000 0.000 0.000 0.000 0.000 0.000 0.000 0.000 0.000 0.000 0.000 0.000 0.148 0.000 0.001 0.001 0.000 0.000 0.000 0.038 0.000 0.000 0.051 0.909 0.992 0.000
