0.000 0.994 0.937 0.236 0.006 0.007 0.001 0.010 0.000 0.000 0.000 0.001 0.000 0.001 0.000 0.000 0.002 0.000 0.000 0.000 0.000 0.000 0.000 0.000 0.000 0.000 0.000 0.000 0.794 0.079 0.099 0.333
0.994 0.000 0.999 0.953 0.007 0.990 0.950 0.959 0.000 0.000 0.000 0.000 0.000 0.000 0.000 0.000 0.985 0.154 0.000 0.001 0.000 0.000 0.000 0.000 0.000 0.000 0.000 0.000 0.968 0.978 0.247 0.233
0.937 0.999 0.000 0.989 0.906 0.996 0.000 0.000 0.000 0.000 0.000 0.000 0.000 0.000 0.000 0.000 0.007 0.000 0.218 0.000 0.000 0.000 0.000 0.000 0.000 0.000 0.000 0.000 0.620 0.998 0.979 0.960
0.236 0.953 0.989 0.000 0.987 0.978 0.000 0.000 0.000 0.000 0.000 0.000 0.000 0.002 0.000 0.000 0.000 0.000 0.793 0.009 0.784 0.013 0.000 0.000 0.000 0.000 0.000 0.000 0.000 0.000 0.015 0.443
0.006 0.007 0.906 0.987 0.000 0.980 0.932 0.000 0.000 0.000 0.000 0.000 0.000 0.000 0.000 0.000 0.000 0.914 0.986 0.960 0.962 0.188 0.000 0.000 0.000 0.000 0.000 0.000 0.000 0.000 0.000 0.000
0.007 0.990 0.996 0.978 0.980 0.000 0.996 0.913 0.000 0.000 0.000 0.000 0.000 0.000 0.000 0.011 1.000 0.990 0.992 0.882 0.173 0.580 0.000 0.927 0.956 0.995 0.000 0.011 0.000 0.993 0.249 0.056
0.001 0.950 0.000 0.000 0.932 0.996 0.000 0.975 1.000 0.000 0.000 0.000 0.000 0.000 0.000 0.934 0.990 1.000 0.928 0.947 0.000 0.000 0.000 0.000 0.000 0.000 0.000 0.000 0.000 0.284 0.000 0.000
0.010 0.959 0.000 0.000 0.000 0.913 0.975 0.000 0.998 0.976 0.000 0.000 0.000 0.000 0.998 0.996 0.990 0.916 0.000 0.000 0.000 0.000 0.000 0.000 0.000 0.000 0.000 0.000 0.439 0.005 0.000 0.000
0.000 0.000 0.000 0.000 0.000 0.000 1.000 0.998 0.000 0.999 0.996 0.000 0.000 0.964 0.972 0.999 0.965 0.991 0.000 0.857 0.000 0.000 0.013 0.000 0.114 0.000 0.001 0.000 0.000 0.000 0.000 0.000
0.000 0.000 0.000 0.000 0.000 0.000 0.000 0.976 0.999 0.000 1.000 0.978 0.968 0.989 0.993 0.998 0.000 0.000 0.000 0.000 0.000 0.000 0.000 0.000 0.000 0.000 0.213 0.000 0.000 0.000 0.000 0.000
0.000 0.000 0.000 0.000 0.000 0.000 0.000 0.000 0.996 1.000 0.000 0.997 0.970 0.980 0.949 1.000 0.001 0.000 0.000 0.000 0.000 0.000 0.000 0.000 0.000 0.000 0.871 0.000 0.000 0.000 0.000 0.000
0.001 0.000 0.000 0.000 0.000 0.000 0.000 0.000 0.000 0.978 0.997 0.000 0.990 0.995 0.000 0.012 0.000 0.000 0.000 0.000 0.000 0.000 0.000 0.000 0.000 0.000 0.553 0.000 0.000 0.000 0.000 0.000
0.000 0.000 0.000 0.000 0.000 0.000 0.000 0.000 0.000 0.968 0.970 0.990 0.000 0.997 0.951 0.000 0.000 0.000 0.000 0.000 0.000 0.000 0.000 0.000 0.000 0.000 0.011 0.000 0.000 0.000 0.000 0.000
0.001 0.000 0.000 0.002 0.000 0.000 0.000 0.000 0.964 0.989 0.980 0.995 0.997 0.000 1.000 0.984 0.000 0.000 0.000 0.000 0.001 0.000 0.000 0.000 0.000 0.000 0.985 0.041 0.000 0.000 0.000 0.000
0.000 0.000 0.000 0.000 0.000 0.000 0.000 0.998 0.972 0.993 0.949 0.000 0.951 1.000 0.000 0.986 0.984 0.000 0.000 0.000 0.000 0.000 0.000 0.000 0.000 0.127 0.988 0.114 0.130 0.000 0.000 0.000
0.000 0.000 0.000 0.000 0.000 0.011 0.934 0.996 0.999 0.998 1.000 0.012 0.000 0.984 0.986 0.000 0.998 0.997 0.001 0.000 0.000 0.000 0.000 0.039 0.991 0.987 1.000 0.476 0.000 0.000 0.000 0.000
0.002 0.985 0.007 0.000 0.000 1.000 0.990 0.990 0.965 0.000 0.001 0.000 0.000 0.000 0.984 0.998 0.000 0.997 0.912 0.000 0.000 0.000 0.000 0.852 0.916 0.996 0.998 0.993 0.987 0.988 0.000 0.000
0.000 0.154 0.000 0.000 0.914 0.990 1.000 0.916 0.991 0.000 0.000 0.000 0.000 0.000 0.000 0.997 0.997 0.000 1.000 0.998 0.012 0.000 0.978 0.967 0.973 0.924 0.000 0.000 0.000 0.169 0.000 0.000
0.000 0.000 0.218 0.793 0.986 0.992 0.928 0.000 0.000 0.000 0.000 0.000 0.000 0.000 0.000 0.001 0.912 1.000 0.000 0.985 0.967 0.968 0.965 0.980 0.959 0.044 0.000 0.000 0.000 0.085 0.000 0.000
0.000 0.001 0.000 0.009 0.960 0.882 0.947 0.000 0.857 0.000 0.000 0.000 0.000 0.000 0.000 0.000 0.000 0.998 0.985 0.000 0.992 0.923 0.951 0.154 0.000 0.000 0.000 0.000 0.000 0.000 0.000 0.000
0.000 0.000 0.000 0.784 0.962 0.173 0.000 0.000 0.000 0.000 0.000 0.000 0.000 0.001 0.000 0.000 0.000 0.012 0.967 0.992 0.000 0.986 0.954 0.151 0.000 0.000 0.000 0.000 0.000 0.000 0.000 0.000
0.000 0.000 0.000 0.013 0.188 0.580 0.000 0.000 0.000 0.000 0.000 0.000 0.000 0.000 0.000 0.000 0.000 0.000 0.968 0.923 0.986 0.000 0.999 0.993 0.002 0.000 0.000 0.000 0.000 0.000 0.000 0.000
0.000 0.000 0.000 0.000 0.000 0.000 0.000 0.000 0.013 0.000 0.000 0.000 0.000 0.000 0.000 0.000 0.000 0.978 0.965 0.951 0.954 0.999 0.000 0.990 0.950 0.000 0.000 0.000 0.000 0.000 0.000 0.000
0.000 0.000 0.000 0.000 0.000 0.927 0.000 0.000 0.000 0.000 0.000 0.000 0.000 0.000 0.000 0.039 0.852 0.967 0.980 0.154 0.151 0.993 0.990 0.000 0.999 0.899 0.000 0.000 0.000 0.000 0.000 0.000
0.000 0.000 0.000 0.000 0.000 0.956 0.000 0.000 0.114 0.000 0.000 0.000 0.000 0.000 0.000 0.991 0.916 0.973 0.959 0.000 0.000 0.002 0.950 0.999 0.000 0.978 0.889 0.000 0.000 0.000 0.000 0.000
0.000 0.000 0.000 0.000 0.000 0.995 0.000 0.000 0.000 0.000 0.000 0.000 0.000 0.000 0.127 0.987 0.996 0.924 0.044 0.000 0.000 0.000 0.000 0.899 0.978 0.000 0.999 0.988 0.967 0.995 0.775 0.000
0.000 0.000 0.000 0.000 0.000 0.000 0.000 0.000 0.001 0.213 0.871 0.553 0.011 0.985 0.988 1.000 0.998 0.000 0.000 0.000 0.000 0.000 0.000 0.000 0.889 0.999 0.000 0.994 0.932 0.007 0.000 0.000
0.000 0.000 0.000 0.000 0.000 0.011 0.000 0.000 0.000 0.000 0.000 0.000 0.000 0.041 0.114 0.476 0.993 0.000 0.000 0.000 0.000 0.000 0.000 0.000 0.000 0.988 0.994 0.000 0.997 0.989 0.038 0.000
0.794 0.968 0.620 0.000 0.000 0.000 0.000 0.439 0.000 0.000 0.000 0.000 0.000 0.000 0.130 0.000 0.987 0.000 0.000 0.000 0.000 0.000 0.000 0.000 0.000 0.967 0.932 0.997 0.000 0.998 0.987 0.308
0.079 0.978 0.998 0.000 0.000 0.993 0.284 0.005 0.000 0.000 0.000 0.000 0.000 0.000 0.000 0.000 0.988 0.169 0.085 0.000 0.000 0.000 0.000 0.000 0.000 0.995 0.007 0.989 0.998 0.000 0.995 0.958
0.099 0.247 0.979 0.015 0.000 0.249 0.000 0.000 0.000 0.000 0.000 0.000 0.000 0.000 0.000 0.000 0.000 0.000 0.000 0.000 0.000 0.000 0.000 0.000 0.000 0.775 0.000 0.038 0.987 0.995 0.000 0.999
0.333 0.233 0.960 0.443 0.000 0.056 0.000 0.000 0.000 0.000 0.000 0.000 0.000 0.000 0.000 0.000 0.000 0.000 0.000 0.000 0.000 0.000 0.000 0.000 0.000 0.000 0.000 0.000 0.308 0.958 0.999 0.000
