0.000 0.997 0.976 0.156 0.050 0.012 0.000 0.001 0.006 0.175 0.000 0.000 0.000 0.064 0.042 0.005 0.000 0.000 0.001 0.000 0.032 0.000 0.000 0.000 0.000 0.000 0.000 0.000 0.000 0.000 0.000 0.000 0.450 0.040 0.074 0.098
0.997 0.000 0.991 1.000 0.000 0.000 0.000 0.000 0.007 0.610 0.000 0.000 0.000 0.002 0.009 0.001 0.000 0.000 0.051 0.000 0.466 0.000 0.000 0.000 0.000 0.000 0.000 0.000 0.000 0.000 0.000 0.000 0.829 0.025 0.000 0.000
0.976 0.991 0.000 1.000 0.996 0.133 0.000 0.000 0.000 0.002 0.000 0.000 0.000 0.037 0.039 0.010 0.000 0.000 0.000 0.000 0.008 0.000 0.000 0.000 0.000 0.000 0.000 0.000 0.000 0.000 0.000 0.000 0.758 0.218 0.090 0.182
0.156 1.000 1.000 0.000 1.000 0.936 0.004 1.000 0.987 0.992 0.000 0.000 0.000 0.000 0.000 0.000 0.000 0.000 0.000 0.000 1.000 0.263 0.000 0.001 0.000 0.000 0.000 0.000 0.000 0.000 0.000 0.000 0.946 1.000 0.218 0.122
0.050 0.000 0.996 1.000 0.000 0.991 0.988 0.997 0.000 0.000 0.000 0.000 0.000 0.025 0.003 0.000 0.000 0.000 0.000 0.000 0.007 0.000 0.163 0.001 0.000 0.000 0.000 0.000 0.000 0.000 0.000 0.000 0.584 0.996 0.984 0.968
0.012 0.000 0.133 0.936 0.991 0.000 0.979 0.931 0.000 0.000 0.000 0.000 0.000 0.028 0.023 0.005 0.000 0.000 0.000 0.000 0.000 0.000 0.755 0.025 0.538 0.003 0.000 0.000 0.000 0.000 0.000 0.000 0.000 0.000 0.013 0.525
0.000 0.000 0.000 0.004 0.988 0.979 0.000 1.000 0.960 0.000 0.000 0.000 0.000 0.000 0.000 0.000 0.000 0.000 0.000 0.000 0.000 0.951 1.000 0.984 0.990 0.110 0.000 0.000 0.000 0.000 0.000 0.000 0.000 0.000 0.000 0.000
0.001 0.000 0.000 1.000 0.997 0.931 1.000 0.000 0.989 0.977 0.000 0.000 0.000 0.000 0.000 0.000 0.000 0.000 0.000 0.011 0.993 0.987 1.000 0.991 0.154 0.480 0.000 0.968 0.957 1.000 0.000 0.038 0.002 1.000 0.310 0.077
0.006 0.007 0.000 0.987 0.000 0.000 0.960 0.989 0.000 1.000 0.999 0.000 0.000 0.000 0.000 0.000 0.000 0.000 0.000 0.966 1.000 1.000 0.992 0.991 0.000 0.000 0.000 0.000 0.000 0.000 0.000 0.000 0.000 0.297 0.000 0.000
0.175 0.610 0.002 0.992 0.000 0.000 0.000 0.977 1.000 0.000 0.995 0.926 0.000 0.000 0.000 0.000 0.000 0.000 0.998 0.998 0.999 0.998 0.000 0.000 0.000 0.000 0.000 0.000 0.000 0.000 0.001 0.000 0.417 0.001 0.000 0.000
0.000 0.000 0.000 0.000 0.000 0.000 0.000 0.000 0.999 0.995 0.000 1.000 0.984 0.044 0.000 0.000 0.000 0.980 1.000 1.000 0.927 0.993 0.001 0.826 0.000 0.000 0.021 0.000 0.167 0.000 0.001 0.000 0.000 0.000 0.000 0.000
0.000 0.000 0.000 0.000 0.000 0.000 0.000 0.000 0.000 0.926 1.000 0.000 1.000 0.912 0.021 0.075 0.981 1.000 0.987 1.000 0.000 0.000 0.000 0.000 0.000 0.000 0.000 0.000 0.000 0.000 0.129 0.000 0.000 0.000 0.000 0.000
0.000 0.000 0.000 0.000 0.000 0.000 0.000 0.000 0.000 0.000 0.984 1.000 0.000 0.968 0.942 0.991 0.995 0.999 0.963 0.994 0.000 0.000 0.000 0.000 0.000 0.000 0.000 0.000 0.000 0.000 0.973 0.000 0.000 0.000 0.000 0.000
0.064 0.002 0.037 0.000 0.025 0.028 0.000 0.000 0.000 0.000 0.044 0.912 0.968 0.000 0.999 0.980 0.952 0.170 0.000 0.581 0.000 0.000 0.000 0.000 0.000 0.000 0.000 0.000 0.000 0.000 0.008 0.000 0.000 0.000 0.107 0.310
0.042 0.009 0.039 0.000 0.003 0.023 0.000 0.000 0.000 0.000 0.000 0.021 0.942 0.999 0.000 0.981 0.941 0.061 0.000 0.000 0.000 0.000 0.000 0.000 0.004 0.000 0.000 0.000 0.000 0.000 0.100 0.000 0.000 0.000 0.014 0.083
0.005 0.001 0.010 0.000 0.000 0.005 0.000 0.000 0.000 0.000 0.000 0.075 0.991 0.980 0.981 0.000 1.000 0.974 0.001 0.024 0.000 0.000 0.000 0.000 0.003 0.000 0.000 0.000 0.000 0.000 0.690 0.000 0.000 0.000 0.000 0.002
0.000 0.000 0.000 0.000 0.000 0.000 0.000 0.000 0.000 0.000 0.000 0.981 0.995 0.952 0.941 1.000 0.000 1.000 0.951 0.000 0.000 0.000 0.000 0.000 0.000 0.000 0.000 0.000 0.000 0.000 0.007 0.000 0.000 0.000 0.000 0.000
0.000 0.000 0.000 0.000 0.000 0.000 0.000 0.000 0.000 0.000 0.980 1.000 0.999 0.170 0.061 0.974 1.000 0.000 0.993 0.996 0.001 0.000 0.000 0.000 0.000 0.000 0.000 0.000 0.000 0.000 0.998 0.107 0.000 0.000 0.000 0.000
0.001 0.051 0.000 0.000 0.000 0.000 0.000 0.000 0.000 0.998 1.000 0.987 0.963 0.000 0.000 0.001 0.951 0.993 0.000 1.000 0.981 0.000 0.000 0.000 0.000 0.000 0.000 0.000 0.000 0.101 1.000 0.043 0.107 0.000 0.000 0.000
0.000 0.000 0.000 0.000 0.000 0.000 0.000 0.011 0.966 0.998 1.000 1.000 0.994 0.581 0.000 0.024 0.000 0.996 1.000 0.000 0.988 1.000 0.001 0.000 0.000 0.000 0.000 0.032 0.996 0.982 1.000 0.566 0.000 0.000 0.000 0.000
0.032 0.466 0.008 1.000 0.007 0.000 0.000 0.993 1.000 0.999 0.927 0.000 0.000 0.000 0.000 0.000 0.000 0.001 0.981 0.988 0.000 1.000 0.993 0.000 0.000 0.000 0.000 0.984 0.993 1.000 1.000 0.996 0.989 0.984 0.000 0.000
0.000 0.000 0.000 0.263 0.000 0.000 0.951 0.987 1.000 0.998 0.993 0.000 0.000 0.000 0.000 0.000 0.000 0.000 0.000 1.000 1.000 0.000 0.996 1.000 0.012 0.000 0.999 0.996 1.000 0.993 0.000 0.000 0.000 0.201 0.000 0.000
0.000 0.000 0.000 0.000 0.163 0.755 1.000 1.000 0.992 0.000 0.001 0.000 0.000 0.000 0.000 0.000 0.000 0.000 0.000 0.001 0.993 0.996 0.000 1.000 0.991 0.993 0.993 0.999 0.987 0.105 0.000 0.000 0.000 0.080 0.000 0.000
0.000 0.000 0.000 0.001 0.001 0.025 0.984 0.991 0.991 0.000 0.826 0.000 0.000 0.000 0.000 0.000 0.000 0.000 0.000 0.000 0.000 1.000 1.000 0.000 0.996 0.983 0.997 0.277 0.000 0.000 0.000 0.000 0.000 0.000 0.000 0.000
0.000 0.000 0.000 0.000 0.000 0.538 0.990 0.154 0.000 0.000 0.000 0.000 0.000 0.000 0.004 0.003 0.000 0.000 0.000 0.000 0.000 0.012 0.991 0.996 0.000 1.000 0.969 0.169 0.000 0.000 0.000 0.000 0.000 0.000 0.000 0.000
0.000 0.000 0.000 0.000 0.000 0.003 0.110 0.480 0.000 0.000 0.000 0.000 0.000 0.000 0.000 0.000 0.000 0.000 0.000 0.000 0.000 0.000 0.993 0.983 1.000 0.000 0.992 0.970 0.005 0.000 0.000 0.000 0.000 0.000 0.000 0.000
0.000 0.000 0.000 0.000 0.000 0.000 0.000 0.000 0.000 0.000 0.021 0.000 0.000 0.000 0.000 0.000 0.000 0.000 0.000 0.000 0.000 0.999 0.993 0.997 0.969 0.992 0.000 0.999 0.995 0.000 0.000 0.000 0.000 0.000 0.000 0.000
0.000 0.000 0.000 0.000 0.000 0.000 0.000 0.968 0.000 0.000 0.000 0.000 0.000 0.000 0.000 0.000 0.000 0.000 0.000 0.032 0.984 0.996 0.999 0.277 0.169 0.970 0.999 0.000 1.000 0.993 0.000 0.000 0.000 0.000 0.000 0.000
0.000 0.000 0.000 0.000 0.000 0.000 0.000 0.957 0.000 0.000 0.167 0.000 0.000 0.000 0.000 0.000 0.000 0.000 0.000 0.996 0.993 1.000 0.987 0.000 0.000 0.005 0.995 1.000 0.000 0.995 0.987 0.000 0.000 0.000 0.000 0.000
0.000 0.000 0.000 0.000 0.000 0.000 0.000 1.000 0.000 0.000 0.000 0.000 0.000 0.000 0.000 0.000 0.000 0.000 0.101 0.982 1.000 0.993 0.105 0.000 0.000 0.000 0.000 0.993 0.995 0.000 1.000 1.000 1.000 1.000 0.805 0.000
0.000 0.000 0.000 0.000 0.000 0.000 0.000 0.000 0.000 0.001 0.001 0.129 0.973 0.008 0.100 0.690 0.007 0.998 1.000 1.000 1.000 0.000 0.000 0.000 0.000 0.000 0.000 0.000 0.987 1.000 0.000 0.991 0.973 0.008 0.000 0.000
0.000 0.000 0.000 0.000 0.000 0.000 0.000 0.038 0.000 0.000 0.000 0.000 0.000 0.000 0.000 0.000 0.000 0.107 0.043 0.566 0.996 0.000 0.000 0.000 0.000 0.000 0.000 0.000 0.000 1.000 0.991 0.000 1.000 0.999 0.037 0.000
0.450 0.829 0.758 0.946 0.584 0.000 0.000 0.002 0.000 0.417 0.000 0.000 0.000 0.000 0.000 0.000 0.000 0.000 0.107 0.000 0.989 0.000 0.000 0.000 0.000 0.000 0.000 0.000 0.000 1.000 0.973 1.000 0.000 1.000 0.955 0.117
0.040 0.025 0.218 1.000 0.996 0.000 0.000 1.000 0.297 0.001 0.000 0.000 0.000 0.000 0.000 0.000 0.000 0.000 0.000 0.000 0.984 0.201 0.080 0.000 0.000 0.000 0.000 0.000 0.000 1.000 0.008 0.999 1.000 0.000 0.967 0.870
0.074 0.000 0.090 0.218 0.984 0.013 0.000 0.310 0.000 0.000 0.000 0.000 0.000 0.107 0.014 0.000 0.000 0.000 0.000 0.000 0.000 0.000 0.000 0.000 0.000 0.000 0.000 0.000 0.000 0.805 0.000 0.037 0.955 0.967 0.000 0.990
0.098 0.000 0.182 0.122 0.968 0.525 0.000 0.077 0.000 0.000 0.000 0.000 0.000 0.310 0.083 0.002 0.000 0.000 0.000 0.000 0.000 0.000 0.000 0.000 0.000 0.000 0.000 0.000 0.000 0.000 0.000 0.000 0.117 0.870 0.990 0.000
