0.000 0.978 0.938 0.207 0.007 0.003 0.000 0.017 0.000 0.000 0.000 0.043 0.004 0.000 0.000 0.000 0.000 0.000 0.004 0.000 0.000 0.001 0.000 0.000 0.000 0.000 0.000 0.000 0.000 0.000 0.554 0.191 0.228 0.420
0.978 0.000 0.997 0.953 0.005 0.976 0.974 0.984 0.000 0.000 0.000 0.001 0.000 0.000 0.000 0.000 0.000 0.000 0.982 0.173 0.000 0.001 0.000 0.000 0.000 0.000 0.000 0.000 0.000 0.000 0.945 0.993 0.337 0.313
0.938 0.997 0.000 1.000 0.966 0.986 0.000 0.000 0.000 0.000 0.000 0.006 0.000 0.000 0.000 0.000 0.000 0.000 0.007 0.000 0.214 0.003 0.000 0.000 0.000 0.000 0.000 0.000 0.000 0.000 0.348 0.989 0.954 0.881
0.207 0.953 1.000 0.000 0.983 0.988 0.000 0.000 0.000 0.000 0.000 0.008 0.000 0.000 0.000 0.000 0.000 0.000 0.000 0.000 0.760 0.069 0.617 0.010 0.000 0.000 0.000 0.000 0.000 0.000 0.000 0.000 0.013 0.451
0.007 0.005 0.966 0.983 0.000 0.999 0.951 0.000 0.000 0.000 0.000 0.000 0.000 0.000 0.000 0.000 0.000 0.000 0.000 0.946 0.975 0.988 0.961 0.170 0.000 0.000 0.000 0.000 0.000 0.000 0.000 0.000 0.000 0.000
0.003 0.976 0.986 0.988 0.999 0.000 0.999 0.958 0.000 0.000 0.000 0.000 0.000 0.000 0.000 0.000 0.000 0.013 0.985 1.000 0.996 0.986 0.137 0.496 0.000 0.956 0.965 0.983 0.000 0.043 0.007 0.987 0.212 0.043
0.000 0.974 0.000 0.000 0.951 0.999 0.000 0.996 0.999 0.000 0.000 0.000 0.000 0.000 0.000 0.000 0.000 0.972 0.996 0.998 0.959 0.973 0.000 0.000 0.000 0.000 0.000 0.000 0.000 0.000 0.000 0.279 0.000 0.000
0.017 0.984 0.000 0.000 0.000 0.958 0.996 0.000 0.996 0.991 0.000 0.000 0.000 0.000 0.000 0.000 0.999 0.993 1.000 0.957 0.000 0.000 0.000 0.000 0.000 0.000 0.000 0.000 0.000 0.000 0.362 0.002 0.000 0.000
0.000 0.000 0.000 0.000 0.000 0.000 0.999 0.996 0.000 1.000 0.988 0.023 0.000 0.007 0.000 0.971 0.991 1.000 1.000 1.000 0.001 0.875 0.000 0.000 0.011 0.000 0.170 0.000 0.001 0.000 0.000 0.000 0.000 0.000
0.000 0.000 0.000 0.000 0.000 0.000 0.000 0.991 1.000 0.000 1.000 0.999 0.021 0.086 0.965 0.998 1.000 1.000 0.000 0.000 0.000 0.000 0.000 0.000 0.000 0.000 0.000 0.000 0.082 0.000 0.000 0.000 0.000 0.000
0.000 0.000 0.000 0.000 0.000 0.000 0.000 0.000 0.988 1.000 0.000 1.000 0.999 0.993 0.977 0.997 0.984 1.000 0.000 0.000 0.000 0.000 0.000 0.000 0.000 0.000 0.000 0.000 0.881 0.000 0.000 0.000 0.000 0.000
0.043 0.001 0.006 0.008 0.000 0.000 0.000 0.000 0.023 0.999 1.000 0.000 0.995 0.988 0.975 0.279 0.008 0.598 0.000 0.000 0.000 0.000 0.004 0.004 0.000 0.000 0.000 0.000 0.020 0.000 0.002 0.000 0.080 0.197
0.004 0.000 0.000 0.000 0.000 0.000 0.000 0.000 0.000 0.021 0.999 0.995 0.000 0.999 0.983 0.063 0.000 0.003 0.000 0.000 0.000 0.000 0.000 0.000 0.000 0.000 0.000 0.000 0.100 0.000 0.000 0.000 0.002 0.016
0.000 0.000 0.000 0.000 0.000 0.000 0.000 0.000 0.007 0.086 0.993 0.988 0.999 0.000 0.996 1.000 0.015 0.100 0.000 0.000 0.000 0.000 0.000 0.000 0.000 0.000 0.000 0.000 0.767 0.000 0.000 0.000 0.000 0.000
0.000 0.000 0.000 0.000 0.000 0.000 0.000 0.000 0.000 0.965 0.977 0.975 0.983 0.996 0.000 0.997 0.993 0.001 0.000 0.000 0.000 0.000 0.000 0.000 0.000 0.000 0.000 0.000 0.014 0.000 0.000 0.000 0.000 0.000
0.000 0.000 0.000 0.000 0.000 0.000 0.000 0.000 0.971 0.998 0.997 0.279 0.063 1.000 0.997 0.000 1.000 0.993 0.000 0.000 0.000 0.000 0.000 0.000 0.000 0.000 0.000 0.000 0.966 0.053 0.000 0.000 0.000 0.000
0.000 0.000 0.000 0.000 0.000 0.000 0.000 0.999 0.991 1.000 0.984 0.008 0.000 0.015 0.993 1.000 0.000 0.998 0.999 0.000 0.000 0.000 0.000 0.000 0.000 0.000 0.000 0.094 0.995 0.038 0.061 0.000 0.000 0.000
0.000 0.000 0.000 0.000 0.000 0.013 0.972 0.993 1.000 1.000 1.000 0.598 0.003 0.100 0.001 0.993 0.998 0.000 1.000 0.996 0.001 0.000 0.000 0.000 0.000 0.030 0.974 0.993 0.994 0.537 0.000 0.000 0.000 0.000
0.004 0.982 0.007 0.000 0.000 0.985 0.996 1.000 1.000 0.000 0.000 0.000 0.000 0.000 0.000 0.000 0.999 1.000 0.000 0.990 0.957 0.000 0.000 0.000 0.000 0.935 0.963 0.999 0.993 0.991 0.996 0.989 0.000 0.000
0.000 0.173 0.000 0.000 0.946 1.000 0.998 0.957 1.000 0.000 0.000 0.000 0.000 0.000 0.000 0.000 0.000 0.996 0.990 0.000 1.000 1.000 0.013 0.001 0.979 0.997 0.997 0.975 0.000 0.000 0.000 0.166 0.000 0.000
0.000 0.000 0.214 0.760 0.975 0.996 0.959 0.000 0.001 0.000 0.000 0.000 0.000 0.000 0.000 0.000 0.000 0.001 0.957 1.000 0.000 1.000 0.997 0.965 0.991 0.996 0.988 0.099 0.000 0.000 0.000 0.065 0.000 0.000
0.001 0.001 0.003 0.069 0.988 0.986 0.973 0.000 0.875 0.000 0.000 0.000 0.000 0.000 0.000 0.000 0.000 0.000 0.000 1.000 1.000 0.000 0.997 0.949 0.994 0.288 0.000 0.000 0.000 0.000 0.000 0.000 0.000 0.000
0.000 0.000 0.000 0.617 0.961 0.137 0.000 0.000 0.000 0.000 0.000 0.004 0.000 0.000 0.000 0.000 0.000 0.000 0.000 0.013 0.997 0.997 0.000 1.000 0.988 0.171 0.000 0.000 0.000 0.000 0.000 0.000 0.000 0.000
0.000 0.000 0.000 0.010 0.170 0.496 0.000 0.000 0.000 0.000 0.000 0.004 0.000 0.000 0.000 0.000 0.000 0.000 0.000 0.001 0.965 0.949 1.000 0.000 0.991 0.983 0.004 0.000 0.000 0.000 0.000 0.000 0.000 0.000
0.000 0.000 0.000 0.000 0.000 0.000 0.000 0.000 0.011 0.000 0.000 0.000 0.000 0.000 0.000 0.000 0.000 0.000 0.000 0.979 0.991 0.994 0.988 0.991 0.000 1.000 0.971 0.000 0.000 0.000 0.000 0.000 0.000 0.000
0.000 0.000 0.000 0.000 0.000 0.956 0.000 0.000 0.000 0.000 0.000 0.000 0.000 0.000 0.000 0.000 0.000 0.030 0.935 0.997 0.996 0.288 0.171 0.983 1.000 0.000 0.998 0.957 0.000 0.000 0.000 0.000 0.000 0.000
0.000 0.000 0.000 0.000 0.000 0.965 0.000 0.000 0.170 0.000 0.000 0.000 0.000 0.000 0.000 0.000 0.000 0.974 0.963 0.997 0.988 0.000 0.000 0.004 0.971 0.998 0.000 0.992 0.923 0.000 0.000 0.000 0.000 0.000
0.000 0.000 0.000 0.000 0.000 0.983 0.000 0.000 0.000 0.000 0.000 0.000 0.000 0.000 0.000 0.000 0.094 0.993 0.999 0.975 0.099 0.000 0.000 0.000 0.000 0.957 0.992 0.000 0.994 0.991 0.947 0.984 0.619 0.000
0.000 0.000 0.000 0.000 0.000 0.000 0.000 0.000 0.001 0.082 0.881 0.020 0.100 0.767 0.014 0.966 0.995 0.994 0.993 0.000 0.000 0.000 0.000 0.000 0.000 0.000 0.923 0.994 0.000 1.000 0.970 0.007 0.000 0.000
0.000 0.000 0.000 0.000 0.000 0.043 0.000 0.000 0.000 0.000 0.000 0.000 0.000 0.000 0.000 0.053 0.038 0.537 0.991 0.000 0.000 0.000 0.000 0.000 0.000 0.000 0.000 0.991 1.000 0.000 0.999 0.979 0.027 0.000
0.554 0.945 0.348 0.000 0.000 0.007 0.000 0.362 0.000 0.000 0.000 0.002 0.000 0.000 0.000 0.000 0.061 0.000 0.996 0.000 0.000 0.000 0.000 0.000 0.000 0.000 0.000 0.947 0.970 0.999 0.000 0.992 0.902 0.212
0.191 0.993 0.989 0.000 0.000 0.987 0.279 0.002 0.000 0.000 0.000 0.000 0.000 0.000 0.000 0.000 0.000 0.000 0.989 0.166 0.065 0.000 0.000 0.000 0.000 0.000 0.000 0.984 0.007 0.979 0.992 0.000 0.943 0.734
0.228 0.337 0.954 0.013 0.000 0.212 0.000 0.000 0.000 0.000 0.000 0.080 0.002 0.000 0.000 0.000 0.000 0.000 0.000 0.000 0.000 0.000 0.000 0.000 0.000 0.000 0.000 0.619 0.000 0.027 0.902 0.943 0.000 0.983
0.420 0.313 0.881 0.451 0.000 0.043 0.000 0.000 0.000 0.000 0.000 0.197 0.016 0.000 0.000 0.000 0.000 0.000 0.000 0.000 0.000 0.000 0.000 0.000 0.000 0.000 0.000 0.000 0.000 0.000 0.212 0.734 0.983 0.000
