0.000 0.991 0.959 0.247 0.003 0.002 0.001 0.010 0.000 0.000 0.000 0.003 0.001 0.000 0.000 0.000 0.000 0.000 0.004 0.000 0.000 0.000 0.000 0.000 0.000 0.000 0.000 0.000 0.000 0.000 0.833 0.222 0.204 0.454
0.991 0.000 1.000 0.972 0.007 0.999 0.994 0.993 0.000 0.000 0.000 0.000 0.000 0.000 0.000 0.000 0.000 0.000 1.000 0.211 0.000 0.004 0.000 0.000 0.000 0.000 0.000 0.000 0.000 0.000 0.975 0.990 0.304 0.357
0.959 1.000 0.000 0.998 1.000 1.000 0.006 0.001 0.000 0.000 0.000 0.000 0.000 0.000 0.000 0.000 0.000 0.000 0.041 0.000 0.279 0.002 0.000 0.000 0.000 0.000 0.000 0.000 0.000 0.000 0.591 0.997 0.994 0.971
0.247 0.972 0.998 0.000 0.992 0.978 0.000 0.000 0.000 0.000 0.000 0.000 0.000 0.000 0.000 0.000 0.000 0.000 0.000 0.000 0.856 0.086 0.741 0.008 0.000 0.000 0.000 0.000 0.000 0.000 0.002 0.006 0.037 0.526
0.003 0.007 1.000 0.992 0.000 1.000 0.999 0.000 0.000 0.000 0.000 0.000 0.000 0.000 0.000 0.000 0.000 0.000 0.000 0.999 1.000 1.000 0.993 0.206 0.000 0.000 0.000 0.000 0.000 0.000 0.000 0.000 0.000 0.000
0.002 0.999 1.000 0.978 1.000 0.000 1.000 1.000 0.000 0.000 0.000 0.000 0.000 0.000 0.000 0.000 0.000 0.019 1.000 1.000 1.000 0.999 0.196 0.514 0.000 0.992 0.994 1.000 0.000 0.023 0.001 1.000 0.236 0.030
0.001 0.994 0.006 0.000 0.999 1.000 0.000 1.000 1.000 0.000 0.000 0.000 0.000 0.000 0.000 0.000 0.000 1.000 1.000 1.000 1.000 0.992 0.000 0.000 0.000 0.000 0.000 0.000 0.000 0.000 0.000 0.162 0.000 0.000
0.010 0.993 0.001 0.000 0.000 1.000 1.000 0.000 1.000 1.000 0.000 0.000 0.000 0.000 0.000 0.000 0.997 1.000 1.000 1.000 0.000 0.000 0.000 0.000 0.000 0.000 0.000 0.000 0.000 0.000 0.305 0.025 0.000 0.000
0.000 0.000 0.000 0.000 0.000 0.000 1.000 1.000 0.000 1.000 0.999 0.059 0.000 0.000 0.000 0.996 1.000 1.000 1.000 1.000 0.001 0.861 0.000 0.000 0.042 0.000 0.146 0.000 0.003 0.000 0.000 0.000 0.000 0.000
0.000 0.000 0.000 0.000 0.000 0.000 0.000 1.000 1.000 0.000 1.000 0.984 0.026 0.077 0.982 1.000 1.000 1.000 0.000 0.000 0.000 0.000 0.000 0.000 0.000 0.000 0.000 0.000 0.081 0.000 0.000 0.000 0.000 0.000
0.000 0.000 0.000 0.000 0.000 0.000 0.000 0.000 0.999 1.000 0.000 1.000 0.999 1.000 0.993 1.000 0.999 1.000 0.000 0.000 0.000 0.000 0.000 0.000 0.000 0.000 0.000 0.000 0.976 0.000 0.000 0.000 0.000 0.000
0.003 0.000 0.000 0.000 0.000 0.000 0.000 0.000 0.059 0.984 1.000 0.000 1.000 1.000 0.987 0.225 0.000 0.614 0.000 0.000 0.000 0.000 0.000 0.000 0.000 0.000 0.000 0.000 0.018 0.000 0.000 0.000 0.001 0.003
0.001 0.000 0.000 0.000 0.000 0.000 0.000 0.000 0.000 0.026 0.999 1.000 0.000 1.000 0.976 0.061 0.000 0.001 0.000 0.000 0.000 0.000 0.000 0.000 0.000 0.000 0.000 0.000 0.141 0.000 0.000 0.000 0.000 0.002
0.000 0.000 0.000 0.000 0.000 0.000 0.000 0.000 0.000 0.077 1.000 1.000 1.000 0.000 0.995 0.995 0.006 0.017 0.000 0.000 0.000 0.000 0.000 0.000 0.000 0.000 0.000 0.000 0.822 0.000 0.000 0.000 0.000 0.000
0.000 0.000 0.000 0.000 0.000 0.000 0.000 0.000 0.000 0.982 0.993 0.987 0.976 0.995 0.000 1.000 0.987 0.000 0.000 0.000 0.000 0.000 0.000 0.000 0.000 0.000 0.000 0.000 0.021 0.000 0.000 0.000 0.000 0.000
0.000 0.000 0.000 0.000 0.000 0.000 0.000 0.000 0.996 1.000 1.000 0.225 0.061 0.995 1.000 0.000 0.999 1.000 0.005 0.000 0.000 0.000 0.000 0.000 0.000 0.000 0.000 0.000 0.960 0.131 0.001 0.000 0.000 0.000
0.000 0.000 0.000 0.000 0.000 0.000 0.000 0.997 1.000 1.000 0.999 0.000 0.000 0.006 0.987 0.999 0.000 1.000 1.000 0.000 0.000 0.000 0.000 0.000 0.000 0.000 0.000 0.067 0.999 0.011 0.079 0.000 0.000 0.000
0.000 0.000 0.000 0.000 0.000 0.019 1.000 1.000 1.000 1.000 1.000 0.614 0.001 0.017 0.000 1.000 1.000 0.000 1.000 1.000 0.001 0.000 0.000 0.000 0.000 0.061 1.000 1.000 1.000 0.300 0.000 0.000 0.000 0.000
0.004 1.000 0.041 0.000 0.000 1.000 1.000 1.000 1.000 0.000 0.000 0.000 0.000 0.000 0.000 0.005 1.000 1.000 0.000 1.000 1.000 0.000 0.000 0.000 0.000 0.999 1.000 1.000 1.000 1.000 1.000 1.000 0.000 0.000
0.000 0.211 0.000 0.000 0.999 1.000 1.000 1.000 1.000 0.000 0.000 0.000 0.000 0.000 0.000 0.000 0.000 1.000 1.000 0.000 1.000 1.000 0.023 0.003 0.991 1.000 1.000 1.000 0.000 0.000 0.000 0.132 0.000 0.000
0.000 0.000 0.279 0.856 1.000 1.000 1.000 0.000 0.001 0.000 0.000 0.000 0.000 0.000 0.000 0.000 0.000 0.001 1.000 1.000 0.000 1.000 0.997 0.986 0.969 1.000 0.998 0.097 0.000 0.000 0.000 0.075 0.000 0.000
0.000 0.004 0.002 0.086 1.000 0.999 0.992 0.000 0.861 0.000 0.000 0.000 0.000 0.000 0.000 0.000 0.000 0.000 0.000 1.000 1.000 0.000 0.999 0.996 0.997 0.332 0.000 0.000 0.000 0.000 0.000 0.000 0.000 0.000
0.000 0.000 0.000 0.741 0.993 0.196 0.000 0.000 0.000 0.000 0.000 0.000 0.000 0.000 0.000 0.000 0.000 0.000 0.000 0.023 0.997 0.999 0.000 1.000 0.998 0.193 0.000 0.000 0.000 0.000 0.000 0.000 0.000 0.000
0.000 0.000 0.000 0.008 0.206 0.514 0.000 0.000 0.000 0.000 0.000 0.000 0.000 0.000 0.000 0.000 0.000 0.000 0.000 0.003 0.986 0.996 1.000 0.000 1.000 1.000 0.003 0.000 0.000 0.000 0.000 0.000 0.000 0.000
0.000 0.000 0.000 0.000 0.000 0.000 0.000 0.000 0.042 0.000 0.000 0.000 0.000 0.000 0.000 0.000 0.000 0.000 0.000 0.991 0.969 0.997 0.998 1.000 0.000 0.996 0.961 0.000 0.000 0.000 0.000 0.000 0.000 0.000
0.000 0.000 0.000 0.000 0.000 0.992 0.000 0.000 0.000 0.000 0.000 0.000 0.000 0.000 0.000 0.000 0.000 0.061 0.999 1.000 1.000 0.332 0.193 1.000 0.996 0.000 1.000 0.999 0.000 0.000 0.000 0.000 0.000 0.000
0.000 0.000 0.000 0.000 0.000 0.994 0.000 0.000 0.146 0.000 0.000 0.000 0.000 0.000 0.000 0.000 0.000 1.000 1.000 1.000 0.998 0.000 0.000 0.003 0.961 1.000 0.000 1.000 1.000 0.000 0.000 0.000 0.000 0.000
0.000 0.000 0.000 0.000 0.000 1.000 0.000 0.000 0.000 0.000 0.000 0.000 0.000 0.000 0.000 0.000 0.067 1.000 1.000 1.000 0.097 0.000 0.000 0.000 0.000 0.999 1.000 0.000 1.000 1.000 0.995 1.000 0.759 0.000
0.000 0.000 0.000 0.000 0.000 0.000 0.000 0.000 0.003 0.081 0.976 0.018 0.141 0.822 0.021 0.960 0.999 1.000 1.000 0.000 0.000 0.000 0.000 0.000 0.000 0.000 1.000 1.000 0.000 1.000 0.991 0.007 0.000 0.000
0.000 0.000 0.000 0.000 0.000 0.023 0.000 0.000 0.000 0.000 0.000 0.000 0.000 0.000 0.000 0.131 0.011 0.300 1.000 0.000 0.000 0.000 0.000 0.000 0.000 0.000 0.000 1.000 1.000 0.000 1.000 1.000 0.033 0.000
0.833 0.975 0.591 0.002 0.000 0.001 0.000 0.305 0.000 0.000 0.000 0.000 0.000 0.000 0.000 0.001 0.079 0.000 1.000 0.000 0.000 0.000 0.000 0.000 0.000 0.000 0.000 0.995 0.991 1.000 0.000 1.000 0.993 0.290
0.222 0.990 0.997 0.006 0.000 1.000 0.162 0.025 0.000 0.000 0.000 0.000 0.000 0.000 0.000 0.000 0.000 0.000 1.000 0.132 0.075 0.000 0.000 0.000 0.000 0.000 0.000 1.000 0.007 1.000 1.000 0.000 0.988 0.937
0.204 0.304 0.994 0.037 0.000 0.236 0.000 0.000 0.000 0.000 0.000 0.001 0.000 0.000 0.000 0.000 0.000 0.000 0.000 0.000 0.000 0.000 0.000 0.000 0.000 0.000 0.000 0.759 0.000 0.033 0.993 0.988 0.000 0.992
0.454 0.357 0.971 0.526 0.000 0.030 0.000 0.000 0.000 0.000 0.000 0.003 0.002 0.000 0.000 0.000 0.000 0.000 0.000 0.000 0.000 0.000 0.000 0.000 0.000 0.000 0.000 0.000 0.000 0.000 0.290 0.937 0.992 0.000
