0.000 0.984 0.965 0.388 0.011 0.000 0.000 0.000 0.000 0.000 0.000 0.000 0.000 0.000 0.000 0.010 0.000 0.011 0.527 0.047 0.000 0.000 0.000 0.000 0.000 0.000 0.000 0.053 0.059
0.984 0.000 0.977 0.837 0.000 0.000 0.000 0.000 0.000 0.000 0.000 0.000 0.000 0.000 0.000 0.000 0.735 0.978 0.953 0.957 0.717 0.000 0.000 0.000 0.000 0.000 0.000 0.049 0.032
0.965 0.977 0.000 0.989 0.790 0.000 0.000 0.000 0.000 0.000 0.000 0.000 0.000 0.000 0.008 0.956 0.982 0.994 0.893 0.239 0.443 0.000 0.879 0.798 0.934 0.000 0.107 0.324 0.965
0.388 0.837 0.989 0.000 0.990 0.982 0.000 0.000 0.000 0.000 0.000 0.000 0.000 0.000 0.836 0.950 0.985 0.891 0.913 0.000 0.000 0.000 0.000 0.000 0.000 0.000 0.000 0.052 0.204
0.011 0.000 0.790 0.990 0.000 0.995 0.884 0.000 0.000 0.000 0.000 0.000 0.000 0.926 0.948 0.980 0.912 0.000 0.001 0.000 0.000 0.000 0.000 0.000 0.000 0.001 0.001 0.221 0.043
0.000 0.000 0.000 0.982 0.995 0.000 0.984 0.926 0.102 0.000 0.000 0.001 0.934 0.968 0.997 0.935 0.984 0.000 0.511 0.000 0.000 0.017 0.000 0.468 0.002 0.000 0.000 0.000 0.000
0.000 0.000 0.000 0.000 0.884 0.984 0.000 0.999 0.994 0.001 0.009 0.977 0.979 0.973 0.983 0.000 0.000 0.000 0.000 0.000 0.000 0.000 0.000 0.000 0.000 0.002 0.000 0.000 0.000
0.000 0.000 0.000 0.000 0.000 0.926 0.999 0.000 0.996 0.994 0.995 0.997 0.988 0.917 0.990 0.000 0.000 0.000 0.000 0.000 0.000 0.000 0.000 0.000 0.000 0.516 0.000 0.000 0.000
0.000 0.000 0.000 0.000 0.000 0.102 0.994 0.996 0.000 0.995 0.976 0.981 0.036 0.000 0.704 0.000 0.001 0.000 0.000 0.002 0.000 0.000 0.000 0.001 0.000 0.003 0.000 0.000 0.000
0.000 0.000 0.000 0.000 0.000 0.000 0.001 0.994 0.995 0.000 0.999 0.992 0.076 0.000 0.001 0.000 0.000 0.000 0.000 0.000 0.000 0.000 0.000 0.000 0.000 0.015 0.000 0.000 0.000
0.000 0.000 0.000 0.000 0.000 0.000 0.009 0.995 0.976 0.999 0.000 0.997 0.997 0.001 0.017 0.000 0.000 0.000 0.000 0.000 0.000 0.000 0.000 0.000 0.000 0.203 0.000 0.000 0.000
0.000 0.000 0.000 0.000 0.000 0.001 0.977 0.997 0.981 0.992 0.997 0.000 0.990 0.947 0.000 0.000 0.000 0.000 0.000 0.000 0.000 0.000 0.000 0.000 0.000 0.000 0.000 0.000 0.000
0.000 0.000 0.000 0.000 0.000 0.934 0.979 0.988 0.036 0.076 0.997 0.990 0.000 0.998 0.995 0.002 0.000 0.000 0.000 0.001 0.000 0.000 0.000 0.000 0.000 0.676 0.053 0.000 0.000
0.000 0.000 0.000 0.000 0.926 0.968 0.973 0.917 0.000 0.000 0.001 0.947 0.998 0.000 1.000 0.937 0.000 0.000 0.000 0.000 0.000 0.000 0.000 0.000 0.025 0.924 0.019 0.027 0.000
0.000 0.000 0.008 0.836 0.948 0.997 0.983 0.990 0.704 0.001 0.017 0.000 0.995 1.000 0.000 0.999 0.951 0.001 0.000 0.000 0.000 0.000 0.026 0.988 0.992 0.998 0.362 0.001 0.000
0.010 0.000 0.956 0.950 0.980 0.935 0.000 0.000 0.000 0.000 0.000 0.000 0.002 0.937 0.999 0.000 0.973 0.802 0.000 0.000 0.000 0.000 0.808 0.974 1.000 0.979 0.996 0.987 0.785
0.000 0.735 0.982 0.985 0.912 0.984 0.000 0.000 0.001 0.000 0.000 0.000 0.000 0.000 0.951 0.973 0.000 0.995 0.966 0.008 0.002 0.959 0.985 0.981 0.900 0.000 0.000 0.006 0.156
0.011 0.978 0.994 0.891 0.000 0.000 0.000 0.000 0.000 0.000 0.000 0.000 0.000 0.000 0.001 0.802 0.995 0.000 0.989 0.989 0.959 0.948 0.998 0.900 0.230 0.000 0.000 0.019 0.091
0.527 0.953 0.893 0.913 0.001 0.511 0.000 0.000 0.000 0.000 0.000 0.000 0.000 0.000 0.000 0.000 0.966 0.989 0.000 0.966 0.906 0.974 0.292 0.000 0.000 0.000 0.000 0.000 0.000
0.047 0.957 0.239 0.000 0.000 0.000 0.000 0.000 0.002 0.000 0.000 0.000 0.001 0.000 0.000 0.000 0.008 0.989 0.966 0.000 1.000 0.979 0.109 0.000 0.000 0.000 0.000 0.000 0.001
0.000 0.717 0.443 0.000 0.000 0.000 0.000 0.000 0.000 0.000 0.000 0.000 0.000 0.000 0.000 0.000 0.002 0.959 0.906 1.000 0.000 0.992 0.963 0.001 0.004 0.000 0.000 0.000 0.001
0.000 0.000 0.000 0.000 0.000 0.017 0.000 0.000 0.000 0.000 0.000 0.000 0.000 0.000 0.000 0.000 0.959 0.948 0.974 0.979 0.992 0.000 0.975 0.763 0.000 0.000 0.000 0.000 0.000
0.000 0.000 0.879 0.000 0.000 0.000 0.000 0.000 0.000 0.000 0.000 0.000 0.000 0.000 0.026 0.808 0.985 0.998 0.292 0.109 0.963 0.975 0.000 0.980 0.880 0.000 0.000 0.000 0.021
0.000 0.000 0.798 0.000 0.000 0.468 0.000 0.000 0.001 0.000 0.000 0.000 0.000 0.000 0.988 0.974 0.981 0.900 0.000 0.000 0.001 0.763 0.980 0.000 0.982 0.893 0.000 0.000 0.000
0.000 0.000 0.934 0.000 0.000 0.002 0.000 0.000 0.000 0.000 0.000 0.000 0.000 0.025 0.992 1.000 0.900 0.230 0.000 0.000 0.004 0.000 0.880 0.982 0.000 0.988 0.992 0.727 0.859
0.000 0.000 0.000 0.000 0.001 0.000 0.002 0.516 0.003 0.015 0.203 0.000 0.676 0.924 0.998 0.979 0.000 0.000 0.000 0.000 0.000 0.000 0.000 0.893 0.988 0.000 0.991 0.921 0.010
0.000 0.000 0.107 0.000 0.001 0.000 0.000 0.000 0.000 0.000 0.000 0.000 0.053 0.019 0.362 0.996 0.000 0.000 0.000 0.000 0.000 0.000 0.000 0.000 0.992 0.991 0.000 0.998 0.931
0.053 0.049 0.324 0.052 0.221 0.000 0.000 0.000 0.000 0.000 0.000 0.000 0.000 0.027 0.001 0.987 0.006 0.019 0.000 0.000 0.000 0.000 0.000 0.000 0.727 0.921 0.998 0.000 0.991
0.059 0.032 0.965 0.204 0.043 0.000 0.000 0.000 0.000 0.000 0.000 0.000 0.000 0.000 0.000 0.785 0.156 0.091 0.000 0.001 0.001 0.000 0.021 0.000 0.859 0.010 0.931 0.991 0.000
