0.000 0.979 0.881 0.192 0.006 0.005 0.000 0.003 0.000 0.000 0.000 0.004 0.000 0.000 0.000 0.000 0.000 0.000 0.000 0.000 0.002 0.000 0.000 0.000 0.000 0.000 0.000 0.000 0.000 0.718 0.258 0.278 0.476
0.979 0.000 0.995 0.957 0.006 0.986 0.978 0.939 0.000 0.000 0.000 0.000 0.000 0.000 0.000 0.000 0.000 0.979 0.183 0.000 0.000 0.000 0.000 0.000 0.000 0.000 0.000 0.000 0.000 0.976 0.997 0.404 0.390
0.881 0.995 0.000 1.000 0.982 0.999 0.000 0.000 0.000 0.000 0.000 0.000 0.000 0.000 0.000 0.000 0.000 0.004 0.000 0.314 0.002 0.000 0.000 0.000 0.000 0.000 0.000 0.000 0.000 0.457 1.000 0.956 0.953
0.192 0.957 1.000 0.000 1.000 1.000 0.000 0.000 0.000 0.000 0.000 0.001 0.000 0.000 0.000 0.000 0.000 0.000 0.000 0.940 0.069 0.758 0.016 0.000 0.000 0.000 0.000 0.000 0.000 0.000 0.000 0.011 0.506
0.006 0.006 0.982 1.000 0.000 1.000 0.972 0.000 0.000 0.000 0.000 0.000 0.000 0.000 0.000 0.000 0.000 0.000 0.973 0.997 0.981 0.990 0.248 0.000 0.000 0.000 0.000 0.000 0.000 0.000 0.000 0.000 0.000
0.005 0.986 0.999 1.000 1.000 0.000 0.996 0.913 0.000 0.000 0.000 0.000 0.000 0.000 0.000 0.000 0.023 0.992 0.997 1.000 0.967 0.183 0.621 0.000 0.960 0.940 0.987 0.000 0.010 0.000 0.992 0.154 0.029
0.000 0.978 0.000 0.000 0.972 0.996 0.000 0.998 0.990 0.000 0.000 0.000 0.000 0.000 0.000 0.000 0.948 0.997 0.998 0.975 0.949 0.000 0.000 0.000 0.000 0.000 0.000 0.000 0.000 0.000 0.267 0.000 0.000
0.003 0.939 0.000 0.000 0.000 0.913 0.998 0.000 0.992 0.963 0.000 0.000 0.000 0.000 0.000 0.994 0.986 0.986 0.941 0.000 0.000 0.000 0.000 0.000 0.000 0.000 0.000 0.001 0.000 0.497 0.001 0.000 0.000
0.000 0.000 0.000 0.000 0.000 0.000 0.990 0.992 0.000 1.000 0.973 0.000 0.000 0.000 0.955 0.976 1.000 0.975 0.992 0.000 0.735 0.000 0.000 0.016 0.000 0.104 0.000 0.001 0.000 0.000 0.000 0.000 0.000
0.000 0.000 0.000 0.000 0.000 0.000 0.000 0.963 1.000 0.000 0.999 0.969 0.074 0.980 0.989 0.989 0.983 0.000 0.000 0.000 0.000 0.000 0.000 0.000 0.000 0.000 0.000 0.112 0.000 0.000 0.000 0.000 0.000
0.000 0.000 0.000 0.000 0.000 0.000 0.000 0.000 0.973 0.999 0.000 0.996 0.984 0.982 0.990 0.947 1.000 0.000 0.000 0.000 0.000 0.000 0.000 0.000 0.000 0.000 0.000 0.957 0.000 0.000 0.000 0.000 0.000
0.004 0.000 0.000 0.001 0.000 0.000 0.000 0.000 0.000 0.969 0.996 0.000 0.997 0.978 0.756 0.000 0.411 0.000 0.000 0.000 0.000 0.000 0.000 0.000 0.000 0.000 0.000 0.059 0.000 0.000 0.000 0.000 0.023
0.000 0.000 0.000 0.000 0.000 0.000 0.000 0.000 0.000 0.074 0.984 0.997 0.000 0.997 0.993 0.000 0.000 0.000 0.000 0.000 0.000 0.000 0.000 0.000 0.000 0.000 0.000 0.376 0.000 0.000 0.000 0.000 0.000
0.000 0.000 0.000 0.000 0.000 0.000 0.000 0.000 0.000 0.980 0.982 0.978 0.997 0.000 0.994 0.952 0.000 0.000 0.000 0.000 0.000 0.000 0.000 0.000 0.000 0.000 0.000 0.001 0.000 0.000 0.000 0.000 0.000
0.000 0.000 0.000 0.000 0.000 0.000 0.000 0.000 0.955 0.989 0.990 0.756 0.993 0.994 0.000 0.998 0.995 0.003 0.000 0.000 0.000 0.000 0.000 0.000 0.000 0.000 0.000 0.997 0.088 0.000 0.000 0.000 0.000
0.000 0.000 0.000 0.000 0.000 0.000 0.000 0.994 0.976 0.989 0.947 0.000 0.000 0.952 0.998 0.000 0.993 0.994 0.000 0.000 0.000 0.000 0.000 0.000 0.000 0.000 0.074 0.992 0.027 0.085 0.000 0.000 0.000
0.000 0.000 0.000 0.000 0.000 0.023 0.948 0.986 1.000 0.983 1.000 0.411 0.000 0.000 0.995 0.993 0.000 0.999 0.995 0.001 0.000 0.000 0.000 0.000 0.039 0.996 0.997 0.999 0.526 0.000 0.000 0.000 0.000
0.000 0.979 0.004 0.000 0.000 0.992 0.997 0.986 0.975 0.000 0.000 0.000 0.000 0.000 0.003 0.994 0.999 0.000 1.000 0.966 0.000 0.000 0.000 0.000 0.953 0.968 1.000 0.996 0.986 0.996 0.983 0.000 0.000
0.000 0.183 0.000 0.000 0.973 0.997 0.998 0.941 0.992 0.000 0.000 0.000 0.000 0.000 0.000 0.000 0.995 1.000 0.000 1.000 0.994 0.020 0.000 0.992 1.000 1.000 0.985 0.000 0.000 0.000 0.186 0.000 0.000
0.000 0.000 0.314 0.940 0.997 1.000 0.975 0.000 0.000 0.000 0.000 0.000 0.000 0.000 0.000 0.000 0.001 0.966 1.000 0.000 0.999 1.000 1.000 0.987 0.993 0.962 0.030 0.000 0.000 0.000 0.048 0.000 0.000
0.002 0.000 0.002 0.069 0.981 0.967 0.949 0.000 0.735 0.000 0.000 0.000 0.000 0.000 0.000 0.000 0.000 0.000 0.994 0.999 0.000 0.996 0.996 0.978 0.316 0.000 0.000 0.000 0.000 0.000 0.000 0.000 0.000
0.000 0.000 0.000 0.758 0.990 0.183 0.000 0.000 0.000 0.000 0.000 0.000 0.000 0.000 0.000 0.000 0.000 0.000 0.020 1.000 0.996 0.000 1.000 0.972 0.162 0.000 0.000 0.000 0.000 0.000 0.000 0.000 0.000
0.000 0.000 0.000 0.016 0.248 0.621 0.000 0.000 0.000 0.000 0.000 0.000 0.000 0.000 0.000 0.000 0.000 0.000 0.000 1.000 0.996 1.000 0.000 1.000 0.995 0.001 0.000 0.000 0.000 0.000 0.000 0.000 0.000
0.000 0.000 0.000 0.000 0.000 0.000 0.000 0.000 0.016 0.000 0.000 0.000 0.000 0.000 0.000 0.000 0.000 0.000 0.992 0.987 0.978 0.972 1.000 0.000 1.000 0.991 0.000 0.000 0.000 0.000 0.000 0.000 0.000
0.000 0.000 0.000 0.000 0.000 0.960 0.000 0.000 0.000 0.000 0.000 0.000 0.000 0.000 0.000 0.000 0.039 0.953 1.000 0.993 0.316 0.162 0.995 1.000 0.000 0.995 0.968 0.000 0.000 0.000 0.000 0.000 0.000
0.000 0.000 0.000 0.000 0.000 0.940 0.000 0.000 0.104 0.000 0.000 0.000 0.000 0.000 0.000 0.000 0.996 0.968 1.000 0.962 0.000 0.000 0.001 0.991 0.995 0.000 0.994 0.916 0.000 0.000 0.000 0.000 0.000
0.000 0.000 0.000 0.000 0.000 0.987 0.000 0.000 0.000 0.000 0.000 0.000 0.000 0.000 0.000 0.074 0.997 1.000 0.985 0.030 0.000 0.000 0.000 0.000 0.968 0.994 0.000 0.997 0.994 0.956 0.987 0.722 0.000
0.000 0.000 0.000 0.000 0.000 0.000 0.000 0.001 0.001 0.112 0.957 0.059 0.376 0.001 0.997 0.992 0.999 0.996 0.000 0.000 0.000 0.000 0.000 0.000 0.000 0.916 0.997 0.000 0.990 0.928 0.007 0.000 0.000
0.000 0.000 0.000 0.000 0.000 0.010 0.000 0.000 0.000 0.000 0.000 0.000 0.000 0.000 0.088 0.027 0.526 0.986 0.000 0.000 0.000 0.000 0.000 0.000 0.000 0.000 0.994 0.990 0.000 0.995 0.967 0.042 0.000
0.718 0.976 0.457 0.000 0.000 0.000 0.000 0.497 0.000 0.000 0.000 0.000 0.000 0.000 0.000 0.085 0.000 0.996 0.000 0.000 0.000 0.000 0.000 0.000 0.000 0.000 0.956 0.928 0.995 0.000 0.996 0.992 0.207
0.258 0.997 1.000 0.000 0.000 0.992 0.267 0.001 0.000 0.000 0.000 0.000 0.000 0.000 0.000 0.000 0.000 0.983 0.186 0.048 0.000 0.000 0.000 0.000 0.000 0.000 0.987 0.007 0.967 0.996 0.000 0.997 0.951
0.278 0.404 0.956 0.011 0.000 0.154 0.000 0.000 0.000 0.000 0.000 0.000 0.000 0.000 0.000 0.000 0.000 0.000 0.000 0.000 0.000 0.000 0.000 0.000 0.000 0.000 0.722 0.000 0.042 0.992 0.997 0.000 0.998
0.476 0.390 0.953 0.506 0.000 0.029 0.000 0.000 0.000 0.000 0.000 0.023 0.000 0.000 0.000 0.000 0.000 0.000 0.000 0.000 0.000 0.000 0.000 0.000 0.000 0.000 0.000 0.000 0.000 0.207 0.951 0.998 0.000
