0.000 0.990 0.890 0.037 0.016 0.036 0.000 0.000 0.000 0.000 0.012 0.000 0.000 0.000 0.003 0.000 0.000 0.000 0.000 0.005 0.000 0.012 0.000 0.000 0.000 0.000 0.000 0.000 0.000 0.000 0.015 0.000 0.050 0.445 0.185 0.429 0.153
0.990 0.000 0.975 0.974 0.441 0.407 0.183 0.000 0.000 0.000 0.117 0.000 0.000 0.000 0.000 0.000 0.000 0.000 0.000 0.001 0.000 0.048 0.000 0.000 0.000 0.000 0.000 0.000 0.000 0.000 0.000 0.000 0.000 0.745 0.293 0.494 0.275
0.890 0.975 0.000 0.994 0.953 0.013 0.000 0.000 0.000 0.000 0.082 0.000 0.000 0.000 0.016 0.000 0.000 0.000 0.000 0.002 0.000 0.025 0.000 0.000 0.000 0.000 0.000 0.000 0.000 0.000 0.000 0.000 0.000 0.867 0.038 0.190 0.115
0.037 0.974 0.994 0.000 0.996 0.941 0.102 0.000 0.000 0.001 0.001 0.000 0.000 0.000 0.001 0.000 0.000 0.000 0.000 0.000 0.000 0.002 0.000 0.000 0.000 0.000 0.000 0.000 0.000 0.000 0.000 0.000 0.000 0.733 0.402 0.320 0.149
0.016 0.441 0.953 0.996 0.000 0.981 0.915 0.002 1.000 0.990 0.946 0.000 0.000 0.000 0.000 0.000 0.000 0.000 0.000 0.000 0.000 0.991 0.213 0.000 0.003 0.000 0.000 0.000 0.000 0.000 0.000 0.000 0.000 0.958 0.929 0.339 0.088
0.036 0.407 0.013 0.941 0.981 0.000 0.985 0.870 1.000 0.003 0.001 0.000 0.000 0.000 0.000 0.000 0.000 0.000 0.000 0.000 0.000 0.012 0.000 0.214 0.001 0.000 0.000 0.000 0.000 0.000 0.011 0.000 0.000 0.451 0.972 0.967 0.961
0.000 0.183 0.000 0.102 0.915 0.985 0.000 0.966 0.983 0.000 0.000 0.000 0.000 0.000 0.000 0.000 0.000 0.000 0.000 0.000 0.000 0.000 0.000 0.766 0.041 0.505 0.010 0.000 0.000 0.000 0.000 0.000 0.000 0.000 0.000 0.013 0.399
0.000 0.000 0.000 0.000 0.002 0.870 0.966 0.000 0.962 0.862 0.000 0.001 0.000 0.000 0.000 0.000 0.000 0.000 0.000 0.000 0.000 0.000 0.807 0.935 0.977 0.870 0.135 0.000 0.000 0.000 0.000 0.000 0.000 0.000 0.000 0.000 0.005
0.000 0.000 0.000 0.000 1.000 1.000 0.983 0.962 0.000 0.998 0.890 0.000 0.000 0.000 0.000 0.000 0.000 0.000 0.000 0.000 0.018 0.997 0.994 0.988 0.881 0.125 0.491 0.000 0.931 0.980 1.000 0.000 0.011 0.001 0.999 0.143 0.416
0.000 0.000 0.000 0.001 0.990 0.003 0.000 0.862 0.998 0.000 1.000 0.986 0.000 0.000 0.000 0.000 0.000 0.000 0.000 0.000 0.867 0.955 0.980 0.848 0.865 0.000 0.000 0.000 0.000 0.000 0.000 0.000 0.000 0.000 0.183 0.000 0.000
0.012 0.117 0.082 0.001 0.946 0.001 0.000 0.000 0.890 1.000 0.000 0.987 0.925 0.000 0.000 0.000 0.000 0.000 0.000 0.967 0.935 0.945 0.881 0.000 0.000 0.000 0.000 0.000 0.000 0.000 0.000 0.000 0.000 0.515 0.001 0.000 0.000
0.000 0.000 0.000 0.000 0.000 0.000 0.000 0.001 0.000 0.986 0.987 0.000 0.994 0.926 0.051 0.000 0.000 0.001 0.924 0.999 0.996 0.890 0.962 0.002 0.697 0.000 0.000 0.010 0.000 0.067 0.000 0.000 0.000 0.000 0.000 0.000 0.000
0.000 0.000 0.000 0.000 0.000 0.000 0.000 0.000 0.000 0.000 0.925 0.994 0.000 0.989 0.985 0.022 0.060 0.967 0.974 0.997 0.987 0.000 0.000 0.000 0.000 0.000 0.000 0.000 0.000 0.000 0.000 0.027 0.000 0.000 0.000 0.000 0.000
0.000 0.000 0.000 0.000 0.000 0.000 0.000 0.000 0.000 0.000 0.000 0.926 0.989 0.000 0.991 0.965 0.966 0.972 0.999 0.955 0.985 0.000 0.000 0.000 0.000 0.000 0.000 0.000 0.000 0.000 0.000 0.764 0.000 0.000 0.000 0.000 0.000
0.003 0.000 0.016 0.001 0.000 0.000 0.000 0.000 0.000 0.000 0.000 0.051 0.985 0.991 0.000 0.988 0.954 0.965 0.222 0.000 0.543 0.000 0.001 0.000 0.000 0.000 0.000 0.000 0.000 0.000 0.000 0.005 0.000 0.000 0.000 0.001 0.023
0.000 0.000 0.000 0.000 0.000 0.000 0.000 0.000 0.000 0.000 0.000 0.000 0.022 0.965 0.988 0.000 0.995 0.970 0.053 0.000 0.000 0.000 0.000 0.000 0.000 0.000 0.000 0.000 0.000 0.000 0.000 0.051 0.000 0.000 0.000 0.000 0.001
0.000 0.000 0.000 0.000 0.000 0.000 0.000 0.000 0.000 0.000 0.000 0.000 0.060 0.966 0.954 0.995 0.000 0.986 0.991 0.006 0.022 0.000 0.000 0.000 0.000 0.000 0.000 0.000 0.000 0.000 0.000 0.400 0.000 0.000 0.000 0.000 0.000
0.000 0.000 0.000 0.000 0.000 0.000 0.000 0.000 0.000 0.000 0.000 0.001 0.967 0.972 0.965 0.970 0.986 0.000 0.980 0.922 0.000 0.000 0.000 0.000 0.000 0.000 0.000 0.000 0.000 0.000 0.000 0.005 0.000 0.000 0.000 0.000 0.000
0.000 0.000 0.000 0.000 0.000 0.000 0.000 0.000 0.000 0.000 0.000 0.924 0.974 0.999 0.222 0.053 0.991 0.980 0.000 0.986 0.983 0.002 0.000 0.000 0.000 0.000 0.000 0.000 0.000 0.000 0.000 0.743 0.053 0.000 0.000 0.000 0.000
0.005 0.001 0.002 0.000 0.000 0.000 0.000 0.000 0.000 0.000 0.967 0.999 0.997 0.955 0.000 0.000 0.006 0.922 0.986 0.000 1.000 0.936 0.000 0.000 0.000 0.000 0.000 0.000 0.000 0.000 0.038 0.959 0.031 0.105 0.000 0.000 0.000
0.000 0.000 0.000 0.000 0.000 0.000 0.000 0.000 0.018 0.867 0.935 0.996 0.987 0.985 0.543 0.000 0.022 0.000 0.983 1.000 0.000 0.996 0.993 0.001 0.000 0.000 0.000 0.000 0.044 0.935 0.913 0.992 0.274 0.000 0.000 0.000 0.000
0.012 0.048 0.025 0.002 0.991 0.012 0.000 0.000 0.997 0.955 0.945 0.890 0.000 0.000 0.000 0.000 0.000 0.000 0.002 0.936 0.996 0.000 0.997 0.901 0.000 0.000 0.000 0.000 0.842 0.970 0.991 0.991 0.916 0.981 0.967 0.000 0.000
0.000 0.000 0.000 0.000 0.213 0.000 0.000 0.807 0.994 0.980 0.881 0.962 0.000 0.000 0.001 0.000 0.000 0.000 0.000 0.000 0.993 0.997 0.000 0.984 0.963 0.010 0.000 0.953 0.912 0.980 0.918 0.001 0.000 0.000 0.151 0.000 0.000
0.000 0.000 0.000 0.000 0.000 0.214 0.766 0.935 0.988 0.848 0.000 0.002 0.000 0.000 0.000 0.000 0.000 0.000 0.000 0.000 0.001 0.901 0.984 0.000 0.947 0.950 0.968 0.930 0.983 0.941 0.101 0.000 0.000 0.000 0.062 0.000 0.138
0.000 0.000 0.000 0.000 0.003 0.001 0.041 0.977 0.881 0.865 0.000 0.697 0.000 0.000 0.000 0.000 0.000 0.000 0.000 0.000 0.000 0.000 0.963 0.947 0.000 0.956 0.749 0.910 0.241 0.000 0.000 0.000 0.000 0.000 0.000 0.000 0.000
0.000 0.000 0.000 0.000 0.000 0.000 0.505 0.870 0.125 0.000 0.000 0.000 0.000 0.000 0.000 0.000 0.000 0.000 0.000 0.000 0.000 0.000 0.010 0.950 0.956 0.000 0.979 0.959 0.128 0.000 0.000 0.000 0.000 0.000 0.000 0.000 0.000
0.000 0.000 0.000 0.000 0.000 0.000 0.010 0.135 0.491 0.000 0.000 0.000 0.000 0.000 0.000 0.000 0.000 0.000 0.000 0.000 0.000 0.000 0.000 0.968 0.749 0.979 0.000 0.970 0.972 0.002 0.002 0.000 0.000 0.000 0.000 0.000 0.003
0.000 0.000 0.000 0.000 0.000 0.000 0.000 0.000 0.000 0.000 0.000 0.010 0.000 0.000 0.000 0.000 0.000 0.000 0.000 0.000 0.000 0.000 0.953 0.930 0.910 0.959 0.970 0.000 0.938 0.793 0.000 0.000 0.000 0.000 0.000 0.000 0.000
0.000 0.000 0.000 0.000 0.000 0.000 0.000 0.000 0.931 0.000 0.000 0.000 0.000 0.000 0.000 0.000 0.000 0.000 0.000 0.000 0.044 0.842 0.912 0.983 0.241 0.128 0.972 0.938 0.000 0.996 0.926 0.000 0.000 0.000 0.000 0.000 0.000
0.000 0.000 0.000 0.000 0.000 0.000 0.000 0.000 0.980 0.000 0.000 0.067 0.000 0.000 0.000 0.000 0.000 0.000 0.000 0.000 0.935 0.970 0.980 0.941 0.000 0.000 0.002 0.793 0.996 0.000 0.992 0.984 0.000 0.000 0.000 0.000 0.000
0.015 0.000 0.000 0.000 0.000 0.011 0.000 0.000 1.000 0.000 0.000 0.000 0.000 0.000 0.000 0.000 0.000 0.000 0.000 0.038 0.913 0.991 0.918 0.101 0.000 0.000 0.002 0.000 0.926 0.992 0.000 0.998 0.998 0.763 0.989 0.499 0.068
0.000 0.000 0.000 0.000 0.000 0.000 0.000 0.000 0.000 0.000 0.000 0.000 0.027 0.764 0.005 0.051 0.400 0.005 0.743 0.959 0.992 0.991 0.001 0.000 0.000 0.000 0.000 0.000 0.000 0.984 0.998 0.000 0.982 0.947 0.032 0.000 0.000
0.050 0.000 0.000 0.000 0.000 0.000 0.000 0.000 0.011 0.000 0.000 0.000 0.000 0.000 0.000 0.000 0.000 0.000 0.053 0.031 0.274 0.916 0.000 0.000 0.000 0.000 0.000 0.000 0.000 0.000 0.998 0.982 0.000 0.997 0.984 0.038 0.001
0.445 0.745 0.867 0.733 0.958 0.451 0.000 0.000 0.001 0.000 0.515 0.000 0.000 0.000 0.000 0.000 0.000 0.000 0.000 0.105 0.000 0.981 0.000 0.000 0.000 0.000 0.000 0.000 0.000 0.000 0.763 0.947 0.997 0.000 1.000 0.969 0.019
0.185 0.293 0.038 0.402 0.929 0.972 0.000 0.000 0.999 0.183 0.001 0.000 0.000 0.000 0.000 0.000 0.000 0.000 0.000 0.000 0.000 0.967 0.151 0.062 0.000 0.000 0.000 0.000 0.000 0.000 0.989 0.032 0.984 1.000 0.000 0.991 0.976
0.429 0.494 0.190 0.320 0.339 0.967 0.013 0.000 0.143 0.000 0.000 0.000 0.000 0.000 0.001 0.000 0.000 0.000 0.000 0.000 0.000 0.000 0.000 0.000 0.000 0.000 0.000 0.000 0.000 0.000 0.499 0.000 0.038 0.969 0.991 0.000 0.998
0.153 0.275 0.115 0.149 0.088 0.961 0.399 0.005 0.416 0.000 0.000 0.000 0.000 0.000 0.023 0.001 0.000 0.000 0.000 0.000 0.000 0.000 0.000 0.138 0.000 0.000 0.003 0.000 0.000 0.000 0.068 0.000 0.001 0.019 0.976 0.998 0.000
