0.000 0.997 0.965 0.012 0.000 0.000 0.000 0.011 0.000 0.000 0.000 0.000 0.000 0.000 0.000 0.000 0.000 0.000 0.003 0.000 0.000 0.000 0.000 0.000 0.000 0.000 0.000 0.000 0.000 0.000 0.000 0.000 0.000 0.782 0.463 0.418 0.780
0.997 0.000 0.998 0.958 0.001 0.989 0.877 0.957 0.000 0.000 0.000 0.000 0.000 0.000 0.000 0.000 0.059 0.000 0.972 0.141 0.000 0.031 0.000 0.000 0.000 0.000 0.000 0.000 0.000 0.000 0.000 0.000 0.000 0.967 0.984 0.465 0.800
0.965 0.998 0.000 0.999 0.963 0.999 0.002 0.003 0.000 0.000 0.000 0.000 0.000 0.000 0.000 0.000 0.000 0.000 0.015 0.000 0.007 0.029 0.008 0.000 0.000 0.018 0.000 0.000 0.000 0.000 0.000 0.000 0.000 0.280 0.982 0.969 0.994
0.012 0.958 0.999 0.000 0.989 0.984 0.000 0.000 0.000 0.000 0.000 0.000 0.000 0.000 0.000 0.000 0.000 0.000 0.000 0.000 0.218 0.098 0.251 0.000 0.003 0.183 0.000 0.000 0.000 0.000 0.000 0.000 0.000 0.000 0.000 0.008 0.937
0.000 0.001 0.963 0.989 0.000 1.000 0.921 0.000 0.000 0.000 0.000 0.000 0.000 0.000 0.000 0.000 0.000 0.000 0.000 0.903 0.981 0.987 0.597 0.035 0.009 0.248 0.000 0.000 0.000 0.000 0.000 0.000 0.000 0.000 0.000 0.000 0.002
0.000 0.989 0.999 0.984 1.000 0.000 0.997 0.926 0.000 0.000 0.000 0.000 0.000 0.000 0.000 0.000 0.000 0.000 0.973 0.998 1.000 0.993 0.261 0.000 0.000 0.234 0.006 0.037 0.877 0.820 0.950 0.000 0.185 0.004 0.998 0.075 0.020
0.000 0.877 0.002 0.000 0.921 0.997 0.000 1.000 0.988 0.007 0.000 0.000 0.000 0.000 0.000 0.000 0.000 0.952 0.991 0.999 0.981 0.987 0.036 0.000 0.000 0.000 0.072 0.004 0.000 0.003 0.000 0.000 0.000 0.000 0.248 0.000 0.000
0.011 0.957 0.003 0.000 0.000 0.926 1.000 0.000 0.998 0.995 0.000 0.000 0.000 0.000 0.000 0.000 0.981 0.983 0.999 0.980 0.000 0.103 0.000 0.000 0.000 0.000 0.043 0.000 0.000 0.002 0.000 0.000 0.000 0.560 0.052 0.000 0.000
0.000 0.000 0.000 0.000 0.000 0.000 0.988 0.998 0.000 1.000 0.978 0.078 0.000 0.000 0.000 0.914 0.973 1.000 0.981 0.896 0.000 0.247 0.000 0.000 0.000 0.000 0.057 0.000 0.000 0.551 0.000 0.000 0.000 0.000 0.000 0.000 0.000
0.000 0.000 0.000 0.000 0.000 0.000 0.007 0.995 1.000 0.000 0.998 0.966 0.071 0.143 0.949 0.968 0.989 0.998 0.000 0.000 0.000 0.000 0.000 0.000 0.000 0.000 0.002 0.000 0.000 0.000 0.000 0.001 0.000 0.000 0.000 0.000 0.000
0.000 0.000 0.000 0.000 0.000 0.000 0.000 0.000 0.978 0.998 0.000 0.992 0.850 0.987 0.976 0.998 0.994 0.999 0.001 0.057 0.000 0.000 0.000 0.000 0.000 0.000 0.006 0.000 0.001 0.626 0.038 0.998 0.004 0.000 0.000 0.000 0.000
0.000 0.000 0.000 0.000 0.000 0.000 0.000 0.000 0.078 0.966 0.992 0.000 0.960 0.973 0.948 0.101 0.000 0.009 0.000 0.000 0.000 0.000 0.000 0.000 0.000 0.000 0.000 0.000 0.000 0.000 0.000 0.002 0.000 0.000 0.000 0.000 0.000
0.000 0.000 0.000 0.000 0.000 0.000 0.000 0.000 0.000 0.071 0.850 0.960 0.000 0.983 0.919 0.008 0.000 0.000 0.000 0.000 0.000 0.000 0.000 0.004 0.045 0.000 0.005 0.000 0.000 0.000 0.000 0.000 0.000 0.000 0.000 0.000 0.000
0.000 0.000 0.000 0.000 0.000 0.000 0.000 0.000 0.000 0.143 0.987 0.973 0.983 0.000 0.991 0.996 0.000 0.001 0.000 0.000 0.000 0.000 0.000 0.001 0.028 0.000 0.001 0.000 0.000 0.000 0.000 0.456 0.000 0.000 0.000 0.000 0.000
0.000 0.000 0.000 0.000 0.000 0.000 0.000 0.000 0.000 0.949 0.976 0.948 0.919 0.991 0.000 0.996 0.936 0.000 0.000 0.000 0.000 0.000 0.000 0.000 0.003 0.000 0.000 0.000 0.000 0.000 0.000 0.000 0.000 0.000 0.000 0.000 0.000
0.000 0.000 0.000 0.000 0.000 0.000 0.000 0.000 0.914 0.968 0.998 0.101 0.008 0.996 0.996 0.000 0.995 0.952 0.006 0.000 0.000 0.000 0.000 0.002 0.018 0.000 0.000 0.000 0.000 0.000 0.000 0.773 0.040 0.002 0.000 0.000 0.000
0.000 0.059 0.000 0.000 0.000 0.000 0.000 0.981 0.973 0.989 0.994 0.000 0.000 0.000 0.936 0.995 0.000 0.991 1.000 0.001 0.000 0.000 0.000 0.000 0.000 0.000 0.000 0.000 0.000 0.000 0.574 0.965 0.032 0.531 0.000 0.000 0.000
0.000 0.000 0.000 0.000 0.000 0.000 0.952 0.983 1.000 0.998 0.999 0.009 0.000 0.001 0.000 0.952 0.991 0.000 1.000 0.986 0.000 0.000 0.000 0.000 0.000 0.000 0.006 0.000 0.001 0.995 0.985 0.955 0.241 0.000 0.000 0.000 0.000
0.003 0.972 0.015 0.000 0.000 0.973 0.991 0.999 0.981 0.000 0.001 0.000 0.000 0.000 0.000 0.006 1.000 1.000 0.000 0.995 0.910 0.000 0.000 0.000 0.000 0.000 0.000 0.000 0.943 0.997 0.994 0.975 0.946 0.999 0.977 0.000 0.000
0.000 0.141 0.000 0.000 0.903 0.998 0.999 0.980 0.896 0.000 0.057 0.000 0.000 0.000 0.000 0.000 0.001 0.986 0.995 0.000 0.992 0.989 0.082 0.000 0.000 0.001 0.148 0.656 0.943 0.975 0.919 0.000 0.000 0.000 0.149 0.000 0.000
0.000 0.000 0.007 0.218 0.981 1.000 0.981 0.000 0.000 0.000 0.000 0.000 0.000 0.000 0.000 0.000 0.000 0.000 0.910 0.992 0.000 1.000 0.997 0.014 0.000 0.611 0.833 0.994 0.933 0.823 0.156 0.000 0.000 0.000 0.011 0.000 0.000
0.000 0.031 0.029 0.098 0.987 0.993 0.987 0.103 0.247 0.000 0.000 0.000 0.000 0.000 0.000 0.000 0.000 0.000 0.000 0.989 1.000 0.000 0.994 0.966 0.015 0.342 0.219 0.418 0.025 0.018 0.000 0.000 0.000 0.000 0.000 0.000 0.000
0.000 0.000 0.008 0.251 0.597 0.261 0.036 0.000 0.000 0.000 0.000 0.000 0.000 0.000 0.000 0.000 0.000 0.000 0.000 0.082 0.997 0.994 0.000 0.998 0.993 0.993 0.654 0.444 0.089 0.000 0.000 0.000 0.000 0.000 0.000 0.000 0.000
0.000 0.000 0.000 0.000 0.035 0.000 0.000 0.000 0.000 0.000 0.000 0.000 0.004 0.001 0.000 0.002 0.000 0.000 0.000 0.000 0.014 0.966 0.998 0.000 0.990 0.953 0.274 0.003 0.000 0.000 0.000 0.000 0.000 0.000 0.000 0.000 0.000
0.000 0.000 0.000 0.003 0.009 0.000 0.000 0.000 0.000 0.000 0.000 0.000 0.045 0.028 0.003 0.018 0.000 0.000 0.000 0.000 0.000 0.015 0.993 0.990 0.000 0.999 0.950 0.000 0.000 0.000 0.000 0.000 0.000 0.000 0.000 0.000 0.000
0.000 0.000 0.018 0.183 0.248 0.234 0.000 0.000 0.000 0.000 0.000 0.000 0.000 0.000 0.000 0.000 0.000 0.000 0.000 0.001 0.611 0.342 0.993 0.953 0.999 0.000 0.995 0.956 0.178 0.000 0.000 0.000 0.000 0.000 0.000 0.000 0.000
0.000 0.000 0.000 0.000 0.000 0.006 0.072 0.043 0.057 0.002 0.006 0.000 0.005 0.001 0.000 0.000 0.000 0.006 0.000 0.148 0.833 0.219 0.654 0.274 0.950 0.995 0.000 0.993 0.934 0.090 0.000 0.000 0.000 0.000 0.000 0.000 0.000
0.000 0.000 0.000 0.000 0.000 0.037 0.004 0.000 0.000 0.000 0.000 0.000 0.000 0.000 0.000 0.000 0.000 0.000 0.000 0.656 0.994 0.418 0.444 0.003 0.000 0.956 0.993 0.000 0.980 0.932 0.000 0.000 0.000 0.000 0.000 0.000 0.000
0.000 0.000 0.000 0.000 0.000 0.877 0.000 0.000 0.000 0.000 0.001 0.000 0.000 0.000 0.000 0.000 0.000 0.001 0.943 0.943 0.933 0.025 0.089 0.000 0.000 0.178 0.934 0.980 0.000 0.996 0.991 0.000 0.000 0.000 0.005 0.000 0.000
0.000 0.000 0.000 0.000 0.000 0.820 0.003 0.002 0.551 0.000 0.626 0.000 0.000 0.000 0.000 0.000 0.000 0.995 0.997 0.975 0.823 0.018 0.000 0.000 0.000 0.000 0.090 0.932 0.996 0.000 1.000 0.961 0.000 0.000 0.000 0.000 0.000
0.000 0.000 0.000 0.000 0.000 0.950 0.000 0.000 0.000 0.000 0.038 0.000 0.000 0.000 0.000 0.000 0.574 0.985 0.994 0.919 0.156 0.000 0.000 0.000 0.000 0.000 0.000 0.000 0.991 1.000 0.000 0.996 0.982 0.729 0.915 0.007 0.000
0.000 0.000 0.000 0.000 0.000 0.000 0.000 0.000 0.000 0.001 0.998 0.002 0.000 0.456 0.000 0.773 0.965 0.955 0.975 0.000 0.000 0.000 0.000 0.000 0.000 0.000 0.000 0.000 0.000 0.961 0.996 0.000 0.995 0.948 0.004 0.000 0.000
0.000 0.000 0.000 0.000 0.000 0.185 0.000 0.000 0.000 0.000 0.004 0.000 0.000 0.000 0.000 0.040 0.032 0.241 0.946 0.000 0.000 0.000 0.000 0.000 0.000 0.000 0.000 0.000 0.000 0.000 0.982 0.995 0.000 0.999 0.916 0.458 0.000
0.782 0.967 0.280 0.000 0.000 0.004 0.000 0.560 0.000 0.000 0.000 0.000 0.000 0.000 0.000 0.002 0.531 0.000 0.999 0.000 0.000 0.000 0.000 0.000 0.000 0.000 0.000 0.000 0.000 0.000 0.729 0.948 0.999 0.000 0.995 0.964 0.114
0.463 0.984 0.982 0.000 0.000 0.998 0.248 0.052 0.000 0.000 0.000 0.000 0.000 0.000 0.000 0.000 0.000 0.000 0.977 0.149 0.011 0.000 0.000 0.000 0.000 0.000 0.000 0.000 0.005 0.000 0.915 0.004 0.916 0.995 0.000 0.996 0.922
0.418 0.465 0.969 0.008 0.000 0.075 0.000 0.000 0.000 0.000 0.000 0.000 0.000 0.000 0.000 0.000 0.000 0.000 0.000 0.000 0.000 0.000 0.000 0.000 0.000 0.000 0.000 0.000 0.000 0.000 0.007 0.000 0.458 0.964 0.996 0.000 0.998
0.780 0.800 0.994 0.937 0.002 0.020 0.000 0.000 0.000 0.000 0.000 0.000 0.000 0.000 0.000 0.000 0.000 0.000 0.000 0.000 0.000 0.000 0.000 0.000 0.000 0.000 0.000 0.000 0.000 0.000 0.000 0.000 0.000 0.114 0.922 0.998 0.000
