0.000 0.999 0.971 0.000 0.000 0.000 0.000 0.000 0.000 0.000 0.000 0.000 0.000 0.000 0.000 0.000 0.000 0.000 0.000 0.000 0.000 0.000 0.000 0.000 0.000 0.000 0.994 0.782 0.548 0.035 0.118 0.000 0.000 0.000 0.000 0.000 0.000 0.000 0.000 0.000 0.000 0.000 0.000 0.000 0.000 0.000 0.000 0.000 0.000 0.000 0.000 0.000 0.000 0.000 0.000 0.003 0.003 0.065
0.999 0.000 1.000 0.999 0.000 0.000 0.000 0.000 0.000 0.000 0.000 0.000 0.000 0.000 0.000 0.000 0.000 0.000 0.000 0.000 0.000 0.000 0.000 0.000 0.000 0.825 0.976 0.999 0.068 0.000 0.957 0.000 0.000 0.000 0.000 0.000 0.688 0.000 0.000 0.000 0.000 0.000 0.000 0.000 0.000 0.000 0.000 0.000 0.000 0.000 0.000 0.000 0.000 0.000 0.000 0.560 0.456 0.145
0.971 1.000 0.000 1.000 0.932 0.000 0.000 0.000 0.000 0.000 0.000 0.000 0.000 0.000 0.000 0.000 0.000 0.000 0.000 0.000 0.000 0.000 0.000 0.000 0.996 0.995 0.999 0.979 0.001 0.000 0.000 0.000 0.000 0.000 0.000 0.000 0.025 0.000 0.000 0.008 0.000 0.022 0.000 0.000 0.000 0.000 0.000 0.000 0.000 0.000 0.000 0.000 0.000 0.000 0.870 0.949 0.990 0.807
0.000 0.999 1.000 0.000 1.000 0.984 0.000 0.000 0.000 0.000 0.000 0.000 0.000 0.000 0.000 0.000 0.000 0.000 0.000 0.000 0.000 0.000 0.000 0.962 0.986 0.983 0.964 0.993 0.000 0.000 0.049 0.000 0.000 0.000 0.000 0.000 0.998 0.000 0.784 0.000 0.000 0.000 0.000 0.000 0.000 0.000 0.000 0.000 0.974 0.000 0.327 0.000 0.000 1.000 0.995 0.968 0.980 0.102
0.000 0.000 0.932 1.000 0.000 1.000 1.000 0.004 0.000 0.000 0.000 0.000 0.000 0.000 0.000 0.000 0.000 0.000 0.000 0.000 0.000 0.098 0.999 0.968 0.992 0.948 0.000 0.000 0.000 0.000 0.000 0.000 0.000 0.000 0.000 0.000 0.000 0.000 0.000 0.000 0.000 0.000 0.000 0.000 0.000 0.000 0.000 0.000 0.000 0.000 0.000 0.000 0.963 0.998 0.997 0.887 1.000 0.023
0.000 0.000 0.000 0.984 1.000 0.000 0.995 1.000 0.756 0.023 0.000 0.000 0.000 0.000 0.000 0.000 0.000 0.000 0.000 0.960 0.975 1.000 0.997 1.000 0.992 0.987 0.000 0.000 0.000 0.000 0.000 0.000 0.000 0.000 0.000 0.000 0.000 0.000 0.000 0.000 0.000 0.000 0.000 0.000 0.000 0.000 0.000 0.000 0.015 0.000 0.000 0.000 0.992 0.991 0.882 0.000 0.000 0.000
0.000 0.000 0.000 0.000 1.000 0.995 0.000 1.000 0.897 0.000 0.000 0.000 0.000 0.000 0.000 0.000 0.000 0.000 0.000 0.881 0.006 0.999 0.982 0.002 0.000 0.000 0.000 0.000 0.000 0.000 0.000 0.000 0.000 0.000 0.000 0.000 0.000 0.000 0.000 0.000 0.000 0.000 0.000 0.000 0.000 0.000 0.000 0.000 0.000 0.000 0.160 0.957 0.994 0.998 1.000 0.001 0.000 0.000
0.000 0.000 0.000 0.000 0.004 1.000 1.000 0.000 0.988 0.886 0.026 0.001 0.000 0.000 0.000 0.000 0.000 0.000 0.000 0.966 0.978 1.000 0.894 0.031 0.000 0.000 0.000 0.000 0.000 0.000 0.000 0.000 0.000 0.000 0.000 0.000 0.000 0.000 0.000 0.000 0.000 0.000 0.000 0.000 0.000 0.000 0.000 0.000 0.000 0.000 0.000 0.869 1.000 0.814 0.000 0.000 0.000 0.000
0.000 0.000 0.000 0.000 0.000 0.756 0.897 0.988 0.000 0.990 0.978 0.000 0.000 0.000 0.000 0.000 0.000 0.000 0.000 1.000 1.000 0.992 0.000 0.000 0.000 0.000 0.000 0.000 0.000 0.000 0.000 0.000 0.000 0.000 0.000 0.000 0.000 0.000 0.000 0.000 0.000 0.000 0.000 0.000 0.000 0.000 0.000 0.000 0.000 0.000 0.000 0.000 0.550 0.000 0.000 0.000 0.000 0.000
0.000 0.000 0.000 0.000 0.000 0.023 0.000 0.886 0.990 0.000 1.000 1.000 0.950 0.101 0.000 0.000 1.000 1.000 1.000 1.000 0.995 0.375 0.000 0.000 0.000 0.000 0.000 0.000 0.000 0.000 0.000 0.000 0.000 0.000 0.000 0.006 0.000 0.000 0.000 0.000 0.000 0.000 0.000 0.000 0.000 0.000 0.000 0.350 0.799 0.451 0.000 0.000 0.965 0.000 0.000 0.000 0.000 0.000
0.000 0.000 0.000 0.000 0.000 0.000 0.000 0.026 0.978 1.000 0.000 1.000 1.000 0.111 0.029 0.000 0.690 0.411 1.000 0.999 0.208 0.000 0.000 0.000 0.000 0.000 0.000 0.000 0.000 0.000 0.000 0.000 0.000 0.000 0.000 0.000 0.000 0.000 0.000 0.000 0.000 0.000 0.000 0.000 0.000 0.000 0.000 0.000 0.000 0.000 0.000 0.000 0.006 0.000 0.000 0.000 0.000 0.000
0.000 0.000 0.000 0.000 0.000 0.000 0.000 0.001 0.000 1.000 1.000 0.000 1.000 1.000 0.056 0.000 1.000 0.333 0.897 0.063 0.000 0.000 0.000 0.000 0.000 0.000 0.000 0.000 0.000 0.000 0.000 0.000 0.000 0.000 0.000 0.000 0.000 0.000 0.000 0.000 0.000 0.000 0.000 0.000 0.000 0.000 0.000 0.001 0.000 0.000 0.000 0.000 0.001 0.000 0.000 0.000 0.000 0.000
0.000 0.000 0.000 0.000 0.000 0.000 0.000 0.000 0.000 0.950 1.000 1.000 0.000 1.000 0.999 0.004 1.000 0.000 0.021 0.000 0.000 0.000 0.000 0.000 0.000 0.000 0.000 0.000 0.000 0.000 0.000 0.000 0.000 0.000 0.000 0.000 0.000 0.000 0.000 0.000 0.000 0.000 0.000 0.000 0.000 0.000 0.000 0.000 0.000 0.003 0.000 0.000 0.003 0.000 0.000 0.000 0.000 0.000
0.000 0.000 0.000 0.000 0.000 0.000 0.000 0.000 0.000 0.101 0.111 1.000 1.000 0.000 1.000 1.000 1.000 0.002 0.015 0.000 0.000 0.000 0.000 0.000 0.000 0.000 0.000 0.000 0.000 0.000 0.000 0.000 0.000 0.000 0.000 0.007 0.000 0.000 0.000 0.000 0.000 0.000 0.000 0.000 0.000 0.000 0.000 0.382 0.000 0.001 0.000 0.000 0.000 0.000 0.000 0.000 0.000 0.000
0.000 0.000 0.000 0.000 0.000 0.000 0.000 0.000 0.000 0.000 0.029 0.056 0.999 1.000 0.000 1.000 1.000 0.005 0.043 0.000 0.000 0.000 0.000 0.000 0.000 0.000 0.000 0.000 0.000 0.000 0.000 0.000 0.000 0.000 0.000 0.000 0.000 0.000 0.000 0.000 0.000 0.000 0.000 0.000 0.029 0.029 0.081 0.000 0.000 0.000 0.000 0.000 0.000 0.000 0.000 0.000 0.000 0.000
0.000 0.000 0.000 0.000 0.000 0.000 0.000 0.000 0.000 0.000 0.000 0.000 0.004 1.000 1.000 0.000 1.000 1.000 0.000 0.000 0.000 0.000 0.000 0.000 0.000 0.000 0.000 0.000 0.000 0.000 0.000 0.008 0.009 0.000 0.000 0.211 0.000 0.134 0.000 0.000 0.000 0.000 0.000 0.000 0.000 0.569 1.000 1.000 0.000 0.000 0.000 0.000 0.000 0.000 0.000 0.000 0.000 0.000
0.000 0.000 0.000 0.000 0.000 0.000 0.000 0.000 0.000 1.000 0.690 1.000 1.000 1.000 1.000 1.000 0.000 1.000 1.000 0.020 0.000 0.000 0.000 0.000 0.000 0.000 0.000 0.000 0.000 0.000 0.000 0.000 0.000 0.000 0.000 0.713 0.000 0.000 0.000 0.000 0.000 0.000 0.000 0.000 0.092 0.340 1.000 1.000 0.989 0.150 0.000 0.000 0.050 0.000 0.000 0.000 0.000 0.000
0.000 0.000 0.000 0.000 0.000 0.000 0.000 0.000 0.000 1.000 0.411 0.333 0.000 0.002 0.005 1.000 1.000 0.000 1.000 1.000 0.000 0.000 0.000 0.081 0.000 0.977 0.043 0.000 0.000 0.000 0.000 0.000 0.000 0.000 0.000 0.000 0.000 0.019 1.000 1.000 1.000 0.000 0.005 0.000 1.000 1.000 1.000 1.000 1.000 0.000 0.000 0.000 0.001 0.000 0.000 0.000 0.000 0.000
0.000 0.000 0.000 0.000 0.000 0.000 0.000 0.000 0.000 1.000 1.000 0.897 0.021 0.015 0.043 0.000 1.000 1.000 0.000 1.000 0.982 0.000 0.000 0.718 0.000 0.738 0.000 0.000 0.000 0.000 0.000 0.000 0.000 0.000 0.000 0.000 0.000 0.000 0.000 0.000 0.937 0.000 0.009 0.000 0.664 0.060 0.104 0.000 0.043 0.000 0.000 0.000 0.000 0.000 0.000 0.000 0.000 0.000
0.000 0.000 0.000 0.000 0.000 0.960 0.881 0.966 1.000 1.000 0.999 0.063 0.000 0.000 0.000 0.000 0.020 1.000 1.000 0.000 1.000 0.949 0.056 0.997 0.000 1.000 0.000 0.000 0.000 0.000 0.000 0.000 0.000 0.000 0.000 0.000 0.000 0.000 0.024 0.000 0.674 0.000 0.000 0.000 0.015 0.000 0.000 0.848 1.000 0.962 0.000 0.000 0.987 0.918 0.000 0.000 0.000 0.000
0.000 0.000 0.000 0.000 0.000 0.975 0.006 0.978 1.000 0.995 0.208 0.000 0.000 0.000 0.000 0.000 0.000 0.000 0.982 1.000 0.000 0.985 0.923 1.000 0.000 0.284 0.000 0.000 0.000 0.000 0.000 0.000 0.000 0.000 0.000 0.000 0.000 0.000 0.000 0.000 0.015 0.000 0.016 0.000 0.004 0.000 0.000 0.000 0.000 0.000 0.000 0.000 0.000 0.000 0.000 0.000 0.000 0.000
0.000 0.000 0.000 0.000 0.098 1.000 0.999 1.000 0.992 0.375 0.000 0.000 0.000 0.000 0.000 0.000 0.000 0.000 0.000 0.949 0.985 0.000 1.000 0.994 0.000 0.000 0.000 0.000 0.000 0.000 0.000 0.000 0.000 0.000 0.000 0.000 0.000 0.000 0.000 0.000 0.000 0.000 0.000 0.000 0.000 0.000 0.000 0.000 0.000 0.000 0.000 0.000 0.000 0.000 0.012 0.000 0.000 0.000
0.000 0.000 0.000 0.000 0.999 0.997 0.982 0.894 0.000 0.000 0.000 0.000 0.000 0.000 0.000 0.000 0.000 0.000 0.000 0.056 0.923 1.000 0.000 0.967 0.994 0.000 0.000 0.000 0.000 0.000 0.000 0.000 0.000 0.000 0.000 0.000 0.000 0.000 0.000 0.000 0.000 0.000 0.000 0.000 0.000 0.000 0.000 0.000 0.000 0.000 0.000 0.000 0.000 0.000 0.059 0.000 0.000 0.000
0.000 0.000 0.000 0.962 0.968 1.000 0.002 0.031 0.000 0.000 0.000 0.000 0.000 0.000 0.000 0.000 0.000 0.081 0.718 0.997 1.000 0.994 0.967 0.000 1.000 1.000 0.000 0.000 0.000 0.000 0.000 0.000 0.000 0.000 0.000 0.000 0.000 0.000 0.000 0.000 0.921 0.914 0.104 0.000 0.009 0.000 0.000 0.000 0.000 0.000 0.000 0.000 0.000 0.065 0.000 0.000 0.000 0.000
0.000 0.000 0.996 0.986 0.992 0.992 0.000 0.000 0.000 0.000 0.000 0.000 0.000 0.000 0.000 0.000 0.000 0.000 0.000 0.000 0.000 0.000 0.994 1.000 0.000 1.000 0.997 0.000 0.000 0.000 0.000 0.000 0.000 0.000 0.000 0.000 0.000 0.000 0.000 0.733 0.940 0.975 0.000 0.000 0.000 0.000 0.000 0.000 0.000 0.000 0.000 0.000 0.000 0.000 0.000 0.000 0.965 0.022
0.000 0.825 0.995 0.983 0.948 0.987 0.000 0.000 0.000 0.000 0.000 0.000 0.000 0.000 0.000 0.000 0.000 0.977 0.738 1.000 0.284 0.000 0.000 1.000 1.000 0.000 1.000 0.890 0.000 0.000 0.000 0.000 0.000 0.000 0.000 0.000 0.000 0.000 0.996 0.998 0.998 0.982 0.000 0.000 0.051 0.002 0.002 0.000 1.000 0.000 0.000 0.000 0.000 0.935 0.000 0.000 0.266 0.000
0.994 0.976 0.999 0.964 0.000 0.000 0.000 0.000 0.000 0.000 0.000 0.000 0.000 0.000 0.000 0.000 0.000 0.043 0.000 0.000 0.000 0.000 0.000 0.000 0.997 1.000 0.000 0.995 0.996 0.000 0.000 0.000 0.000 0.000 0.000 0.000 0.000 0.904 0.983 0.974 0.951 0.005 0.000 0.000 0.000 0.002 0.000 0.000 0.027 0.000 0.000 0.000 0.000 0.000 0.000 0.000 0.000 0.004
0.782 0.999 0.979 0.993 0.000 0.000 0.000 0.000 0.000 0.000 0.000 0.000 0.000 0.000 0.000 0.000 0.000 0.000 0.000 0.000 0.000 0.000 0.000 0.000 0.000 0.890 0.995 0.000 0.993 0.988 0.995 0.004 0.000 0.000 0.000 0.000 1.000 0.960 0.881 0.829 0.000 0.000 0.000 0.000 0.000 0.000 0.000 0.000 0.970 0.000 0.129 0.000 0.000 0.944 0.000 0.036 0.000 0.000
0.548 0.068 0.001 0.000 0.000 0.000 0.000 0.000 0.000 0.000 0.000 0.000 0.000 0.000 0.000 0.000 0.000 0.000 0.000 0.000 0.000 0.000 0.000 0.000 0.000 0.000 0.996 0.993 0.000 1.000 0.946 0.000 0.000 0.000 0.000 0.000 0.509 1.000 0.988 0.994 0.002 0.000 0.000 0.244 0.000 0.966 0.020 0.000 0.000 0.000 0.000 0.000 0.000 0.000 0.000 0.000 0.000 0.000
0.035 0.000 0.000 0.000 0.000 0.000 0.000 0.000 0.000 0.000 0.000 0.000 0.000 0.000 0.000 0.000 0.000 0.000 0.000 0.000 0.000 0.000 0.000 0.000 0.000 0.000 0.000 0.988 1.000 0.000 0.989 1.000 0.001 0.000 0.000 0.079 1.000 1.000 0.846 0.000 0.000 0.000 0.000 0.000 0.000 0.132 0.000 0.037 0.000 0.000 0.000 0.000 0.000 0.000 0.000 0.000 0.000 0.000
0.118 0.957 0.000 0.049 0.000 0.000 0.000 0.000 0.000 0.000 0.000 0.000 0.000 0.000 0.000 0.000 0.000 0.000 0.000 0.000 0.000 0.000 0.000 0.000 0.000 0.000 0.000 0.995 0.946 0.989 0.000 0.974 0.995 0.551 0.001 0.959 1.000 0.936 0.000 0.000 0.000 0.000 0.000 0.000 0.000 0.000 0.000 0.002 0.002 0.000 0.051 0.000 0.000 0.000 0.000 0.185 0.000 0.000
0.000 0.000 0.000 0.000 0.000 0.000 0.000 0.000 0.000 0.000 0.000 0.000 0.000 0.000 0.000 0.008 0.000 0.000 0.000 0.000 0.000 0.000 0.000 0.000 0.000 0.000 0.000 0.004 0.000 1.000 0.974 0.000 1.000 0.849 0.000 0.999 0.996 0.984 0.000 0.000 0.000 0.000 0.000 0.000 0.000 0.000 0.000 0.900 0.000 0.000 0.000 0.000 0.000 0.000 0.000 0.000 0.000 0.000
0.000 0.000 0.000 0.000 0.000 0.000 0.000 0.000 0.000 0.000 0.000 0.000 0.000 0.000 0.000 0.009 0.000 0.000 0.000 0.000 0.000 0.000 0.000 0.000 0.000 0.000 0.000 0.000 0.000 0.001 0.995 1.000 0.000 0.993 0.990 0.975 0.969 0.022 0.000 0.000 0.000 0.000 0.000 0.000 0.000 0.000 0.000 0.307 0.000 0.007 0.084 0.000 0.000 0.000 0.000 0.000 0.000 0.000
0.000 0.000 0.000 0.000 0.000 0.000 0.000 0.000 0.000 0.000 0.000 0.000 0.000 0.000 0.000 0.000 0.000 0.000 0.000 0.000 0.000 0.000 0.000 0.000 0.000 0.000 0.000 0.000 0.000 0.000 0.551 0.849 0.993 0.000 0.997 0.886 0.915 0.000 0.000 0.000 0.000 0.000 0.000 0.000 0.000 0.000 0.000 0.000 0.000 0.000 0.898 0.000 0.000 0.000 0.000 0.000 0.000 0.000
0.000 0.000 0.000 0.000 0.000 0.000 0.000 0.000 0.000 0.000 0.000 0.000 0.000 0.000 0.000 0.000 0.000 0.000 0.000 0.000 0.000 0.000 0.000 0.000 0.000 0.000 0.000 0.000 0.000 0.000 0.001 0.000 0.990 0.997 0.000 0.980 0.991 0.000 0.000 0.000 0.000 0.000 0.000 0.000 0.000 0.000 0.000 0.000 0.825 0.999 0.999 0.918 0.000 0.000 0.000 0.000 0.000 0.000
0.000 0.000 0.000 0.000 0.000 0.000 0.000 0.000 0.000 0.006 0.000 0.000 0.000 0.007 0.000 0.211 0.713 0.000 0.000 0.000 0.000 0.000 0.000 0.000 0.000 0.000 0.000 0.000 0.000 0.079 0.959 0.999 0.975 0.886 0.980 0.000 1.000 0.959 0.000 0.000 0.000 0.000 0.000 0.000 0.000 0.000 0.000 0.994 0.998 1.000 0.947 0.001 0.000 0.000 0.000 0.000 0.000 0.000
0.000 0.688 0.025 0.998 0.000 0.000 0.000 0.000 0.000 0.000 0.000 0.000 0.000 0.000 0.000 0.000 0.000 0.000 0.000 0.000 0.000 0.000 0.000 0.000 0.000 0.000 0.000 1.000 0.509 1.000 1.000 0.996 0.969 0.915 0.991 1.000 0.000 1.000 0.927 0.000 0.000 0.000 0.000 0.000 0.000 0.000 0.893 0.973 0.996 0.980 1.000 0.000 0.000 0.906 0.024 0.427 0.000 0.000
0.000 0.000 0.000 0.000 0.000 0.000 0.000 0.000 0.000 0.000 0.000 0.000 0.000 0.000 0.000 0.134 0.000 0.019 0.000 0.000 0.000 0.000 0.000 0.000 0.000 0.000 0.904 0.960 1.000 1.000 0.936 0.984 0.022 0.000 0.000 0.959 1.000 0.000 0.997 0.934 0.000 0.000 0.000 0.000 0.000 0.982 0.981 1.000 0.988 0.000 0.000 0.000 0.000 0.000 0.000 0.000 0.000 0.000
0.000 0.000 0.000 0.784 0.000 0.000 0.000 0.000 0.000 0.000 0.000 0.000 0.000 0.000 0.000 0.000 0.000 1.000 0.000 0.024 0.000 0.000 0.000 0.000 0.000 0.996 0.983 0.881 0.988 0.846 0.000 0.000 0.000 0.000 0.000 0.000 0.927 0.997 0.000 1.000 1.000 0.000 0.000 0.000 1.000 1.000 1.000 1.000 1.000 0.000 0.000 0.000 0.000 0.006 0.000 0.000 0.000 0.000
0.000 0.000 0.008 0.000 0.000 0.000 0.000 0.000 0.000 0.000 0.000 0.000 0.000 0.000 0.000 0.000 0.000 1.000 0.000 0.000 0.000 0.000 0.000 0.000 0.733 0.998 0.974 0.829 0.994 0.000 0.000 0.000 0.000 0.000 0.000 0.000 0.000 0.934 1.000 0.000 1.000 0.996 0.204 1.000 1.000 1.000 1.000 0.000 0.049 0.000 0.000 0.000 0.000 0.000 0.000 0.000 0.000 0.000
0.000 0.000 0.000 0.000 0.000 0.000 0.000 0.000 0.000 0.000 0.000 0.000 0.000 0.000 0.000 0.000 0.000 1.000 0.937 0.674 0.015 0.000 0.000 0.921 0.940 0.998 0.951 0.000 0.002 0.000 0.000 0.000 0.000 0.000 0.000 0.000 0.000 0.000 1.000 1.000 0.000 1.000 1.000 1.000 1.000 1.000 0.013 0.000 0.000 0.000 0.000 0.000 0.000 0.000 0.000 0.000 0.000 0.000
0.000 0.000 0.022 0.000 0.000 0.000 0.000 0.000 0.000 0.000 0.000 0.000 0.000 0.000 0.000 0.000 0.000 0.000 0.000 0.000 0.000 0.000 0.000 0.914 0.975 0.982 0.005 0.000 0.000 0.000 0.000 0.000 0.000 0.000 0.000 0.000 0.000 0.000 0.000 0.996 1.000 0.000 0.990 0.988 0.718 0.000 0.000 0.000 0.000 0.000 0.000 0.000 0.000 0.000 0.000 0.000 0.000 0.000
0.000 0.000 0.000 0.000 0.000 0.000 0.000 0.000 0.000 0.000 0.000 0.000 0.000 0.000 0.000 0.000 0.000 0.005 0.009 0.000 0.016 0.000 0.000 0.104 0.000 0.000 0.000 0.000 0.000 0.000 0.000 0.000 0.000 0.000 0.000 0.000 0.000 0.000 0.000 0.204 1.000 0.990 0.000 1.000 1.000 0.000 0.000 0.000 0.000 0.000 0.000 0.000 0.000 0.000 0.000 0.000 0.000 0.000
0.000 0.000 0.000 0.000 0.000 0.000 0.000 0.000 0.000 0.000 0.000 0.000 0.000 0.000 0.000 0.000 0.000 0.000 0.000 0.000 0.000 0.000 0.000 0.000 0.000 0.000 0.000 0.000 0.244 0.000 0.000 0.000 0.000 0.000 0.000 0.000 0.000 0.000 0.000 1.000 1.000 0.988 1.000 0.000 1.000 1.000 0.000 0.000 0.000 0.000 0.000 0.000 0.000 0.000 0.000 0.000 0.000 0.000
0.000 0.000 0.000 0.000 0.000 0.000 0.000 0.000 0.000 0.000 0.000 0.000 0.000 0.000 0.029 0.000 0.092 1.000 0.664 0.015 0.004 0.000 0.000 0.009 0.000 0.051 0.000 0.000 0.000 0.000 0.000 0.000 0.000 0.000 0.000 0.000 0.000 0.000 1.000 1.000 1.000 0.718 1.000 1.000 0.000 1.000 1.000 0.000 0.000 0.000 0.000 0.000 0.000 0.000 0.000 0.000 0.000 0.000
0.000 0.000 0.000 0.000 0.000 0.000 0.000 0.000 0.000 0.000 0.000 0.000 0.000 0.000 0.029 0.569 0.340 1.000 0.060 0.000 0.000 0.000 0.000 0.000 0.000 0.002 0.002 0.000 0.966 0.132 0.000 0.000 0.000 0.000 0.000 0.000 0.000 0.982 1.000 1.000 1.000 0.000 0.000 1.000 1.000 0.000 1.000 0.999 0.000 0.000 0.000 0.000 0.000 0.000 0.000 0.000 0.000 0.000
0.000 0.000 0.000 0.000 0.000 0.000 0.000 0.000 0.000 0.000 0.000 0.000 0.000 0.000 0.081 1.000 1.000 1.000 0.104 0.000 0.000 0.000 0.000 0.000 0.000 0.002 0.000 0.000 0.020 0.000 0.000 0.000 0.000 0.000 0.000 0.000 0.893 0.981 1.000 1.000 0.013 0.000 0.000 0.000 1.000 1.000 0.000 1.000 1.000 0.000 0.000 0.000 0.000 0.000 0.000 0.000 0.000 0.000
0.000 0.000 0.000 0.000 0.000 0.000 0.000 0.000 0.000 0.350 0.000 0.001 0.000 0.382 0.000 1.000 1.000 1.000 0.000 0.848 0.000 0.000 0.000 0.000 0.000 0.000 0.000 0.000 0.000 0.037 0.002 0.900 0.307 0.000 0.000 0.994 0.973 1.000 1.000 0.000 0.000 0.000 0.000 0.000 0.000 0.999 1.000 0.000 1.000 0.965 0.000 0.000 0.001 0.000 0.000 0.000 0.000 0.000
0.000 0.000 0.000 0.974 0.000 0.015 0.000 0.000 0.000 0.799 0.000 0.000 0.000 0.000 0.000 0.000 0.989 1.000 0.043 1.000 0.000 0.000 0.000 0.000 0.000 1.000 0.027 0.970 0.000 0.000 0.002 0.000 0.000 0.000 0.825 0.998 0.996 0.988 1.000 0.049 0.000 0.000 0.000 0.000 0.000 0.000 1.000 1.000 0.000 0.999 0.906 0.002 0.940 0.961 0.000 0.000 0.000 0.000
0.000 0.000 0.000 0.000 0.000 0.000 0.000 0.000 0.000 0.451 0.000 0.000 0.003 0.001 0.000 0.000 0.150 0.000 0.000 0.962 0.000 0.000 0.000 0.000 0.000 0.000 0.000 0.000 0.000 0.000 0.000 0.000 0.007 0.000 0.999 1.000 0.980 0.000 0.000 0.000 0.000 0.000 0.000 0.000 0.000 0.000 0.000 0.965 0.999 0.000 1.000 0.990 1.000 0.978 0.000 0.000 0.000 0.000
0.000 0.000 0.000 0.327 0.000 0.000 0.160 0.000 0.000 0.000 0.000 0.000 0.000 0.000 0.000 0.000 0.000 0.000 0.000 0.000 0.000 0.000 0.000 0.000 0.000 0.000 0.000 0.129 0.000 0.000 0.051 0.000 0.084 0.898 0.999 0.947 1.000 0.000 0.000 0.000 0.000 0.000 0.000 0.000 0.000 0.000 0.000 0.000 0.906 1.000 0.000 1.000 0.938 0.998 0.088 0.039 0.000 0.000
0.000 0.000 0.000 0.000 0.000 0.000 0.957 0.869 0.000 0.000 0.000 0.000 0.000 0.000 0.000 0.000 0.000 0.000 0.000 0.000 0.000 0.000 0.000 0.000 0.000 0.000 0.000 0.000 0.000 0.000 0.000 0.000 0.000 0.000 0.918 0.001 0.000 0.000 0.000 0.000 0.000 0.000 0.000 0.000 0.000 0.000 0.000 0.000 0.002 0.990 1.000 0.000 0.994 0.997 0.000 0.000 0.000 0.000
0.000 0.000 0.000 0.000 0.963 0.992 0.994 1.000 0.550 0.965 0.006 0.001 0.003 0.000 0.000 0.000 0.050 0.001 0.000 0.987 0.000 0.000 0.000 0.000 0.000 0.000 0.000 0.000 0.000 0.000 0.000 0.000 0.000 0.000 0.000 0.000 0.000 0.000 0.000 0.000 0.000 0.000 0.000 0.000 0.000 0.000 0.000 0.001 0.940 1.000 0.938 0.994 0.000 1.000 0.897 0.000 0.000 0.000
0.000 0.000 0.000 1.000 0.998 0.991 0.998 0.814 0.000 0.000 0.000 0.000 0.000 0.000 0.000 0.000 0.000 0.000 0.000 0.918 0.000 0.000 0.000 0.065 0.000 0.935 0.000 0.944 0.000 0.000 0.000 0.000 0.000 0.000 0.000 0.000 0.906 0.000 0.006 0.000 0.000 0.000 0.000 0.000 0.000 0.000 0.000 0.000 0.961 0.978 0.998 0.997 1.000 0.000 0.992 0.927 0.000 0.000
0.000 0.000 0.870 0.995 0.997 0.882 1.000 0.000 0.000 0.000 0.000 0.000 0.000 0.000 0.000 0.000 0.000 0.000 0.000 0.000 0.000 0.012 0.059 0.000 0.000 0.000 0.000 0.000 0.000 0.000 0.000 0.000 0.000 0.000 0.000 0.000 0.024 0.000 0.000 0.000 0.000 0.000 0.000 0.000 0.000 0.000 0.000 0.000 0.000 0.000 0.088 0.000 0.897 0.992 0.000 0.999 0.999 0.005
0.003 0.560 0.949 0.968 0.887 0.000 0.001 0.000 0.000 0.000 0.000 0.000 0.000 0.000 0.000 0.000 0.000 0.000 0.000 0.000 0.000 0.000 0.000 0.000 0.000 0.000 0.000 0.036 0.000 0.000 0.185 0.000 0.000 0.000 0.000 0.000 0.427 0.000 0.000 0.000 0.000 0.000 0.000 0.000 0.000 0.000 0.000 0.000 0.000 0.000 0.039 0.000 0.000 0.927 0.999 0.000 0.999 0.971
0.003 0.456 0.990 0.980 1.000 0.000 0.000 0.000 0.000 0.000 0.000 0.000 0.000 0.000 0.000 0.000 0.000 0.000 0.000 0.000 0.000 0.000 0.000 0.000 0.965 0.266 0.000 0.000 0.000 0.000 0.000 0.000 0.000 0.000 0.000 0.000 0.000 0.000 0.000 0.000 0.000 0.000 0.000 0.000 0.000 0.000 0.000 0.000 0.000 0.000 0.000 0.000 0.000 0.000 0.999 0.999 0.000 0.983
0.065 0.145 0.807 0.102 0.023 0.000 0.000 0.000 0.000 0.000 0.000 0.000 0.000 0.000 0.000 0.000 0.000 0.000 0.000 0.000 0.000 0.000 0.000 0.000 0.022 0.000 0.004 0.000 0.000 0.000 0.000 0.000 0.000 0.000 0.000 0.000 0.000 0.000 0.000 0.000 0.000 0.000 0.000 0.000 0.000 0.000 0.000 0.000 0.000 0.000 0.000 0.000 0.000 0.000 0.005 0.971 0.983 0.000
