0.000 0.998 0.993 0.225 0.066 0.000 0.000 0.000 0.000 0.000 0.000 0.008 0.005 0.000 0.000 0.000 0.000 0.000 0.000 0.022 0.000 0.375 0.589 0.669 0.022 0.000 0.000 0.000 0.000 0.000 0.000 0.023 0.139 0.316
0.998 0.000 0.997 0.975 0.000 0.000 0.000 0.000 0.000 0.000 0.000 0.000 0.000 0.000 0.000 0.000 0.000 0.000 0.000 0.000 0.960 0.988 0.997 0.976 0.134 0.000 0.000 0.000 0.000 0.000 0.000 0.000 0.001 0.016
0.993 0.997 0.000 0.994 0.883 0.000 0.000 0.000 0.000 0.000 0.000 0.000 0.000 0.000 0.000 0.000 0.000 0.000 0.024 0.991 0.994 0.994 0.976 0.189 0.538 0.000 0.984 0.972 0.966 0.000 0.007 0.012 0.988 0.574
0.225 0.975 0.994 0.000 0.988 0.991 0.000 0.000 0.000 0.000 0.000 0.000 0.000 0.000 0.000 0.000 0.000 0.000 0.876 0.987 1.000 0.972 0.999 0.000 0.000 0.000 0.000 0.000 0.000 0.000 0.000 0.001 0.212 0.000
0.066 0.000 0.883 0.988 0.000 0.998 0.862 0.000 0.000 0.000 0.000 0.000 0.000 0.000 0.000 0.000 0.000 0.997 0.979 0.982 0.944 0.000 0.037 0.000 0.000 0.000 0.000 0.000 0.000 0.001 0.000 0.282 0.007 0.000
0.000 0.000 0.000 0.991 0.998 0.000 0.987 0.930 0.000 0.000 0.000 0.000 0.000 0.000 0.000 0.000 0.946 0.991 0.999 0.901 0.971 0.000 0.785 0.000 0.000 0.000 0.000 0.176 0.000 0.021 0.000 0.000 0.000 0.000
0.000 0.000 0.000 0.000 0.862 0.987 0.000 0.999 0.949 0.161 0.081 0.000 0.000 0.135 0.286 0.999 0.999 0.996 0.981 0.000 0.000 0.000 0.000 0.000 0.000 0.000 0.000 0.007 0.000 0.302 0.000 0.000 0.000 0.000
0.000 0.000 0.000 0.000 0.000 0.930 0.999 0.000 0.985 0.951 0.002 0.000 0.009 0.004 0.855 0.949 0.991 0.908 0.968 0.000 0.000 0.000 0.000 0.000 0.000 0.000 0.000 0.810 0.000 0.826 0.000 0.000 0.000 0.000
0.000 0.000 0.000 0.000 0.000 0.000 0.949 0.985 0.000 0.987 0.955 0.000 0.049 0.599 0.980 0.990 0.955 0.023 0.323 0.000 0.000 0.000 0.000 0.000 0.000 0.000 0.000 0.421 0.000 0.725 0.000 0.000 0.000 0.000
0.000 0.000 0.000 0.000 0.000 0.000 0.161 0.951 0.987 0.000 1.000 0.994 0.990 0.951 0.962 0.938 0.665 0.276 0.104 0.003 0.000 0.000 0.000 0.000 0.000 0.000 0.000 0.121 0.000 0.729 0.055 0.000 0.000 0.000
0.000 0.000 0.000 0.000 0.000 0.000 0.081 0.002 0.955 1.000 0.000 0.995 0.960 0.917 0.133 0.001 0.000 0.000 0.003 0.000 0.000 0.000 0.001 0.002 0.000 0.000 0.000 0.267 0.001 0.714 0.001 0.000 0.000 0.001
0.008 0.000 0.000 0.000 0.000 0.000 0.000 0.000 0.000 0.994 0.995 0.000 0.991 0.916 0.035 0.000 0.000 0.000 0.000 0.000 0.000 0.000 0.008 0.008 0.000 0.000 0.001 0.000 0.000 0.014 0.000 0.000 0.000 0.001
0.005 0.000 0.000 0.000 0.000 0.000 0.000 0.009 0.049 0.990 0.960 0.991 0.000 0.991 0.996 0.172 0.070 0.000 0.000 0.000 0.000 0.000 0.005 0.000 0.000 0.000 0.000 0.000 0.000 0.001 0.000 0.000 0.000 0.000
0.000 0.000 0.000 0.000 0.000 0.000 0.135 0.004 0.599 0.951 0.917 0.916 0.991 0.000 0.995 0.939 0.000 0.000 0.000 0.000 0.000 0.000 0.003 0.002 0.000 0.000 0.000 0.000 0.000 0.000 0.000 0.000 0.000 0.000
0.000 0.000 0.000 0.000 0.000 0.000 0.286 0.855 0.980 0.962 0.133 0.035 0.996 0.995 0.000 0.998 0.914 0.000 0.000 0.000 0.000 0.000 0.000 0.001 0.000 0.000 0.001 0.000 0.000 0.116 0.000 0.000 0.000 0.024
0.000 0.000 0.000 0.000 0.000 0.000 0.999 0.949 0.990 0.938 0.001 0.000 0.172 0.939 0.998 0.000 0.953 0.832 0.000 0.000 0.000 0.000 0.000 0.000 0.000 0.000 0.000 0.000 0.000 0.292 0.000 0.000 0.000 0.000
0.000 0.000 0.000 0.000 0.000 0.946 0.999 0.991 0.955 0.665 0.000 0.000 0.070 0.000 0.914 0.953 0.000 0.985 0.963 0.000 0.000 0.000 0.000 0.000 0.000 0.000 0.000 0.004 0.000 0.886 0.000 0.000 0.000 0.000
0.000 0.000 0.000 0.000 0.997 0.991 0.996 0.908 0.023 0.276 0.000 0.000 0.000 0.000 0.000 0.832 0.985 0.000 0.992 0.898 0.000 0.000 0.000 0.000 0.000 0.000 0.000 0.003 0.057 0.989 0.021 0.009 0.000 0.000
0.000 0.000 0.024 0.876 0.979 0.999 0.981 0.968 0.323 0.104 0.003 0.000 0.000 0.000 0.000 0.000 0.963 0.992 0.000 0.981 0.979 0.000 0.000 0.000 0.000 0.000 0.011 0.997 0.957 1.000 0.447 0.000 0.000 0.000
0.022 0.000 0.991 0.987 0.982 0.901 0.000 0.000 0.000 0.003 0.000 0.000 0.000 0.000 0.000 0.000 0.000 0.898 0.981 0.000 0.989 0.900 0.000 0.000 0.000 0.000 0.916 0.992 0.999 0.992 0.995 0.998 0.991 0.000
0.000 0.960 0.994 1.000 0.944 0.971 0.000 0.000 0.000 0.000 0.000 0.000 0.000 0.000 0.000 0.000 0.000 0.000 0.979 0.989 0.000 0.999 0.996 0.028 0.003 0.971 0.994 0.982 0.943 0.000 0.000 0.000 0.153 0.000
0.375 0.988 0.994 0.972 0.000 0.000 0.000 0.000 0.000 0.000 0.000 0.000 0.000 0.000 0.000 0.000 0.000 0.000 0.000 0.900 0.999 0.000 0.995 0.993 0.994 0.984 0.990 0.932 0.065 0.000 0.000 0.000 0.095 0.003
0.589 0.997 0.976 0.999 0.037 0.785 0.000 0.000 0.000 0.000 0.001 0.008 0.005 0.003 0.000 0.000 0.000 0.000 0.000 0.000 0.996 0.995 0.000 0.998 0.971 0.963 0.062 0.000 0.000 0.000 0.000 0.000 0.000 0.000
0.669 0.976 0.189 0.000 0.000 0.000 0.000 0.000 0.000 0.000 0.002 0.008 0.000 0.002 0.001 0.000 0.000 0.000 0.000 0.000 0.028 0.993 0.998 0.000 0.993 0.974 0.099 0.000 0.000 0.000 0.000 0.000 0.000 0.000
0.022 0.134 0.538 0.000 0.000 0.000 0.000 0.000 0.000 0.000 0.000 0.000 0.000 0.000 0.000 0.000 0.000 0.000 0.000 0.000 0.003 0.994 0.971 0.993 0.000 0.996 0.994 0.000 0.000 0.000 0.000 0.000 0.000 0.000
0.000 0.000 0.000 0.000 0.000 0.000 0.000 0.000 0.000 0.000 0.000 0.000 0.000 0.000 0.000 0.000 0.000 0.000 0.000 0.000 0.971 0.984 0.963 0.974 0.996 0.000 0.992 0.940 0.000 0.000 0.000 0.000 0.000 0.000
0.000 0.000 0.984 0.000 0.000 0.000 0.000 0.000 0.000 0.000 0.000 0.001 0.000 0.000 0.001 0.000 0.000 0.000 0.011 0.916 0.994 0.990 0.062 0.099 0.994 0.992 0.000 0.993 0.936 0.000 0.003 0.000 0.007 0.001
0.000 0.000 0.972 0.000 0.000 0.176 0.007 0.810 0.421 0.121 0.267 0.000 0.000 0.000 0.000 0.000 0.004 0.003 0.997 0.992 0.982 0.932 0.000 0.000 0.000 0.940 0.993 0.000 0.997 0.998 0.000 0.000 0.000 0.000
0.000 0.000 0.966 0.000 0.000 0.000 0.000 0.000 0.000 0.000 0.001 0.000 0.000 0.000 0.000 0.000 0.000 0.057 0.957 0.999 0.943 0.065 0.000 0.000 0.000 0.000 0.936 0.997 0.000 0.999 0.997 0.982 0.972 0.710
0.000 0.000 0.000 0.000 0.001 0.021 0.302 0.826 0.725 0.729 0.714 0.014 0.001 0.000 0.116 0.292 0.886 0.989 1.000 0.992 0.000 0.000 0.000 0.000 0.000 0.000 0.000 0.998 0.999 0.000 0.989 0.974 0.011 0.000
0.000 0.000 0.007 0.000 0.000 0.000 0.000 0.000 0.000 0.055 0.001 0.000 0.000 0.000 0.000 0.000 0.000 0.021 0.447 0.995 0.000 0.000 0.000 0.000 0.000 0.000 0.003 0.000 0.997 0.989 0.000 0.998 0.963 0.030
0.023 0.000 0.012 0.001 0.282 0.000 0.000 0.000 0.000 0.000 0.000 0.000 0.000 0.000 0.000 0.000 0.000 0.009 0.000 0.998 0.000 0.000 0.000 0.000 0.000 0.000 0.000 0.000 0.982 0.974 0.998 0.000 0.996 0.985
0.139 0.001 0.988 0.212 0.007 0.000 0.000 0.000 0.000 0.000 0.000 0.000 0.000 0.000 0.000 0.000 0.000 0.000 0.000 0.991 0.153 0.095 0.000 0.000 0.000 0.000 0.007 0.000 0.972 0.011 0.963 0.996 0.000 1.000
0.316 0.016 0.574 0.000 0.000 0.000 0.000 0.000 0.000 0.000 0.001 0.001 0.000 0.000 0.024 0.000 0.000 0.000 0.000 0.000 0.000 0.003 0.000 0.000 0.000 0.000 0.001 0.000 0.710 0.000 0.030 0.985 1.000 0.000
