0.000 0.994 0.929 0.221 0.011 0.000 0.004 0.000 0.000 0.000 0.000 0.000 0.005 0.027 0.020 0.014 0.010 0.002 0.007 0.001 0.000 0.000 0.000 0.001 0.000 0.502 0.419 0.612 0.018 0.000 0.000 0.000 0.000 0.000 0.000 0.005 0.101 0.345
0.994 0.000 0.982 0.937 0.000 0.000 0.000 0.000 0.000 0.000 0.000 0.000 0.000 0.000 0.000 0.005 0.001 0.000 0.000 0.000 0.000 0.000 0.000 0.000 0.836 0.975 0.976 0.922 0.129 0.000 0.000 0.000 0.000 0.000 0.000 0.000 0.005 0.062
0.929 0.982 0.000 1.000 0.936 0.000 0.000 0.000 0.000 0.000 0.000 0.000 0.000 0.000 0.000 0.000 0.000 0.000 0.000 0.000 0.000 0.000 0.045 0.988 1.000 1.000 0.947 0.153 0.533 0.000 0.992 0.993 0.947 0.000 0.002 0.007 0.977 0.544
0.221 0.937 1.000 0.000 0.998 1.000 0.000 0.000 0.000 0.000 0.000 0.000 0.000 0.000 0.000 0.000 0.000 0.000 0.000 0.000 0.000 0.000 0.886 0.933 1.000 0.970 0.976 0.000 0.000 0.000 0.000 0.000 0.000 0.000 0.000 0.002 0.312 0.003
0.011 0.000 0.936 0.998 0.000 1.000 0.987 0.000 0.000 0.000 0.000 0.000 0.000 0.000 0.000 0.000 0.000 0.000 0.000 0.000 0.000 1.000 0.998 1.000 0.997 0.000 0.006 0.000 0.000 0.000 0.000 0.000 0.000 0.004 0.001 0.368 0.012 0.001
0.000 0.000 0.000 1.000 1.000 0.000 1.000 0.971 0.000 0.000 0.000 0.009 0.054 0.000 0.000 0.000 0.000 0.000 0.000 0.000 0.917 1.000 1.000 0.986 1.000 0.000 0.873 0.000 0.000 0.000 0.000 0.285 0.000 0.003 0.000 0.000 0.000 0.000
0.004 0.000 0.000 0.000 0.987 1.000 0.000 1.000 0.984 0.234 0.001 0.060 0.100 0.000 0.003 0.000 0.054 0.032 0.821 0.992 1.000 1.000 1.000 0.000 0.000 0.000 0.000 0.000 0.000 0.000 0.000 0.002 0.000 0.041 0.000 0.000 0.000 0.000
0.000 0.000 0.000 0.000 0.000 0.971 1.000 0.000 1.000 0.995 0.518 0.379 0.162 0.000 0.000 0.000 0.000 0.000 0.372 0.990 0.991 0.976 1.000 0.000 0.000 0.000 0.000 0.000 0.000 0.000 0.000 0.490 0.000 0.400 0.000 0.000 0.000 0.000
0.000 0.000 0.000 0.000 0.000 0.000 0.984 1.000 0.000 0.999 0.989 0.162 0.118 0.000 0.000 0.000 0.000 0.028 0.889 0.993 0.985 0.000 0.274 0.000 0.000 0.000 0.000 0.000 0.000 0.000 0.000 0.114 0.000 0.304 0.000 0.000 0.000 0.000
0.000 0.000 0.000 0.000 0.000 0.000 0.234 0.995 0.999 0.000 1.000 0.998 0.099 0.000 0.059 0.015 0.782 0.859 0.965 0.997 0.359 0.000 0.016 0.000 0.000 0.000 0.000 0.001 0.000 0.000 0.000 0.102 0.000 0.310 0.000 0.000 0.000 0.000
0.000 0.000 0.000 0.000 0.000 0.000 0.001 0.518 0.989 1.000 0.000 1.000 1.000 0.000 0.192 0.290 0.945 0.889 0.911 0.936 0.543 0.136 0.043 0.000 0.000 0.000 0.000 0.000 0.000 0.000 0.000 0.016 0.000 0.672 0.000 0.000 0.000 0.000
0.000 0.000 0.000 0.000 0.000 0.009 0.060 0.379 0.162 0.998 1.000 0.000 1.000 0.996 0.991 0.978 0.961 0.744 0.318 0.799 0.916 0.857 0.577 0.094 0.000 0.000 0.000 0.000 0.000 0.000 0.000 0.016 0.005 0.969 0.352 0.028 0.000 0.000
0.005 0.000 0.000 0.000 0.000 0.054 0.100 0.162 0.118 0.099 1.000 1.000 0.000 1.000 0.998 0.996 0.294 0.000 0.000 0.144 0.186 0.149 0.181 0.000 0.000 0.000 0.005 0.003 0.000 0.000 0.000 0.179 0.003 1.000 0.079 0.000 0.000 0.000
0.027 0.000 0.000 0.000 0.000 0.000 0.000 0.000 0.000 0.000 0.000 0.996 1.000 0.000 1.000 1.000 0.054 0.000 0.000 0.001 0.136 0.168 0.140 0.002 0.000 0.000 0.025 0.022 0.000 0.000 0.000 0.000 0.009 0.671 0.218 0.001 0.000 0.000
0.020 0.000 0.000 0.000 0.000 0.000 0.003 0.000 0.000 0.059 0.192 0.991 0.998 1.000 0.000 1.000 0.999 0.217 0.032 0.205 0.180 0.075 0.000 0.000 0.000 0.000 0.029 0.046 0.000 0.000 0.000 0.000 0.000 0.048 0.020 0.000 0.000 0.000
0.014 0.005 0.000 0.000 0.000 0.000 0.000 0.000 0.000 0.015 0.290 0.978 0.996 1.000 1.000 0.000 0.999 0.960 0.000 0.000 0.000 0.000 0.000 0.000 0.000 0.000 0.051 0.059 0.000 0.000 0.000 0.000 0.000 0.000 0.000 0.000 0.000 0.000
0.010 0.001 0.000 0.000 0.000 0.000 0.054 0.000 0.000 0.782 0.945 0.961 0.294 0.054 0.999 0.999 0.000 0.999 0.979 0.710 0.088 0.029 0.000 0.000 0.000 0.001 0.043 0.078 0.040 0.001 0.001 0.000 0.000 0.004 0.000 0.000 0.000 0.000
0.002 0.000 0.000 0.000 0.000 0.000 0.032 0.000 0.028 0.859 0.889 0.744 0.000 0.000 0.217 0.960 0.999 0.000 0.997 0.985 0.002 0.000 0.000 0.000 0.000 0.000 0.009 0.062 0.040 0.000 0.000 0.000 0.000 0.002 0.000 0.000 0.000 0.000
0.007 0.000 0.000 0.000 0.000 0.000 0.821 0.372 0.889 0.965 0.911 0.318 0.000 0.000 0.032 0.000 0.979 0.997 0.000 0.989 0.983 0.000 0.000 0.000 0.000 0.000 0.003 0.050 0.003 0.000 0.000 0.000 0.000 0.030 0.000 0.000 0.000 0.000
0.001 0.000 0.000 0.000 0.000 0.000 0.992 0.990 0.993 0.997 0.936 0.799 0.144 0.001 0.205 0.000 0.710 0.985 0.989 0.000 1.000 0.999 0.000 0.000 0.000 0.000 0.000 0.000 0.000 0.000 0.000 0.000 0.000 0.224 0.000 0.000 0.000 0.000
0.000 0.000 0.000 0.000 0.000 0.917 1.000 0.991 0.985 0.359 0.543 0.916 0.186 0.136 0.180 0.000 0.088 0.002 0.983 1.000 0.000 1.000 0.994 0.000 0.000 0.000 0.000 0.000 0.000 0.000 0.000 0.003 0.000 0.689 0.000 0.000 0.000 0.000
0.000 0.000 0.000 0.000 1.000 1.000 1.000 0.976 0.000 0.000 0.136 0.857 0.149 0.168 0.075 0.000 0.029 0.000 0.000 0.999 1.000 0.000 1.000 0.990 0.000 0.000 0.000 0.000 0.000 0.000 0.000 0.004 0.029 0.993 0.005 0.002 0.000 0.000
0.000 0.000 0.045 0.886 0.998 1.000 1.000 1.000 0.274 0.016 0.043 0.577 0.181 0.140 0.000 0.000 0.000 0.000 0.000 0.000 0.994 1.000 0.000 1.000 0.986 0.005 0.000 0.000 0.000 0.001 0.043 0.999 0.995 0.996 0.323 0.000 0.000 0.000
0.001 0.000 0.988 0.933 1.000 0.986 0.000 0.000 0.000 0.000 0.000 0.094 0.000 0.002 0.000 0.000 0.000 0.000 0.000 0.000 0.000 0.990 1.000 0.000 0.959 0.869 0.000 0.000 0.000 0.000 0.893 0.989 0.996 0.993 0.986 1.000 0.999 0.149
0.000 0.836 1.000 1.000 0.997 1.000 0.000 0.000 0.000 0.000 0.000 0.000 0.000 0.000 0.000 0.000 0.000 0.000 0.000 0.000 0.000 0.000 0.986 0.959 0.000 0.996 0.988 0.031 0.005 0.965 0.971 0.987 0.891 0.000 0.000 0.000 0.223 0.000
0.502 0.975 1.000 0.970 0.000 0.000 0.000 0.000 0.000 0.000 0.000 0.000 0.000 0.000 0.000 0.000 0.001 0.000 0.000 0.000 0.000 0.000 0.005 0.869 0.996 0.000 0.990 0.975 0.978 0.967 1.000 0.925 0.038 0.000 0.000 0.000 0.050 0.001
0.419 0.976 0.947 0.976 0.006 0.873 0.000 0.000 0.000 0.000 0.000 0.000 0.005 0.025 0.029 0.051 0.043 0.009 0.003 0.000 0.000 0.000 0.000 0.000 0.988 0.990 0.000 0.996 0.948 0.959 0.088 0.000 0.000 0.000 0.000 0.000 0.000 0.000
0.612 0.922 0.153 0.000 0.000 0.000 0.000 0.000 0.000 0.001 0.000 0.000 0.003 0.022 0.046 0.059 0.078 0.062 0.050 0.000 0.000 0.000 0.000 0.000 0.031 0.975 0.996 0.000 0.990 0.954 0.067 0.000 0.000 0.000 0.000 0.000 0.000 0.000
0.018 0.129 0.533 0.000 0.000 0.000 0.000 0.000 0.000 0.000 0.000 0.000 0.000 0.000 0.000 0.000 0.040 0.040 0.003 0.000 0.000 0.000 0.000 0.000 0.005 0.978 0.948 0.990 0.000 0.992 0.976 0.000 0.000 0.000 0.000 0.000 0.000 0.000
0.000 0.000 0.000 0.000 0.000 0.000 0.000 0.000 0.000 0.000 0.000 0.000 0.000 0.000 0.000 0.000 0.001 0.000 0.000 0.000 0.000 0.000 0.001 0.000 0.965 0.967 0.959 0.954 0.992 0.000 0.992 0.877 0.000 0.000 0.000 0.000 0.000 0.000
0.000 0.000 0.992 0.000 0.000 0.000 0.000 0.000 0.000 0.000 0.000 0.000 0.000 0.000 0.000 0.000 0.001 0.000 0.000 0.000 0.000 0.000 0.043 0.893 0.971 1.000 0.088 0.067 0.976 0.992 0.000 0.992 0.916 0.000 0.000 0.000 0.004 0.000
0.000 0.000 0.993 0.000 0.000 0.285 0.002 0.490 0.114 0.102 0.016 0.016 0.179 0.000 0.000 0.000 0.000 0.000 0.000 0.000 0.003 0.004 0.999 0.989 0.987 0.925 0.000 0.000 0.000 0.877 0.992 0.000 0.997 0.953 0.000 0.000 0.000 0.000
0.000 0.000 0.947 0.000 0.000 0.000 0.000 0.000 0.000 0.000 0.000 0.005 0.003 0.009 0.000 0.000 0.000 0.000 0.000 0.000 0.000 0.029 0.995 0.996 0.891 0.038 0.000 0.000 0.000 0.000 0.916 0.997 0.000 0.995 0.996 0.980 0.998 0.246
0.000 0.000 0.000 0.000 0.004 0.003 0.041 0.400 0.304 0.310 0.672 0.969 1.000 0.671 0.048 0.000 0.004 0.002 0.030 0.224 0.689 0.993 0.996 0.993 0.000 0.000 0.000 0.000 0.000 0.000 0.000 0.953 0.995 0.000 1.000 0.996 0.013 0.000
0.000 0.000 0.002 0.000 0.001 0.000 0.000 0.000 0.000 0.000 0.000 0.352 0.079 0.218 0.020 0.000 0.000 0.000 0.000 0.000 0.000 0.005 0.323 0.986 0.000 0.000 0.000 0.000 0.000 0.000 0.000 0.000 0.996 1.000 0.000 1.000 0.970 0.001
0.005 0.000 0.007 0.002 0.368 0.000 0.000 0.000 0.000 0.000 0.000 0.028 0.000 0.001 0.000 0.000 0.000 0.000 0.000 0.000 0.000 0.002 0.000 1.000 0.000 0.000 0.000 0.000 0.000 0.000 0.000 0.000 0.980 0.996 1.000 0.000 0.988 0.973
0.101 0.005 0.977 0.312 0.012 0.000 0.000 0.000 0.000 0.000 0.000 0.000 0.000 0.000 0.000 0.000 0.000 0.000 0.000 0.000 0.000 0.000 0.000 0.999 0.223 0.050 0.000 0.000 0.000 0.000 0.004 0.000 0.998 0.013 0.970 0.988 0.000 0.992
0.345 0.062 0.544 0.003 0.001 0.000 0.000 0.000 0.000 0.000 0.000 0.000 0.000 0.000 0.000 0.000 0.000 0.000 0.000 0.000 0.000 0.000 0.000 0.149 0.000 0.001 0.000 0.000 0.000 0.000 0.000 0.000 0.246 0.000 0.001 0.973 0.992 0.000
