0.000 0.997 0.972 0.115 0.034 0.000 0.000 0.000 0.002 0.010 0.002 0.000 0.000 0.000 0.000 0.009 0.000 0.620 0.275 0.712 0.047 0.000 0.000 0.000 0.000 0.000 0.000 0.018 0.190 0.491
0.997 0.000 1.000 0.985 0.000 0.000 0.000 0.000 0.000 0.000 0.000 0.000 0.000 0.000 0.000 0.000 0.980 1.000 0.997 0.997 0.203 0.000 0.000 0.000 0.000 0.000 0.000 0.000 0.001 0.028
0.972 1.000 0.000 1.000 0.999 0.000 0.000 0.000 0.000 0.000 0.000 0.000 0.000 0.000 0.025 1.000 1.000 1.000 0.990 0.168 0.623 0.000 0.982 0.968 1.000 0.000 0.004 0.002 1.000 0.618
0.115 0.985 1.000 0.000 1.000 1.000 0.000 0.000 0.000 0.000 0.000 0.000 0.000 0.000 0.992 1.000 1.000 1.000 0.997 0.000 0.000 0.000 0.000 0.000 0.000 0.000 0.000 0.000 0.293 0.000
0.034 0.000 0.999 1.000 0.000 0.993 0.973 0.000 0.000 0.000 0.000 0.000 0.000 1.000 0.994 1.000 0.997 0.000 0.051 0.000 0.000 0.000 0.000 0.000 0.000 0.001 0.000 0.458 0.012 0.000
0.000 0.000 0.000 1.000 0.993 0.000 1.000 0.974 0.000 0.000 0.000 0.000 0.957 1.000 1.000 1.000 1.000 0.000 0.897 0.000 0.000 0.000 0.000 0.338 0.000 0.004 0.000 0.000 0.000 0.000
0.000 0.000 0.000 0.000 0.973 1.000 0.000 1.000 0.995 0.000 0.000 0.955 1.000 1.000 1.000 0.000 0.000 0.000 0.000 0.000 0.000 0.000 0.000 0.002 0.000 0.020 0.000 0.000 0.000 0.000
0.000 0.000 0.000 0.000 0.000 0.974 1.000 0.000 1.000 0.982 0.943 0.937 1.000 0.988 1.000 0.000 0.000 0.000 0.000 0.000 0.000 0.000 0.000 0.824 0.000 0.987 0.000 0.000 0.000 0.000
0.002 0.000 0.000 0.000 0.000 0.000 0.995 1.000 0.000 0.995 0.957 0.985 0.916 0.000 0.594 0.000 0.000 0.000 0.000 0.000 0.000 0.000 0.000 0.002 0.000 0.000 0.000 0.000 0.000 0.000
0.010 0.000 0.000 0.000 0.000 0.000 0.000 0.982 0.995 0.000 0.992 0.971 0.044 0.000 0.000 0.000 0.000 0.000 0.000 0.000 0.000 0.000 0.000 0.000 0.000 0.002 0.000 0.000 0.000 0.000
0.002 0.000 0.000 0.000 0.000 0.000 0.000 0.943 0.957 0.992 0.000 0.992 0.995 0.001 0.003 0.000 0.000 0.000 0.000 0.000 0.000 0.000 0.000 0.004 0.000 0.823 0.000 0.000 0.000 0.000
0.000 0.000 0.000 0.000 0.000 0.000 0.955 0.937 0.985 0.971 0.992 0.000 1.000 0.850 0.000 0.000 0.000 0.000 0.000 0.000 0.000 0.000 0.000 0.000 0.000 0.001 0.000 0.000 0.000 0.000
0.000 0.000 0.000 0.000 0.000 0.957 1.000 1.000 0.916 0.044 0.995 1.000 0.000 0.997 0.980 0.001 0.000 0.000 0.000 0.000 0.000 0.000 0.000 0.001 0.000 0.955 0.027 0.000 0.000 0.000
0.000 0.000 0.000 0.000 1.000 1.000 1.000 0.988 0.000 0.000 0.001 0.850 0.997 0.000 1.000 0.995 0.000 0.000 0.000 0.000 0.000 0.000 0.000 0.000 0.051 0.995 0.016 0.005 0.000 0.000
0.000 0.000 0.025 0.992 0.994 1.000 1.000 1.000 0.594 0.000 0.003 0.000 0.980 1.000 0.000 1.000 1.000 0.001 0.000 0.000 0.000 0.000 0.015 1.000 1.000 0.990 0.499 0.000 0.000 0.000
0.009 0.000 1.000 1.000 1.000 1.000 0.000 0.000 0.000 0.000 0.000 0.000 0.001 0.995 1.000 0.000 1.000 1.000 0.000 0.000 0.000 0.000 0.993 0.985 1.000 0.982 0.999 0.999 1.000 0.000
0.000 0.980 1.000 1.000 0.997 1.000 0.000 0.000 0.000 0.000 0.000 0.000 0.000 0.000 1.000 1.000 0.000 1.000 1.000 0.025 0.005 0.993 0.999 1.000 0.994 0.000 0.000 0.000 0.174 0.000
0.620 1.000 1.000 1.000 0.000 0.000 0.000 0.000 0.000 0.000 0.000 0.000 0.000 0.000 0.001 1.000 1.000 0.000 1.000 1.000 0.999 0.995 0.996 0.982 0.049 0.000 0.000 0.000 0.093 0.006
0.275 0.997 0.990 0.997 0.051 0.897 0.000 0.000 0.000 0.000 0.000 0.000 0.000 0.000 0.000 0.000 1.000 1.000 0.000 0.986 0.970 0.991 0.063 0.000 0.000 0.000 0.000 0.000 0.000 0.000
0.712 0.997 0.168 0.000 0.000 0.000 0.000 0.000 0.000 0.000 0.000 0.000 0.000 0.000 0.000 0.000 0.025 1.000 0.986 0.000 1.000 0.982 0.079 0.000 0.000 0.000 0.000 0.000 0.000 0.000
0.047 0.203 0.623 0.000 0.000 0.000 0.000 0.000 0.000 0.000 0.000 0.000 0.000 0.000 0.000 0.000 0.005 0.999 0.970 1.000 0.000 0.981 1.000 0.000 0.000 0.000 0.000 0.000 0.000 0.000
0.000 0.000 0.000 0.000 0.000 0.000 0.000 0.000 0.000 0.000 0.000 0.000 0.000 0.000 0.000 0.000 0.993 0.995 0.991 0.982 0.981 0.000 1.000 0.988 0.000 0.000 0.000 0.000 0.000 0.000
0.000 0.000 0.982 0.000 0.000 0.000 0.000 0.000 0.000 0.000 0.000 0.000 0.000 0.000 0.015 0.993 0.999 0.996 0.063 0.079 1.000 1.000 0.000 0.999 0.995 0.000 0.001 0.000 0.006 0.002
0.000 0.000 0.968 0.000 0.000 0.338 0.002 0.824 0.002 0.000 0.004 0.000 0.001 0.000 1.000 0.985 1.000 0.982 0.000 0.000 0.000 0.988 0.999 0.000 0.999 0.988 0.000 0.000 0.000 0.000
0.000 0.000 1.000 0.000 0.000 0.000 0.000 0.000 0.000 0.000 0.000 0.000 0.000 0.051 1.000 1.000 0.994 0.049 0.000 0.000 0.000 0.000 0.995 0.999 0.000 0.994 1.000 0.998 1.000 0.737
0.000 0.000 0.000 0.000 0.001 0.004 0.020 0.987 0.000 0.002 0.823 0.001 0.955 0.995 0.990 0.982 0.000 0.000 0.000 0.000 0.000 0.000 0.000 0.988 0.994 0.000 0.999 0.964 0.018 0.000
0.000 0.000 0.004 0.000 0.000 0.000 0.000 0.000 0.000 0.000 0.000 0.000 0.027 0.016 0.499 0.999 0.000 0.000 0.000 0.000 0.000 0.000 0.001 0.000 1.000 0.999 0.000 1.000 0.999 0.027
0.018 0.000 0.002 0.000 0.458 0.000 0.000 0.000 0.000 0.000 0.000 0.000 0.000 0.005 0.000 0.999 0.000 0.000 0.000 0.000 0.000 0.000 0.000 0.000 0.998 0.964 1.000 0.000 1.000 0.979
0.190 0.001 1.000 0.293 0.012 0.000 0.000 0.000 0.000 0.000 0.000 0.000 0.000 0.000 0.000 1.000 0.174 0.093 0.000 0.000 0.000 0.000 0.006 0.000 1.000 0.018 0.999 1.000 0.000 0.990
0.491 0.028 0.618 0.000 0.000 0.000 0.000 0.000 0.000 0.000 0.000 0.000 0.000 0.000 0.000 0.000 0.000 0.006 0.000 0.000 0.000 0.000 0.002 0.000 0.737 0.000 0.027 0.979 0.990 0.000
