0.000 0.993 0.923 0.259 0.000 0.000 0.000 0.000 0.007 0.000 0.000 0.000 0.000 0.000 0.000 0.000 0.000 0.000 0.000 0.000 0.000 0.000 0.000 0.000 0.000 0.000 0.000 0.000 0.000 0.000 0.002 0.000 0.978 0.253
0.993 0.000 0.991 0.982 0.000 0.000 0.000 0.000 0.008 0.000 0.000 0.000 0.000 0.000 0.000 0.000 0.000 0.000 0.000 0.000 0.000 0.000 0.000 0.000 0.000 0.000 0.000 0.000 0.000 0.000 0.000 0.000 0.924 0.006
0.923 0.991 0.000 0.999 0.902 0.002 0.958 0.920 0.958 0.000 0.000 0.000 0.000 0.000 0.000 0.000 0.023 0.000 0.979 0.185 0.000 0.005 0.000 0.000 0.000 0.000 0.000 0.000 0.000 0.000 0.940 0.996 0.995 0.001
0.259 0.982 0.999 0.000 0.980 0.884 0.979 0.001 0.000 0.000 0.000 0.000 0.000 0.000 0.000 0.000 0.000 0.000 0.007 0.000 0.064 0.002 0.000 0.000 0.000 0.000 0.000 0.000 0.000 0.000 0.179 0.940 0.950 0.315
0.000 0.000 0.902 0.980 0.000 0.973 0.952 0.000 0.000 0.000 0.000 0.000 0.000 0.000 0.000 0.000 0.000 0.000 0.000 0.000 0.477 0.019 0.514 0.001 0.000 0.000 0.000 0.000 0.000 0.000 0.000 0.000 0.000 0.000
0.000 0.000 0.002 0.884 0.973 0.000 0.988 0.864 0.000 0.000 0.000 0.000 0.000 0.000 0.000 0.000 0.000 0.000 0.000 0.830 0.953 0.981 0.962 0.025 0.000 0.000 0.000 0.000 0.000 0.000 0.000 0.000 0.000 0.000
0.000 0.000 0.958 0.979 0.952 0.988 0.000 0.993 0.804 0.000 0.000 0.000 0.000 0.000 0.000 0.000 0.000 0.001 0.976 0.979 0.993 0.967 0.139 0.131 0.000 0.782 0.703 0.974 0.000 0.228 0.007 0.976 0.000 0.014
0.000 0.000 0.920 0.001 0.000 0.864 0.993 0.000 0.980 0.992 0.000 0.000 0.000 0.000 0.000 0.000 0.000 0.873 0.966 0.999 0.940 0.989 0.000 0.000 0.017 0.000 0.000 0.000 0.000 0.000 0.000 0.220 0.000 0.000
0.007 0.008 0.958 0.000 0.000 0.000 0.804 0.980 0.000 0.995 0.896 0.000 0.000 0.000 0.000 0.003 0.989 0.990 0.996 0.896 0.000 0.000 0.000 0.000 0.000 0.000 0.000 0.000 0.000 0.000 0.035 0.049 0.732 0.000
0.000 0.000 0.000 0.000 0.000 0.000 0.000 0.992 0.995 0.000 0.999 0.953 0.000 0.000 0.000 0.979 0.966 1.000 0.945 0.993 0.000 0.696 0.000 0.000 0.037 0.000 0.326 0.000 0.000 0.000 0.000 0.000 0.000 0.000
0.000 0.000 0.000 0.000 0.000 0.000 0.000 0.000 0.896 0.999 0.000 1.000 0.991 0.061 0.990 0.999 0.957 1.000 0.000 0.000 0.000 0.000 0.000 0.000 0.000 0.000 0.000 0.000 0.058 0.000 0.000 0.000 0.000 0.000
0.000 0.000 0.000 0.000 0.000 0.000 0.000 0.000 0.000 0.953 1.000 0.000 0.999 0.998 0.989 0.970 0.820 1.000 0.000 0.000 0.000 0.000 0.000 0.000 0.000 0.000 0.004 0.000 0.963 0.000 0.000 0.000 0.000 0.000
0.000 0.000 0.000 0.000 0.000 0.000 0.000 0.000 0.000 0.000 0.991 0.999 0.000 0.998 0.967 0.659 0.000 0.096 0.000 0.000 0.000 0.000 0.000 0.000 0.000 0.000 0.000 0.000 0.000 0.000 0.000 0.000 0.000 0.002
0.000 0.000 0.000 0.000 0.000 0.000 0.000 0.000 0.000 0.000 0.061 0.998 0.998 0.000 0.994 0.996 0.000 0.000 0.000 0.000 0.000 0.000 0.000 0.000 0.000 0.000 0.000 0.000 0.149 0.000 0.000 0.000 0.000 0.000
0.000 0.000 0.000 0.000 0.000 0.000 0.000 0.000 0.000 0.000 0.990 0.989 0.967 0.994 0.000 1.000 0.930 0.000 0.000 0.000 0.000 0.000 0.000 0.000 0.000 0.000 0.000 0.000 0.000 0.000 0.000 0.000 0.000 0.000
0.000 0.000 0.000 0.000 0.000 0.000 0.000 0.000 0.003 0.979 0.999 0.970 0.659 0.996 1.000 0.000 0.986 1.000 0.000 0.000 0.000 0.000 0.000 0.000 0.000 0.000 0.000 0.000 0.968 0.004 0.000 0.000 0.000 0.000
0.000 0.000 0.023 0.000 0.000 0.000 0.000 0.000 0.989 0.966 0.957 0.820 0.000 0.000 0.930 0.986 0.000 0.997 0.994 0.000 0.000 0.000 0.000 0.000 0.000 0.000 0.000 0.156 0.997 0.319 0.717 0.001 0.746 0.017
0.000 0.000 0.000 0.000 0.000 0.000 0.001 0.873 0.990 1.000 1.000 1.000 0.096 0.000 0.000 1.000 0.997 0.000 0.993 0.949 0.000 0.000 0.000 0.000 0.000 0.005 0.968 0.962 0.998 0.444 0.000 0.000 0.000 0.000
0.000 0.000 0.979 0.007 0.000 0.000 0.976 0.966 0.996 0.945 0.000 0.000 0.000 0.000 0.000 0.000 0.994 0.993 0.000 0.965 0.873 0.000 0.000 0.000 0.000 0.827 0.933 0.998 0.993 0.996 0.999 0.993 0.979 0.002
0.000 0.000 0.185 0.000 0.000 0.830 0.979 0.999 0.896 0.993 0.000 0.000 0.000 0.000 0.000 0.000 0.000 0.949 0.965 0.000 0.994 0.947 0.002 0.021 0.955 0.972 0.990 0.918 0.000 0.000 0.000 0.095 0.000 0.000
0.000 0.000 0.000 0.064 0.477 0.953 0.993 0.940 0.000 0.000 0.000 0.000 0.000 0.000 0.000 0.000 0.000 0.000 0.873 0.994 0.000 0.989 0.987 0.986 0.970 0.990 0.910 0.541 0.000 0.000 0.000 0.038 0.000 0.000
0.000 0.000 0.005 0.002 0.019 0.981 0.967 0.989 0.000 0.696 0.000 0.000 0.000 0.000 0.000 0.000 0.000 0.000 0.000 0.947 0.989 0.000 0.993 0.938 0.974 0.285 0.000 0.000 0.000 0.000 0.000 0.000 0.000 0.000
0.000 0.000 0.000 0.000 0.514 0.962 0.139 0.000 0.000 0.000 0.000 0.000 0.000 0.000 0.000 0.000 0.000 0.000 0.000 0.002 0.987 0.993 0.000 0.978 0.930 0.151 0.000 0.000 0.000 0.000 0.000 0.000 0.000 0.000
0.000 0.000 0.000 0.000 0.001 0.025 0.131 0.000 0.000 0.000 0.000 0.000 0.000 0.000 0.000 0.000 0.000 0.000 0.000 0.021 0.986 0.938 0.978 0.000 0.990 0.990 0.010 0.009 0.000 0.000 0.000 0.000 0.000 0.000
0.000 0.000 0.000 0.000 0.000 0.000 0.000 0.017 0.000 0.037 0.000 0.000 0.000 0.000 0.000 0.000 0.000 0.000 0.000 0.955 0.970 0.974 0.930 0.990 0.000 0.995 0.948 0.000 0.000 0.000 0.000 0.000 0.000 0.000
0.000 0.000 0.000 0.000 0.000 0.000 0.782 0.000 0.000 0.000 0.000 0.000 0.000 0.000 0.000 0.000 0.000 0.005 0.827 0.972 0.990 0.285 0.151 0.990 0.995 0.000 0.988 0.892 0.000 0.000 0.000 0.000 0.000 0.000
0.000 0.000 0.000 0.000 0.000 0.000 0.703 0.000 0.000 0.326 0.000 0.004 0.000 0.000 0.000 0.000 0.000 0.968 0.933 0.990 0.910 0.000 0.000 0.010 0.948 0.988 0.000 0.956 0.863 0.000 0.000 0.000 0.000 0.000
0.000 0.000 0.000 0.000 0.000 0.000 0.974 0.000 0.000 0.000 0.000 0.000 0.000 0.000 0.000 0.000 0.156 0.962 0.998 0.918 0.541 0.000 0.000 0.009 0.000 0.892 0.956 0.000 0.999 0.990 0.488 0.898 0.000 0.029
0.000 0.000 0.000 0.000 0.000 0.000 0.000 0.000 0.000 0.000 0.058 0.963 0.000 0.149 0.000 0.968 0.997 0.998 0.993 0.000 0.000 0.000 0.000 0.000 0.000 0.000 0.863 0.999 0.000 0.997 0.970 0.008 0.000 0.000
0.000 0.000 0.000 0.000 0.000 0.000 0.228 0.000 0.000 0.000 0.000 0.000 0.000 0.000 0.000 0.004 0.319 0.444 0.996 0.000 0.000 0.000 0.000 0.000 0.000 0.000 0.000 0.990 0.997 0.000 0.998 0.985 0.009 0.387
0.002 0.000 0.940 0.179 0.000 0.000 0.007 0.000 0.035 0.000 0.000 0.000 0.000 0.000 0.000 0.000 0.717 0.000 0.999 0.000 0.000 0.000 0.000 0.000 0.000 0.000 0.000 0.488 0.970 0.998 0.000 0.999 1.000 0.550
0.000 0.000 0.996 0.940 0.000 0.000 0.976 0.220 0.049 0.000 0.000 0.000 0.000 0.000 0.000 0.000 0.001 0.000 0.993 0.095 0.038 0.000 0.000 0.000 0.000 0.000 0.000 0.898 0.008 0.985 0.999 0.000 0.998 0.956
0.978 0.924 0.995 0.950 0.000 0.000 0.000 0.000 0.732 0.000 0.000 0.000 0.000 0.000 0.000 0.000 0.746 0.000 0.979 0.000 0.000 0.000 0.000 0.000 0.000 0.000 0.000 0.000 0.000 0.009 1.000 0.998 0.000 0.992
0.253 0.006 0.001 0.315 0.000 0.000 0.014 0.000 0.000 0.000 0.000 0.000 0.002 0.000 0.000 0.000 0.017 0.000 0.002 0.000 0.000 0.000 0.000 0.000 0.000 0.000 0.000 0.029 0.000 0.387 0.550 0.956 0.992 0.000
