0.000 0.997 0.822 0.207 0.000 0.000 0.000 0.000 0.006 0.000 0.000 0.000 0.002 0.000 0.000 0.000 0.000 0.000 0.000 0.000 0.000 0.000 0.000 0.000 0.000 0.000 0.000 0.000 0.000 0.000 0.002 0.008 0.970 0.071
0.997 0.000 0.970 0.845 0.000 0.000 0.000 0.000 0.008 0.000 0.000 0.000 0.000 0.000 0.000 0.000 0.000 0.000 0.000 0.000 0.000 0.000 0.000 0.000 0.000 0.000 0.000 0.000 0.000 0.000 0.000 0.005 0.993 0.000
0.822 0.970 0.000 1.000 0.903 0.003 0.973 0.911 0.909 0.000 0.000 0.000 0.000 0.000 0.000 0.000 0.015 0.000 0.983 0.201 0.000 0.005 0.000 0.000 0.000 0.000 0.000 0.000 0.000 0.000 0.929 0.966 0.994 0.000
0.207 0.845 1.000 0.000 0.997 0.940 0.991 0.001 0.000 0.000 0.000 0.000 0.000 0.000 0.000 0.000 0.000 0.000 0.006 0.000 0.053 0.001 0.000 0.000 0.000 0.000 0.000 0.000 0.000 0.000 0.148 0.983 0.972 0.090
0.000 0.000 0.903 0.997 0.000 0.990 0.999 0.000 0.000 0.000 0.000 0.000 0.000 0.000 0.000 0.000 0.000 0.000 0.000 0.000 0.440 0.019 0.480 0.001 0.000 0.000 0.000 0.000 0.000 0.000 0.000 0.000 0.000 0.000
0.000 0.000 0.003 0.940 0.990 0.000 0.998 0.880 0.000 0.000 0.000 0.000 0.000 0.000 0.000 0.000 0.000 0.000 0.000 0.858 0.974 0.949 0.989 0.047 0.000 0.000 0.000 0.000 0.000 0.000 0.000 0.000 0.000 0.000
0.000 0.000 0.973 0.991 0.999 0.998 0.000 0.967 0.826 0.000 0.000 0.000 0.000 0.000 0.000 0.000 0.000 0.000 0.988 0.945 1.000 0.955 0.174 0.077 0.000 0.791 0.655 0.999 0.000 0.327 0.014 0.997 0.000 0.010
0.000 0.000 0.911 0.001 0.000 0.880 0.967 0.000 0.992 0.997 0.000 0.000 0.000 0.000 0.000 0.000 0.000 0.900 0.985 0.996 0.926 0.983 0.000 0.000 0.022 0.000 0.000 0.000 0.000 0.000 0.000 0.182 0.000 0.000
0.006 0.008 0.909 0.000 0.000 0.000 0.826 0.992 0.000 0.999 0.919 0.000 0.000 0.000 0.001 0.002 0.999 0.991 0.986 0.933 0.000 0.000 0.000 0.000 0.000 0.000 0.000 0.002 0.002 0.000 0.036 0.044 0.628 0.000
0.000 0.000 0.000 0.000 0.000 0.000 0.000 0.997 0.999 0.000 0.990 0.964 0.000 0.000 0.000 0.943 0.971 0.998 0.916 0.990 0.000 0.721 0.000 0.000 0.084 0.000 0.293 0.000 0.000 0.000 0.000 0.000 0.000 0.000
0.000 0.000 0.000 0.000 0.000 0.000 0.000 0.000 0.919 0.990 0.000 1.000 0.968 0.047 0.970 0.989 0.974 0.979 0.000 0.000 0.000 0.000 0.000 0.000 0.000 0.000 0.000 0.000 0.089 0.000 0.000 0.000 0.000 0.000
0.000 0.000 0.000 0.000 0.000 0.000 0.000 0.000 0.000 0.964 1.000 0.000 0.992 0.989 0.979 0.993 0.945 0.985 0.000 0.000 0.000 0.000 0.000 0.000 0.000 0.000 0.033 0.000 0.884 0.000 0.000 0.000 0.000 0.000
0.002 0.000 0.000 0.000 0.000 0.000 0.000 0.000 0.000 0.000 0.968 0.992 0.000 0.996 0.982 0.612 0.000 0.060 0.000 0.000 0.000 0.000 0.000 0.000 0.000 0.000 0.000 0.000 0.000 0.000 0.000 0.000 0.000 0.000
0.000 0.000 0.000 0.000 0.000 0.000 0.000 0.000 0.000 0.000 0.047 0.989 0.996 0.000 0.993 0.993 0.000 0.000 0.000 0.000 0.000 0.000 0.000 0.000 0.000 0.000 0.000 0.000 0.130 0.000 0.000 0.000 0.000 0.000
0.000 0.000 0.000 0.000 0.000 0.000 0.000 0.000 0.001 0.000 0.970 0.979 0.982 0.993 0.000 0.991 0.942 0.000 0.000 0.000 0.000 0.000 0.000 0.000 0.000 0.000 0.000 0.000 0.000 0.000 0.000 0.000 0.000 0.000
0.000 0.000 0.000 0.000 0.000 0.000 0.000 0.000 0.002 0.943 0.989 0.993 0.612 0.993 0.991 0.000 0.998 0.961 0.000 0.000 0.000 0.000 0.000 0.000 0.000 0.000 0.000 0.000 0.934 0.001 0.000 0.000 0.000 0.000
0.000 0.000 0.015 0.000 0.000 0.000 0.000 0.000 0.999 0.971 0.974 0.945 0.000 0.000 0.942 0.998 0.000 0.986 0.934 0.000 0.000 0.000 0.000 0.000 0.000 0.000 0.000 0.111 0.983 0.049 0.359 0.000 0.456 0.032
0.000 0.000 0.000 0.000 0.000 0.000 0.000 0.900 0.991 0.998 0.979 0.985 0.060 0.000 0.000 0.961 0.986 0.000 0.986 0.998 0.000 0.000 0.000 0.000 0.001 0.054 0.991 0.913 0.999 0.300 0.000 0.000 0.000 0.000
0.000 0.000 0.983 0.006 0.000 0.000 0.988 0.985 0.986 0.916 0.000 0.000 0.000 0.000 0.000 0.000 0.934 0.986 0.000 0.994 0.933 0.000 0.000 0.000 0.000 0.939 0.995 0.999 1.000 0.983 0.973 0.974 0.880 0.031
0.000 0.000 0.201 0.000 0.000 0.858 0.945 0.996 0.933 0.990 0.000 0.000 0.000 0.000 0.000 0.000 0.000 0.998 0.994 0.000 0.992 0.989 0.004 0.041 0.927 0.982 1.000 0.937 0.000 0.000 0.000 0.082 0.000 0.000
0.000 0.000 0.000 0.053 0.440 0.974 1.000 0.926 0.000 0.000 0.000 0.000 0.000 0.000 0.000 0.000 0.000 0.000 0.933 0.992 0.000 0.992 0.989 1.000 0.994 1.000 0.852 0.643 0.000 0.000 0.000 0.049 0.000 0.000
0.000 0.000 0.005 0.001 0.019 0.949 0.955 0.983 0.000 0.721 0.000 0.000 0.000 0.000 0.000 0.000 0.000 0.000 0.000 0.989 0.992 0.000 0.988 0.957 0.995 0.344 0.000 0.000 0.000 0.000 0.000 0.000 0.000 0.000
0.000 0.000 0.000 0.000 0.480 0.989 0.174 0.000 0.000 0.000 0.000 0.000 0.000 0.000 0.000 0.000 0.000 0.000 0.000 0.004 0.989 0.988 0.000 0.988 0.965 0.212 0.000 0.000 0.000 0.000 0.000 0.000 0.000 0.000
0.000 0.000 0.000 0.000 0.001 0.047 0.077 0.000 0.000 0.000 0.000 0.000 0.000 0.000 0.000 0.000 0.000 0.000 0.000 0.041 1.000 0.957 0.988 0.000 0.982 1.000 0.001 0.017 0.000 0.000 0.000 0.000 0.000 0.000
0.000 0.000 0.000 0.000 0.000 0.000 0.000 0.022 0.000 0.084 0.000 0.000 0.000 0.000 0.000 0.000 0.000 0.001 0.000 0.927 0.994 0.995 0.965 0.982 0.000 0.992 0.995 0.000 0.000 0.000 0.000 0.000 0.000 0.000
0.000 0.000 0.000 0.000 0.000 0.000 0.791 0.000 0.000 0.000 0.000 0.000 0.000 0.000 0.000 0.000 0.000 0.054 0.939 0.982 1.000 0.344 0.212 1.000 0.992 0.000 0.996 0.991 0.000 0.000 0.000 0.000 0.000 0.000
0.000 0.000 0.000 0.000 0.000 0.000 0.655 0.000 0.000 0.293 0.000 0.033 0.000 0.000 0.000 0.000 0.000 0.991 0.995 1.000 0.852 0.000 0.000 0.001 0.995 0.996 0.000 0.991 0.933 0.000 0.000 0.000 0.000 0.000
0.000 0.000 0.000 0.000 0.000 0.000 0.999 0.000 0.002 0.000 0.000 0.000 0.000 0.000 0.000 0.000 0.111 0.913 0.999 0.937 0.643 0.000 0.000 0.017 0.000 0.991 0.991 0.000 1.000 0.988 0.527 0.897 0.000 0.002
0.000 0.000 0.000 0.000 0.000 0.000 0.000 0.000 0.002 0.000 0.089 0.884 0.000 0.130 0.000 0.934 0.983 0.999 1.000 0.000 0.000 0.000 0.000 0.000 0.000 0.000 0.933 1.000 0.000 0.978 0.884 0.007 0.000 0.013
0.000 0.000 0.000 0.000 0.000 0.000 0.327 0.000 0.000 0.000 0.000 0.000 0.000 0.000 0.000 0.001 0.049 0.300 0.983 0.000 0.000 0.000 0.000 0.000 0.000 0.000 0.000 0.988 0.978 0.000 0.986 0.997 0.012 0.617
0.002 0.000 0.929 0.148 0.000 0.000 0.014 0.000 0.036 0.000 0.000 0.000 0.000 0.000 0.000 0.000 0.359 0.000 0.973 0.000 0.000 0.000 0.000 0.000 0.000 0.000 0.000 0.527 0.884 0.986 0.000 0.998 1.000 0.862
0.008 0.005 0.966 0.983 0.000 0.000 0.997 0.182 0.044 0.000 0.000 0.000 0.000 0.000 0.000 0.000 0.000 0.000 0.974 0.082 0.049 0.000 0.000 0.000 0.000 0.000 0.000 0.897 0.007 0.997 0.998 0.000 0.974 0.924
0.970 0.993 0.994 0.972 0.000 0.000 0.000 0.000 0.628 0.000 0.000 0.000 0.000 0.000 0.000 0.000 0.456 0.000 0.880 0.000 0.000 0.000 0.000 0.000 0.000 0.000 0.000 0.000 0.000 0.012 1.000 0.974 0.000 0.998
0.071 0.000 0.000 0.090 0.000 0.000 0.010 0.000 0.000 0.000 0.000 0.000 0.000 0.000 0.000 0.000 0.032 0.000 0.031 0.000 0.000 0.000 0.000 0.000 0.000 0.000 0.000 0.002 0.013 0.617 0.862 0.924 0.998 0.000
