0.000 0.995 0.933 0.224 0.000 0.000 0.000 0.000 0.031 0.000 0.000 0.000 0.000 0.000 0.000 0.000 0.000 0.000 0.000 0.000 0.000 0.000 0.000 0.000 0.000 0.000 0.000 0.000 0.000 0.000 0.001 0.012 0.966 0.112
0.995 0.000 0.973 0.906 0.000 0.000 0.000 0.000 0.066 0.000 0.000 0.000 0.000 0.000 0.000 0.000 0.000 0.000 0.000 0.000 0.000 0.000 0.000 0.000 0.000 0.000 0.000 0.000 0.000 0.000 0.000 0.002 0.965 0.000
0.933 0.973 0.000 0.978 0.816 0.006 0.976 0.950 0.979 0.000 0.000 0.000 0.000 0.000 0.000 0.000 0.082 0.000 0.991 0.262 0.000 0.003 0.000 0.000 0.000 0.000 0.000 0.000 0.000 0.000 0.917 0.972 0.998 0.000
0.224 0.906 0.978 0.000 0.979 0.891 0.992 0.011 0.000 0.000 0.000 0.000 0.000 0.000 0.000 0.000 0.000 0.000 0.003 0.000 0.103 0.027 0.002 0.000 0.000 0.000 0.000 0.000 0.000 0.000 0.087 0.976 0.970 0.138
0.000 0.000 0.816 0.979 0.000 0.974 0.936 0.003 0.000 0.000 0.000 0.000 0.000 0.000 0.000 0.000 0.000 0.000 0.000 0.000 0.486 0.186 0.538 0.010 0.000 0.000 0.000 0.000 0.000 0.000 0.000 0.000 0.000 0.000
0.000 0.000 0.006 0.891 0.974 0.000 0.971 0.881 0.000 0.000 0.000 0.000 0.000 0.000 0.000 0.000 0.000 0.000 0.000 0.861 0.969 0.981 0.950 0.106 0.000 0.000 0.000 0.000 0.000 0.000 0.000 0.000 0.000 0.000
0.000 0.000 0.976 0.992 0.936 0.971 0.000 0.999 0.913 0.000 0.000 0.000 0.000 0.000 0.000 0.000 0.000 0.003 0.987 0.996 0.988 0.881 0.168 0.197 0.000 0.834 0.833 0.979 0.000 0.296 0.008 0.970 0.000 0.002
0.000 0.000 0.950 0.011 0.003 0.881 0.999 0.000 0.994 0.947 0.000 0.000 0.000 0.000 0.000 0.000 0.000 0.860 0.962 0.986 0.877 0.880 0.000 0.000 0.053 0.000 0.000 0.000 0.000 0.000 0.000 0.257 0.000 0.000
0.031 0.066 0.979 0.000 0.000 0.000 0.913 0.994 0.000 0.992 0.905 0.000 0.000 0.000 0.000 0.001 0.982 0.962 0.998 0.931 0.000 0.004 0.000 0.000 0.000 0.000 0.000 0.000 0.000 0.000 0.030 0.091 0.795 0.000
0.000 0.000 0.000 0.000 0.000 0.000 0.000 0.947 0.992 0.000 0.996 0.770 0.000 0.000 0.000 0.814 0.939 0.998 0.961 0.868 0.000 0.005 0.000 0.000 0.000 0.000 0.091 0.000 0.001 0.000 0.000 0.000 0.000 0.000
0.000 0.000 0.000 0.000 0.000 0.000 0.000 0.000 0.905 0.996 0.000 0.988 0.824 0.052 0.943 0.955 0.975 0.984 0.000 0.001 0.000 0.000 0.000 0.000 0.000 0.000 0.000 0.000 0.082 0.000 0.000 0.000 0.000 0.000
0.000 0.000 0.000 0.000 0.000 0.000 0.000 0.000 0.000 0.770 0.988 0.000 0.996 0.985 0.970 0.965 0.795 0.957 0.000 0.000 0.000 0.000 0.000 0.000 0.000 0.000 0.000 0.000 0.913 0.000 0.000 0.000 0.000 0.000
0.000 0.000 0.000 0.000 0.000 0.000 0.000 0.000 0.000 0.000 0.824 0.996 0.000 0.974 0.929 0.537 0.000 0.064 0.000 0.000 0.000 0.000 0.000 0.000 0.000 0.000 0.000 0.000 0.002 0.000 0.000 0.000 0.000 0.005
0.000 0.000 0.000 0.000 0.000 0.000 0.000 0.000 0.000 0.000 0.052 0.985 0.974 0.000 0.980 0.965 0.000 0.000 0.000 0.000 0.000 0.000 0.000 0.000 0.000 0.000 0.000 0.000 0.147 0.000 0.000 0.000 0.000 0.000
0.000 0.000 0.000 0.000 0.000 0.000 0.000 0.000 0.000 0.000 0.943 0.970 0.929 0.980 0.000 0.992 0.822 0.000 0.000 0.000 0.000 0.000 0.000 0.000 0.000 0.000 0.000 0.000 0.000 0.000 0.000 0.000 0.000 0.000
0.000 0.000 0.000 0.000 0.000 0.000 0.000 0.000 0.001 0.814 0.955 0.965 0.537 0.965 0.992 0.000 0.989 0.930 0.000 0.000 0.000 0.000 0.000 0.000 0.000 0.000 0.000 0.000 0.942 0.002 0.000 0.000 0.000 0.000
0.000 0.000 0.082 0.000 0.000 0.000 0.000 0.000 0.982 0.939 0.975 0.795 0.000 0.000 0.822 0.989 0.000 0.990 0.977 0.000 0.000 0.000 0.000 0.000 0.000 0.000 0.000 0.123 0.927 0.066 0.438 0.000 0.658 0.049
0.000 0.000 0.000 0.000 0.000 0.000 0.003 0.860 0.962 0.998 0.984 0.957 0.064 0.000 0.000 0.930 0.990 0.000 0.997 0.966 0.000 0.000 0.000 0.000 0.000 0.003 0.971 0.961 0.965 0.350 0.000 0.000 0.000 0.000
0.000 0.000 0.991 0.003 0.000 0.000 0.987 0.962 0.998 0.961 0.000 0.000 0.000 0.000 0.000 0.000 0.977 0.997 0.000 0.972 0.846 0.000 0.000 0.000 0.000 0.801 0.947 0.976 0.906 0.906 0.984 0.989 0.971 0.035
0.000 0.000 0.262 0.000 0.000 0.861 0.996 0.986 0.931 0.868 0.001 0.000 0.000 0.000 0.000 0.000 0.000 0.966 0.972 0.000 0.983 0.955 0.007 0.027 0.685 0.927 0.983 0.877 0.000 0.000 0.000 0.103 0.000 0.000
0.000 0.000 0.000 0.103 0.486 0.969 0.988 0.877 0.000 0.000 0.000 0.000 0.000 0.000 0.000 0.000 0.000 0.000 0.846 0.983 0.000 0.988 0.975 0.970 0.949 0.978 0.932 0.395 0.000 0.000 0.000 0.041 0.000 0.000
0.000 0.000 0.003 0.027 0.186 0.981 0.881 0.880 0.004 0.005 0.000 0.000 0.000 0.000 0.000 0.000 0.000 0.000 0.000 0.955 0.988 0.000 0.987 0.911 0.971 0.381 0.000 0.000 0.000 0.000 0.000 0.000 0.000 0.000
0.000 0.000 0.000 0.002 0.538 0.950 0.168 0.000 0.000 0.000 0.000 0.000 0.000 0.000 0.000 0.000 0.000 0.000 0.000 0.007 0.975 0.987 0.000 0.996 0.948 0.122 0.000 0.000 0.000 0.000 0.000 0.000 0.000 0.000
0.000 0.000 0.000 0.000 0.010 0.106 0.197 0.000 0.000 0.000 0.000 0.000 0.000 0.000 0.000 0.000 0.000 0.000 0.000 0.027 0.970 0.911 0.996 0.000 0.986 0.974 0.022 0.001 0.000 0.000 0.000 0.000 0.000 0.000
0.000 0.000 0.000 0.000 0.000 0.000 0.000 0.053 0.000 0.000 0.000 0.000 0.000 0.000 0.000 0.000 0.000 0.000 0.000 0.685 0.949 0.971 0.948 0.986 0.000 0.985 0.887 0.000 0.000 0.000 0.000 0.000 0.000 0.000
0.000 0.000 0.000 0.000 0.000 0.000 0.834 0.000 0.000 0.000 0.000 0.000 0.000 0.000 0.000 0.000 0.000 0.003 0.801 0.927 0.978 0.381 0.122 0.974 0.985 0.000 0.991 0.906 0.000 0.000 0.000 0.000 0.000 0.000
0.000 0.000 0.000 0.000 0.000 0.000 0.833 0.000 0.000 0.091 0.000 0.000 0.000 0.000 0.000 0.000 0.000 0.971 0.947 0.983 0.932 0.000 0.000 0.022 0.887 0.991 0.000 0.977 0.831 0.000 0.000 0.000 0.000 0.000
0.000 0.000 0.000 0.000 0.000 0.000 0.979 0.000 0.000 0.000 0.000 0.000 0.000 0.000 0.000 0.000 0.123 0.961 0.976 0.877 0.395 0.000 0.000 0.001 0.000 0.906 0.977 0.000 0.977 0.980 0.670 0.847 0.000 0.003
0.000 0.000 0.000 0.000 0.000 0.000 0.000 0.000 0.000 0.001 0.082 0.913 0.002 0.147 0.000 0.942 0.927 0.965 0.906 0.000 0.000 0.000 0.000 0.000 0.000 0.000 0.831 0.977 0.000 0.995 0.865 0.003 0.000 0.012
0.000 0.000 0.000 0.000 0.000 0.000 0.296 0.000 0.000 0.000 0.000 0.000 0.000 0.000 0.000 0.002 0.066 0.350 0.906 0.000 0.000 0.000 0.000 0.000 0.000 0.000 0.000 0.980 0.995 0.000 0.974 0.940 0.012 0.520
0.001 0.000 0.917 0.087 0.000 0.000 0.008 0.000 0.030 0.000 0.000 0.000 0.000 0.000 0.000 0.000 0.438 0.000 0.984 0.000 0.000 0.000 0.000 0.000 0.000 0.000 0.000 0.670 0.865 0.974 0.000 0.999 1.000 0.802
0.012 0.002 0.972 0.976 0.000 0.000 0.970 0.257 0.091 0.000 0.000 0.000 0.000 0.000 0.000 0.000 0.000 0.000 0.989 0.103 0.041 0.000 0.000 0.000 0.000 0.000 0.000 0.847 0.003 0.940 0.999 0.000 0.988 0.959
0.966 0.965 0.998 0.970 0.000 0.000 0.000 0.000 0.795 0.000 0.000 0.000 0.000 0.000 0.000 0.000 0.658 0.000 0.971 0.000 0.000 0.000 0.000 0.000 0.000 0.000 0.000 0.000 0.000 0.012 1.000 0.988 0.000 0.978
0.112 0.000 0.000 0.138 0.000 0.000 0.002 0.000 0.000 0.000 0.000 0.000 0.005 0.000 0.000 0.000 0.049 0.000 0.035 0.000 0.000 0.000 0.000 0.000 0.000 0.000 0.000 0.003 0.012 0.520 0.802 0.959 0.978 0.000
