0.000 0.998 0.971 0.200 0.000 0.000 0.000 0.000 0.005 0.000 0.000 0.000 0.000 0.000 0.000 0.000 0.000 0.000 0.000 0.000 0.000 0.000 0.000 0.000 0.000 0.000 0.000 0.000 0.000 0.000 0.004 0.000 0.996 0.182
0.998 0.000 0.997 0.976 0.000 0.000 0.000 0.000 0.009 0.000 0.000 0.000 0.000 0.000 0.000 0.000 0.000 0.000 0.000 0.000 0.000 0.000 0.000 0.000 0.000 0.000 0.000 0.000 0.000 0.000 0.000 0.001 0.993 0.006
0.971 0.997 0.000 0.999 0.954 0.007 0.988 0.978 0.974 0.000 0.000 0.000 0.000 0.000 0.000 0.000 0.009 0.000 0.989 0.235 0.000 0.003 0.000 0.000 0.000 0.000 0.000 0.000 0.000 0.000 0.931 0.969 0.998 0.002
0.200 0.976 0.999 0.000 0.996 0.971 0.997 0.000 0.000 0.000 0.000 0.000 0.000 0.000 0.000 0.000 0.000 0.000 0.004 0.000 0.158 0.001 0.000 0.000 0.000 0.000 0.000 0.000 0.000 0.000 0.144 0.994 0.986 0.328
0.000 0.000 0.954 0.996 0.000 0.998 1.000 0.000 0.000 0.000 0.000 0.000 0.000 0.000 0.000 0.000 0.000 0.000 0.000 0.000 0.685 0.012 0.649 0.023 0.000 0.000 0.000 0.000 0.000 0.000 0.000 0.000 0.000 0.000
0.000 0.000 0.007 0.971 0.998 0.000 0.992 0.957 0.000 0.000 0.000 0.000 0.000 0.000 0.000 0.000 0.000 0.000 0.000 0.948 0.983 0.997 0.988 0.175 0.000 0.000 0.000 0.000 0.000 0.000 0.000 0.000 0.000 0.000
0.000 0.000 0.988 0.997 1.000 0.992 0.000 1.000 0.918 0.000 0.000 0.000 0.000 0.000 0.000 0.000 0.000 0.004 0.982 0.997 1.000 0.978 0.170 0.168 0.000 0.907 0.804 0.977 0.000 0.179 0.011 0.988 0.000 0.014
0.000 0.000 0.978 0.000 0.000 0.957 1.000 0.000 0.987 0.998 0.000 0.000 0.000 0.000 0.000 0.000 0.000 0.833 0.994 0.995 0.935 0.967 0.000 0.000 0.000 0.000 0.000 0.000 0.000 0.000 0.000 0.252 0.000 0.000
0.005 0.009 0.974 0.000 0.000 0.000 0.918 0.987 0.000 0.998 0.894 0.000 0.000 0.000 0.001 0.005 0.978 0.971 0.995 0.947 0.000 0.000 0.000 0.000 0.000 0.000 0.000 0.000 0.001 0.000 0.040 0.023 0.723 0.000
0.000 0.000 0.000 0.000 0.000 0.000 0.000 0.998 0.998 0.000 0.982 0.881 0.000 0.000 0.000 0.876 0.977 1.000 0.966 0.988 0.000 0.854 0.000 0.000 0.011 0.000 0.532 0.000 0.000 0.000 0.000 0.000 0.000 0.000
0.000 0.000 0.000 0.000 0.000 0.000 0.000 0.000 0.894 0.982 0.000 0.984 0.887 0.049 0.953 0.990 0.995 0.979 0.000 0.000 0.000 0.000 0.000 0.000 0.000 0.000 0.000 0.000 0.064 0.000 0.000 0.000 0.000 0.000
0.000 0.000 0.000 0.000 0.000 0.000 0.000 0.000 0.000 0.881 0.984 0.000 0.995 0.984 0.971 0.997 0.942 0.951 0.000 0.000 0.000 0.000 0.000 0.000 0.000 0.000 0.006 0.000 0.959 0.000 0.000 0.000 0.000 0.000
0.000 0.000 0.000 0.000 0.000 0.000 0.000 0.000 0.000 0.000 0.887 0.995 0.000 0.998 0.973 0.681 0.000 0.053 0.000 0.000 0.000 0.000 0.000 0.000 0.000 0.000 0.000 0.000 0.000 0.000 0.000 0.000 0.000 0.000
0.000 0.000 0.000 0.000 0.000 0.000 0.000 0.000 0.000 0.000 0.049 0.984 0.998 0.000 0.976 0.992 0.000 0.000 0.000 0.000 0.000 0.000 0.000 0.000 0.000 0.000 0.000 0.000 0.171 0.000 0.000 0.000 0.000 0.000
0.000 0.000 0.000 0.000 0.000 0.000 0.000 0.000 0.001 0.000 0.953 0.971 0.973 0.976 0.000 0.987 0.938 0.000 0.000 0.000 0.000 0.000 0.000 0.000 0.000 0.000 0.000 0.000 0.000 0.000 0.000 0.000 0.000 0.000
0.000 0.000 0.000 0.000 0.000 0.000 0.000 0.000 0.005 0.876 0.990 0.997 0.681 0.992 0.987 0.000 0.985 0.928 0.000 0.000 0.000 0.000 0.000 0.000 0.000 0.000 0.000 0.000 0.945 0.003 0.000 0.000 0.000 0.000
0.000 0.000 0.009 0.000 0.000 0.000 0.000 0.000 0.978 0.977 0.995 0.942 0.000 0.000 0.938 0.985 0.000 0.987 0.948 0.000 0.000 0.000 0.000 0.000 0.000 0.000 0.000 0.039 0.958 0.234 0.506 0.001 0.499 0.010
0.000 0.000 0.000 0.000 0.000 0.000 0.004 0.833 0.971 1.000 0.979 0.951 0.053 0.000 0.000 0.928 0.987 0.000 0.986 0.932 0.000 0.000 0.000 0.000 0.000 0.014 0.974 0.938 0.982 0.366 0.000 0.000 0.000 0.000
0.000 0.000 0.989 0.004 0.000 0.000 0.982 0.994 0.995 0.966 0.000 0.000 0.000 0.000 0.000 0.000 0.948 0.986 0.000 0.992 0.902 0.000 0.000 0.000 0.000 0.885 0.981 0.993 0.948 0.959 0.993 0.988 0.964 0.005
0.000 0.000 0.235 0.000 0.000 0.948 0.997 0.995 0.947 0.988 0.000 0.000 0.000 0.000 0.000 0.000 0.000 0.932 0.992 0.000 0.997 0.994 0.021 0.000 0.982 0.974 0.988 0.953 0.000 0.000 0.000 0.117 0.000 0.000
0.000 0.000 0.000 0.158 0.685 0.983 1.000 0.935 0.000 0.000 0.000 0.000 0.000 0.000 0.000 0.000 0.000 0.000 0.902 0.997 0.000 0.992 0.994 0.996 0.995 0.998 0.918 0.298 0.000 0.000 0.000 0.045 0.000 0.000
0.000 0.000 0.003 0.001 0.012 0.997 0.978 0.967 0.000 0.854 0.000 0.000 0.000 0.000 0.000 0.000 0.000 0.000 0.000 0.994 0.992 0.000 0.998 0.943 0.973 0.391 0.000 0.000 0.000 0.000 0.000 0.000 0.000 0.000
0.000 0.000 0.000 0.000 0.649 0.988 0.170 0.000 0.000 0.000 0.000 0.000 0.000 0.000 0.000 0.000 0.000 0.000 0.000 0.021 0.994 0.998 0.000 0.998 0.994 0.218 0.000 0.000 0.000 0.000 0.000 0.000 0.000 0.000
0.000 0.000 0.000 0.000 0.023 0.175 0.168 0.000 0.000 0.000 0.000 0.000 0.000 0.000 0.000 0.000 0.000 0.000 0.000 0.000 0.996 0.943 0.998 0.000 0.995 0.996 0.000 0.001 0.000 0.000 0.000 0.000 0.000 0.000
0.000 0.000 0.000 0.000 0.000 0.000 0.000 0.000 0.000 0.011 0.000 0.000 0.000 0.000 0.000 0.000 0.000 0.000 0.000 0.982 0.995 0.973 0.994 0.995 0.000 0.998 0.936 0.000 0.000 0.000 0.000 0.000 0.000 0.000
0.000 0.000 0.000 0.000 0.000 0.000 0.907 0.000 0.000 0.000 0.000 0.000 0.000 0.000 0.000 0.000 0.000 0.014 0.885 0.974 0.998 0.391 0.218 0.996 0.998 0.000 0.980 0.943 0.000 0.000 0.000 0.000 0.000 0.000
0.000 0.000 0.000 0.000 0.000 0.000 0.804 0.000 0.000 0.532 0.000 0.006 0.000 0.000 0.000 0.000 0.000 0.974 0.981 0.988 0.918 0.000 0.000 0.000 0.936 0.980 0.000 0.994 0.925 0.000 0.000 0.000 0.000 0.000
0.000 0.000 0.000 0.000 0.000 0.000 0.977 0.000 0.000 0.000 0.000 0.000 0.000 0.000 0.000 0.000 0.039 0.938 0.993 0.953 0.298 0.000 0.000 0.001 0.000 0.943 0.994 0.000 0.989 0.996 0.742 0.943 0.000 0.029
0.000 0.000 0.000 0.000 0.000 0.000 0.000 0.000 0.001 0.000 0.064 0.959 0.000 0.171 0.000 0.945 0.958 0.982 0.948 0.000 0.000 0.000 0.000 0.000 0.000 0.000 0.925 0.989 0.000 0.991 0.906 0.007 0.000 0.001
0.000 0.000 0.000 0.000 0.000 0.000 0.179 0.000 0.000 0.000 0.000 0.000 0.000 0.000 0.000 0.003 0.234 0.366 0.959 0.000 0.000 0.000 0.000 0.000 0.000 0.000 0.000 0.996 0.991 0.000 0.999 0.954 0.013 0.383
0.004 0.000 0.931 0.144 0.000 0.000 0.011 0.000 0.040 0.000 0.000 0.000 0.000 0.000 0.000 0.000 0.506 0.000 0.993 0.000 0.000 0.000 0.000 0.000 0.000 0.000 0.000 0.742 0.906 0.999 0.000 0.994 1.000 0.621
0.000 0.001 0.969 0.994 0.000 0.000 0.988 0.252 0.023 0.000 0.000 0.000 0.000 0.000 0.000 0.000 0.001 0.000 0.988 0.117 0.045 0.000 0.000 0.000 0.000 0.000 0.000 0.943 0.007 0.954 0.994 0.000 0.998 0.965
0.996 0.993 0.998 0.986 0.000 0.000 0.000 0.000 0.723 0.000 0.000 0.000 0.000 0.000 0.000 0.000 0.499 0.000 0.964 0.000 0.000 0.000 0.000 0.000 0.000 0.000 0.000 0.000 0.000 0.013 1.000 0.998 0.000 0.992
0.182 0.006 0.002 0.328 0.000 0.000 0.014 0.000 0.000 0.000 0.000 0.000 0.000 0.000 0.000 0.000 0.010 0.000 0.005 0.000 0.000 0.000 0.000 0.000 0.000 0.000 0.000 0.029 0.001 0.383 0.621 0.965 0.992 0.000
