0.000 0.999 0.922 0.267 0.000 0.000 0.000 0.000 0.008 0.000 0.000 0.000 0.000 0.000 0.000 0.000 0.000 0.000 0.000 0.000 0.000 0.000 0.000 0.000 0.000 0.000 0.000 0.000 0.000 0.000 0.000 0.003 0.980 0.125
0.999 0.000 0.980 0.963 0.000 0.000 0.000 0.000 0.017 0.000 0.000 0.000 0.000 0.000 0.000 0.000 0.000 0.000 0.000 0.000 0.000 0.000 0.000 0.000 0.000 0.000 0.000 0.000 0.000 0.000 0.000 0.001 0.996 0.001
0.922 0.980 0.000 0.999 0.955 0.008 0.985 0.947 0.970 0.001 0.000 0.000 0.000 0.000 0.000 0.000 0.038 0.001 0.971 0.195 0.000 0.000 0.000 0.000 0.000 0.000 0.000 0.000 0.000 0.000 0.933 0.955 0.998 0.000
0.267 0.963 0.999 0.000 0.990 0.932 0.998 0.000 0.000 0.000 0.000 0.000 0.000 0.000 0.000 0.000 0.000 0.000 0.002 0.000 0.220 0.001 0.000 0.000 0.000 0.000 0.000 0.000 0.000 0.000 0.150 0.987 0.985 0.171
0.000 0.000 0.955 0.990 0.000 0.981 0.993 0.000 0.000 0.000 0.000 0.000 0.000 0.000 0.000 0.000 0.000 0.000 0.000 0.000 0.834 0.032 0.681 0.013 0.000 0.000 0.000 0.000 0.000 0.000 0.000 0.001 0.000 0.000
0.000 0.000 0.008 0.932 0.981 0.000 0.993 0.945 0.000 0.000 0.000 0.000 0.000 0.000 0.000 0.000 0.000 0.000 0.000 0.950 0.974 0.985 0.951 0.210 0.000 0.000 0.000 0.000 0.000 0.000 0.000 0.000 0.000 0.000
0.000 0.000 0.985 0.998 0.993 0.993 0.000 0.989 0.883 0.000 0.000 0.000 0.000 0.000 0.000 0.000 0.000 0.002 0.967 0.981 0.997 0.897 0.187 0.517 0.000 0.943 0.866 0.975 0.000 0.179 0.009 0.981 0.000 0.005
0.000 0.000 0.947 0.000 0.000 0.945 0.989 0.000 0.985 0.995 0.000 0.000 0.000 0.000 0.000 0.000 0.000 0.894 0.966 0.993 0.928 0.893 0.000 0.000 0.000 0.000 0.000 0.000 0.000 0.000 0.000 0.224 0.000 0.000
0.008 0.017 0.970 0.000 0.000 0.000 0.883 0.985 0.000 0.995 0.943 0.000 0.000 0.000 0.000 0.004 0.983 0.968 0.985 0.888 0.000 0.000 0.000 0.000 0.000 0.000 0.000 0.000 0.000 0.000 0.061 0.033 0.673 0.000
0.000 0.000 0.001 0.000 0.000 0.000 0.000 0.995 0.995 0.000 0.995 0.934 0.000 0.000 0.000 0.896 0.938 1.000 0.941 0.988 0.000 0.716 0.000 0.000 0.006 0.000 0.491 0.000 0.000 0.000 0.000 0.000 0.000 0.000
0.000 0.000 0.000 0.000 0.000 0.000 0.000 0.000 0.943 0.995 0.000 1.000 0.970 0.069 0.988 0.980 0.954 0.991 0.000 0.000 0.000 0.000 0.000 0.000 0.000 0.000 0.000 0.000 0.040 0.000 0.000 0.000 0.000 0.000
0.000 0.000 0.000 0.000 0.000 0.000 0.000 0.000 0.000 0.934 1.000 0.000 0.999 0.988 0.978 0.980 0.919 0.988 0.000 0.000 0.000 0.000 0.000 0.000 0.000 0.000 0.000 0.000 0.935 0.000 0.000 0.000 0.000 0.000
0.000 0.000 0.000 0.000 0.000 0.000 0.000 0.000 0.000 0.000 0.970 0.999 0.000 0.993 0.969 0.616 0.000 0.074 0.000 0.000 0.000 0.000 0.000 0.000 0.000 0.000 0.000 0.000 0.000 0.000 0.000 0.000 0.000 0.000
0.000 0.000 0.000 0.000 0.000 0.000 0.000 0.000 0.000 0.000 0.069 0.988 0.993 0.000 0.996 0.989 0.001 0.000 0.000 0.000 0.000 0.000 0.000 0.000 0.000 0.000 0.000 0.000 0.184 0.000 0.000 0.000 0.000 0.000
0.000 0.000 0.000 0.000 0.000 0.000 0.000 0.000 0.000 0.000 0.988 0.978 0.969 0.996 0.000 0.998 0.949 0.000 0.000 0.000 0.000 0.000 0.000 0.000 0.000 0.000 0.000 0.000 0.000 0.000 0.000 0.000 0.000 0.000
0.000 0.000 0.000 0.000 0.000 0.000 0.000 0.000 0.004 0.896 0.980 0.980 0.616 0.989 0.998 0.000 0.997 0.933 0.000 0.000 0.000 0.000 0.000 0.000 0.000 0.000 0.000 0.000 0.935 0.003 0.000 0.000 0.000 0.000
0.000 0.000 0.038 0.000 0.000 0.000 0.000 0.000 0.983 0.938 0.954 0.919 0.000 0.001 0.949 0.997 0.000 0.975 0.969 0.000 0.000 0.000 0.000 0.000 0.000 0.000 0.000 0.028 0.982 0.059 0.341 0.002 0.480 0.058
0.000 0.000 0.001 0.000 0.000 0.000 0.002 0.894 0.968 1.000 0.991 0.988 0.074 0.000 0.000 0.933 0.975 0.000 0.998 0.992 0.000 0.000 0.000 0.000 0.000 0.004 0.990 0.968 0.997 0.417 0.000 0.000 0.000 0.000
0.000 0.000 0.971 0.002 0.000 0.000 0.967 0.966 0.985 0.941 0.000 0.000 0.000 0.000 0.000 0.000 0.969 0.998 0.000 0.979 0.886 0.000 0.000 0.000 0.000 0.920 0.984 0.999 0.992 0.955 0.977 0.978 0.927 0.015
0.000 0.000 0.195 0.000 0.000 0.950 0.981 0.993 0.888 0.988 0.000 0.000 0.000 0.000 0.000 0.000 0.000 0.992 0.979 0.000 0.991 0.993 0.005 0.000 0.984 0.982 0.999 0.951 0.000 0.000 0.000 0.102 0.000 0.000
0.000 0.000 0.000 0.220 0.834 0.974 0.997 0.928 0.000 0.000 0.000 0.000 0.000 0.000 0.000 0.000 0.000 0.000 0.886 0.991 0.000 0.987 0.958 0.998 0.960 0.996 0.946 0.222 0.000 0.000 0.000 0.053 0.000 0.000
0.000 0.000 0.000 0.001 0.032 0.985 0.897 0.893 0.000 0.716 0.000 0.000 0.000 0.000 0.000 0.000 0.000 0.000 0.000 0.993 0.987 0.000 0.995 0.952 0.987 0.580 0.000 0.000 0.000 0.000 0.000 0.000 0.000 0.000
0.000 0.000 0.000 0.000 0.681 0.951 0.187 0.000 0.000 0.000 0.000 0.000 0.000 0.000 0.000 0.000 0.000 0.000 0.000 0.005 0.958 0.995 0.000 0.999 0.995 0.157 0.000 0.000 0.000 0.000 0.000 0.000 0.000 0.000
0.000 0.000 0.000 0.000 0.013 0.210 0.517 0.000 0.000 0.000 0.000 0.000 0.000 0.000 0.000 0.000 0.000 0.000 0.000 0.000 0.998 0.952 0.999 0.000 0.990 0.991 0.003 0.001 0.000 0.000 0.000 0.000 0.000 0.000
0.000 0.000 0.000 0.000 0.000 0.000 0.000 0.000 0.000 0.006 0.000 0.000 0.000 0.000 0.000 0.000 0.000 0.000 0.000 0.984 0.960 0.987 0.995 0.990 0.000 0.972 0.929 0.000 0.000 0.000 0.000 0.000 0.000 0.000
0.000 0.000 0.000 0.000 0.000 0.000 0.943 0.000 0.000 0.000 0.000 0.000 0.000 0.000 0.000 0.000 0.000 0.004 0.920 0.982 0.996 0.580 0.157 0.991 0.972 0.000 0.992 0.967 0.000 0.000 0.000 0.000 0.000 0.000
0.000 0.000 0.000 0.000 0.000 0.000 0.866 0.000 0.000 0.491 0.000 0.000 0.000 0.000 0.000 0.000 0.000 0.990 0.984 0.999 0.946 0.000 0.000 0.003 0.929 0.992 0.000 0.989 0.935 0.000 0.000 0.000 0.000 0.000
0.000 0.000 0.000 0.000 0.000 0.000 0.975 0.000 0.000 0.000 0.000 0.000 0.000 0.000 0.000 0.000 0.028 0.968 0.999 0.951 0.222 0.000 0.000 0.001 0.000 0.967 0.989 0.000 0.996 0.986 0.776 0.931 0.000 0.008
0.000 0.000 0.000 0.000 0.000 0.000 0.000 0.000 0.000 0.000 0.040 0.935 0.000 0.184 0.000 0.935 0.982 0.997 0.992 0.000 0.000 0.000 0.000 0.000 0.000 0.000 0.935 0.996 0.000 0.991 0.952 0.009 0.000 0.002
0.000 0.000 0.000 0.000 0.000 0.000 0.179 0.000 0.000 0.000 0.000 0.000 0.000 0.000 0.000 0.003 0.059 0.417 0.955 0.000 0.000 0.000 0.000 0.000 0.000 0.000 0.000 0.986 0.991 0.000 0.998 0.967 0.015 0.544
0.000 0.000 0.933 0.150 0.000 0.000 0.009 0.000 0.061 0.000 0.000 0.000 0.000 0.000 0.000 0.000 0.341 0.000 0.977 0.000 0.000 0.000 0.000 0.000 0.000 0.000 0.000 0.776 0.952 0.998 0.000 0.999 0.998 0.765
0.003 0.001 0.955 0.987 0.001 0.000 0.981 0.224 0.033 0.000 0.000 0.000 0.000 0.000 0.000 0.000 0.002 0.000 0.978 0.102 0.053 0.000 0.000 0.000 0.000 0.000 0.000 0.931 0.009 0.967 0.999 0.000 0.994 0.962
0.980 0.996 0.998 0.985 0.000 0.000 0.000 0.000 0.673 0.000 0.000 0.000 0.000 0.000 0.000 0.000 0.480 0.000 0.927 0.000 0.000 0.000 0.000 0.000 0.000 0.000 0.000 0.000 0.000 0.015 0.998 0.994 0.000 0.995
0.125 0.001 0.000 0.171 0.000 0.000 0.005 0.000 0.000 0.000 0.000 0.000 0.000 0.000 0.000 0.000 0.058 0.000 0.015 0.000 0.000 0.000 0.000 0.000 0.000 0.000 0.000 0.008 0.002 0.544 0.765 0.962 0.995 0.000
