0.000 0.995 0.909 0.210 0.000 0.000 0.000 0.000 0.017 0.000 0.000 0.000 0.000 0.000 0.000 0.000 0.000 0.000 0.000 0.000 0.000 0.000 0.000 0.000 0.000 0.000 0.000 0.000 0.000 0.000 0.002 0.000 0.989 0.264
0.995 0.000 0.994 0.977 0.000 0.000 0.000 0.000 0.037 0.000 0.000 0.000 0.000 0.000 0.000 0.000 0.000 0.000 0.000 0.000 0.000 0.000 0.000 0.000 0.000 0.000 0.000 0.000 0.000 0.000 0.000 0.001 0.995 0.013
0.909 0.994 0.000 1.000 0.926 0.048 0.983 0.973 0.993 0.001 0.000 0.000 0.000 0.000 0.000 0.000 0.034 0.000 1.000 0.326 0.000 0.005 0.000 0.000 0.000 0.000 0.000 0.000 0.000 0.000 0.868 0.987 0.995 0.005
0.210 0.977 1.000 0.000 0.970 0.929 0.992 0.002 0.000 0.000 0.000 0.000 0.000 0.000 0.000 0.000 0.000 0.000 0.005 0.000 0.194 0.026 0.000 0.001 0.000 0.000 0.000 0.000 0.000 0.000 0.153 1.000 0.995 0.414
0.000 0.000 0.926 0.970 0.000 0.991 0.978 0.000 0.000 0.000 0.000 0.000 0.000 0.000 0.000 0.000 0.000 0.000 0.000 0.000 0.718 0.222 0.506 0.098 0.000 0.000 0.000 0.000 0.000 0.000 0.000 0.020 0.000 0.000
0.000 0.000 0.048 0.929 0.991 0.000 0.974 0.945 0.000 0.000 0.000 0.000 0.000 0.000 0.000 0.000 0.000 0.000 0.000 0.939 0.998 0.994 0.952 0.367 0.000 0.000 0.000 0.000 0.000 0.000 0.000 0.000 0.000 0.000
0.000 0.000 0.983 0.992 0.978 0.974 0.000 0.996 0.960 0.000 0.000 0.000 0.000 0.000 0.000 0.000 0.000 0.012 1.000 0.990 0.999 0.933 0.280 0.193 0.000 0.864 0.802 0.984 0.000 0.199 0.004 0.997 0.000 0.012
0.000 0.000 0.973 0.002 0.000 0.945 0.996 0.000 0.997 0.977 0.000 0.000 0.000 0.000 0.000 0.000 0.005 0.954 1.000 0.999 0.977 0.899 0.000 0.000 0.012 0.000 0.000 0.000 0.000 0.000 0.000 0.261 0.000 0.000
0.017 0.037 0.993 0.000 0.000 0.000 0.960 0.997 0.000 0.995 0.906 0.000 0.000 0.000 0.001 0.002 0.976 0.983 0.999 0.988 0.000 0.010 0.000 0.000 0.000 0.000 0.000 0.000 0.001 0.000 0.043 0.046 0.750 0.000
0.000 0.000 0.001 0.000 0.000 0.000 0.000 0.977 0.995 0.000 0.991 0.770 0.000 0.000 0.000 0.782 0.994 1.000 0.954 0.955 0.000 0.018 0.000 0.000 0.000 0.000 0.122 0.001 0.000 0.000 0.000 0.000 0.000 0.000
0.000 0.000 0.000 0.000 0.000 0.000 0.000 0.000 0.906 0.991 0.000 0.970 0.730 0.060 0.950 0.963 0.997 0.998 0.000 0.003 0.000 0.000 0.000 0.000 0.000 0.000 0.000 0.000 0.072 0.000 0.000 0.000 0.000 0.000
0.000 0.000 0.000 0.000 0.000 0.000 0.000 0.000 0.000 0.770 0.970 0.000 0.979 0.987 0.984 0.998 0.888 0.948 0.000 0.000 0.000 0.000 0.000 0.000 0.000 0.000 0.001 0.000 0.962 0.000 0.000 0.000 0.000 0.000
0.000 0.000 0.000 0.000 0.000 0.000 0.000 0.000 0.000 0.000 0.730 0.979 0.000 0.994 0.921 0.557 0.000 0.058 0.000 0.000 0.000 0.000 0.000 0.000 0.000 0.000 0.000 0.000 0.000 0.000 0.000 0.000 0.000 0.029
0.000 0.000 0.000 0.000 0.000 0.000 0.000 0.000 0.000 0.000 0.060 0.987 0.994 0.000 0.970 0.949 0.000 0.000 0.000 0.000 0.000 0.000 0.012 0.000 0.001 0.000 0.000 0.000 0.202 0.000 0.000 0.000 0.000 0.006
0.000 0.000 0.000 0.000 0.000 0.000 0.000 0.000 0.001 0.000 0.950 0.984 0.921 0.970 0.000 0.995 0.911 0.000 0.000 0.000 0.000 0.000 0.000 0.000 0.000 0.000 0.000 0.000 0.000 0.000 0.000 0.000 0.000 0.000
0.000 0.000 0.000 0.000 0.000 0.000 0.000 0.000 0.002 0.782 0.963 0.998 0.557 0.949 0.995 0.000 0.965 0.903 0.000 0.000 0.000 0.000 0.000 0.000 0.000 0.000 0.000 0.000 0.944 0.001 0.000 0.000 0.000 0.000
0.000 0.000 0.034 0.000 0.000 0.000 0.000 0.005 0.976 0.994 0.997 0.888 0.000 0.000 0.911 0.965 0.000 0.992 0.956 0.000 0.000 0.000 0.000 0.000 0.000 0.000 0.000 0.065 0.932 0.047 0.315 0.000 0.468 0.000
0.000 0.000 0.000 0.000 0.000 0.000 0.012 0.954 0.983 1.000 0.998 0.948 0.058 0.000 0.000 0.903 0.992 0.000 0.996 0.984 0.001 0.000 0.000 0.000 0.000 0.005 0.982 0.985 0.975 0.339 0.000 0.000 0.000 0.000
0.000 0.000 1.000 0.005 0.000 0.000 1.000 1.000 0.999 0.954 0.000 0.000 0.000 0.000 0.000 0.000 0.956 0.996 0.000 1.000 0.977 0.000 0.000 0.000 0.000 0.880 0.879 0.988 0.897 0.904 0.930 0.977 0.951 0.001
0.000 0.000 0.326 0.000 0.000 0.939 0.990 0.999 0.988 0.955 0.003 0.000 0.000 0.000 0.000 0.000 0.000 0.984 1.000 0.000 0.996 0.969 0.025 0.007 0.604 0.969 0.955 0.943 0.000 0.000 0.000 0.126 0.000 0.000
0.000 0.000 0.000 0.194 0.718 0.998 0.999 0.977 0.000 0.000 0.000 0.000 0.000 0.000 0.000 0.000 0.000 0.001 0.977 0.996 0.000 0.999 0.972 0.954 0.924 0.963 0.870 0.293 0.000 0.000 0.000 0.029 0.000 0.000
0.000 0.000 0.005 0.026 0.222 0.994 0.933 0.899 0.010 0.018 0.000 0.000 0.000 0.000 0.000 0.000 0.000 0.000 0.000 0.969 0.999 0.000 1.000 0.962 0.950 0.520 0.000 0.000 0.000 0.000 0.000 0.000 0.000 0.000
0.000 0.000 0.000 0.000 0.506 0.952 0.280 0.000 0.000 0.000 0.000 0.000 0.000 0.012 0.000 0.000 0.000 0.000 0.000 0.025 0.972 1.000 0.000 0.999 0.970 0.177 0.000 0.000 0.000 0.000 0.000 0.000 0.000 0.000
0.000 0.000 0.000 0.001 0.098 0.367 0.193 0.000 0.000 0.000 0.000 0.000 0.000 0.000 0.000 0.000 0.000 0.000 0.000 0.007 0.954 0.962 0.999 0.000 0.992 0.960 0.000 0.000 0.000 0.000 0.000 0.000 0.000 0.000
0.000 0.000 0.000 0.000 0.000 0.000 0.000 0.012 0.000 0.000 0.000 0.000 0.000 0.001 0.000 0.000 0.000 0.000 0.000 0.604 0.924 0.950 0.970 0.992 0.000 0.987 0.901 0.000 0.000 0.000 0.000 0.000 0.000 0.000
0.000 0.000 0.000 0.000 0.000 0.000 0.864 0.000 0.000 0.000 0.000 0.000 0.000 0.000 0.000 0.000 0.000 0.005 0.880 0.969 0.963 0.520 0.177 0.960 0.987 0.000 0.997 0.951 0.000 0.000 0.000 0.001 0.000 0.000
0.000 0.000 0.000 0.000 0.000 0.000 0.802 0.000 0.000 0.122 0.000 0.001 0.000 0.000 0.000 0.000 0.000 0.982 0.879 0.955 0.870 0.000 0.000 0.000 0.901 0.997 0.000 0.985 0.860 0.000 0.000 0.000 0.000 0.000
0.000 0.000 0.000 0.000 0.000 0.000 0.984 0.000 0.000 0.001 0.000 0.000 0.000 0.000 0.000 0.000 0.065 0.985 0.988 0.943 0.293 0.000 0.000 0.000 0.000 0.951 0.985 0.000 0.980 0.992 0.736 0.921 0.000 0.036
0.000 0.000 0.000 0.000 0.000 0.000 0.000 0.000 0.001 0.000 0.072 0.962 0.000 0.202 0.000 0.944 0.932 0.975 0.897 0.000 0.000 0.000 0.000 0.000 0.000 0.000 0.860 0.980 0.000 0.978 0.801 0.005 0.000 0.002
0.000 0.000 0.000 0.000 0.000 0.000 0.199 0.000 0.000 0.000 0.000 0.000 0.000 0.000 0.000 0.001 0.047 0.339 0.904 0.000 0.000 0.000 0.000 0.000 0.000 0.000 0.000 0.992 0.978 0.000 0.994 0.969 0.005 0.201
0.002 0.000 0.868 0.153 0.000 0.000 0.004 0.000 0.043 0.000 0.000 0.000 0.000 0.000 0.000 0.000 0.315 0.000 0.930 0.000 0.000 0.000 0.000 0.000 0.000 0.000 0.000 0.736 0.801 0.994 0.000 0.993 1.000 0.409
0.000 0.001 0.987 1.000 0.020 0.000 0.997 0.261 0.046 0.000 0.000 0.000 0.000 0.000 0.000 0.000 0.000 0.000 0.977 0.126 0.029 0.000 0.000 0.000 0.000 0.001 0.000 0.921 0.005 0.969 0.993 0.000 0.998 0.873
0.989 0.995 0.995 0.995 0.000 0.000 0.000 0.000 0.750 0.000 0.000 0.000 0.000 0.000 0.000 0.000 0.468 0.000 0.951 0.000 0.000 0.000 0.000 0.000 0.000 0.000 0.000 0.000 0.000 0.005 1.000 0.998 0.000 0.982
0.264 0.013 0.005 0.414 0.000 0.000 0.012 0.000 0.000 0.000 0.000 0.000 0.029 0.006 0.000 0.000 0.000 0.000 0.001 0.000 0.000 0.000 0.000 0.000 0.000 0.000 0.000 0.036 0.002 0.201 0.409 0.873 0.982 0.000
