0.000 0.997 0.853 0.000 0.000 0.000 0.000 0.000 0.000 0.009 0.000 0.000 0.000 0.959 0.911 0.954
0.997 0.000 0.988 0.961 0.000 0.000 0.000 0.000 0.000 0.001 0.000 0.014 0.738 0.981 0.962 0.866
0.853 0.988 0.000 0.975 0.798 0.000 0.000 0.000 0.000 0.000 0.015 0.999 0.953 0.999 0.880 0.016
0.000 0.961 0.975 0.000 0.996 0.868 0.002 0.000 0.000 0.000 0.772 0.985 0.969 0.928 0.979 0.000
0.000 0.000 0.798 0.996 0.000 0.976 0.970 0.003 0.003 0.976 0.962 0.991 0.897 0.000 0.000 0.000
0.000 0.000 0.000 0.868 0.976 0.000 0.989 0.972 0.987 0.912 0.960 0.807 0.877 0.000 0.003 0.000
0.000 0.000 0.000 0.002 0.970 0.989 0.000 0.976 0.933 0.971 0.756 0.000 0.000 0.000 0.000 0.000
0.000 0.000 0.000 0.000 0.003 0.972 0.976 0.000 0.992 0.946 0.052 0.000 0.000 0.000 0.000 0.000
0.000 0.000 0.000 0.000 0.003 0.987 0.933 0.992 0.000 0.984 0.967 0.013 0.331 0.000 0.000 0.000
0.009 0.001 0.000 0.000 0.976 0.912 0.971 0.946 0.984 0.000 0.977 0.776 0.000 0.006 0.000 0.056
0.000 0.000 0.015 0.772 0.962 0.960 0.756 0.052 0.967 0.977 0.000 0.977 0.946 0.001 0.000 0.000
0.000 0.014 0.999 0.985 0.991 0.807 0.000 0.000 0.013 0.776 0.977 0.000 0.985 0.850 0.000 0.000
0.000 0.738 0.953 0.969 0.897 0.877 0.000 0.000 0.331 0.000 0.946 0.985 0.000 0.997 0.919 0.000
0.959 0.981 0.999 0.928 0.000 0.000 0.000 0.000 0.000 0.006 0.001 0.850 0.997 0.000 0.992 0.966
0.911 0.962 0.880 0.979 0.000 0.003 0.000 0.000 0.000 0.000 0.000 0.000 0.919 0.992 0.000 0.993
0.954 0.866 0.016 0.000 0.000 0.000 0.000 0.000 0.000 0.056 0.000 0.000 0.000 0.966 0.993 0.000
