0.000 0.982 0.903 0.271 0.323 0.169 0.026 0.006 0.007 0.000 0.000 0.007 0.102 0.000 0.000 0.000 0.000 0.002 0.586 0.005 0.061 0.000 0.000 0.000 0.007 0.003 0.397 0.000 0.171 0.000 0.000 0.000 0.000 0.000 0.000 0.000 0.000 0.000 0.000 0.000 0.004 0.000 0.047 0.000 0.000 0.000 0.000 0.000 0.000 0.000
0.982 0.000 0.988 0.947 0.594 0.476 0.406 0.012 0.000 0.009 0.003 0.010 0.006 0.000 0.000 0.000 0.000 0.000 0.388 0.001 0.016 0.000 0.000 0.000 0.001 0.001 0.269 0.000 0.154 0.000 0.000 0.000 0.000 0.000 0.000 0.000 0.000 0.000 0.000 0.000 0.024 0.000 0.516 0.000 0.000 0.000 0.000 0.000 0.000 0.000
0.903 0.988 0.000 0.984 0.919 0.660 0.865 0.341 0.004 0.062 0.425 0.424 0.397 0.151 0.000 0.000 0.000 0.000 0.266 0.000 0.015 0.002 0.000 0.000 0.023 0.033 0.110 0.000 0.242 0.000 0.000 0.000 0.000 0.000 0.000 0.000 0.000 0.000 0.003 0.003 0.240 0.148 0.596 0.003 0.000 0.000 0.000 0.000 0.000 0.000
0.271 0.947 0.984 0.000 0.986 0.986 0.956 0.628 0.245 0.000 0.001 0.015 0.000 0.000 0.000 0.000 0.000 0.000 0.011 0.000 0.000 0.000 0.000 0.000 0.000 0.000 0.013 0.000 0.003 0.000 0.000 0.000 0.000 0.000 0.000 0.000 0.000 0.000 0.000 0.000 0.001 0.000 0.118 0.000 0.000 0.000 0.000 0.000 0.000 0.000
0.323 0.594 0.919 0.986 0.000 0.995 0.934 0.734 0.826 0.332 0.037 0.000 0.000 0.000 0.000 0.000 0.000 0.000 0.004 0.000 0.000 0.000 0.000 0.000 0.000 0.000 0.003 0.000 0.000 0.000 0.000 0.000 0.000 0.000 0.000 0.000 0.000 0.000 0.000 0.000 0.000 0.000 0.166 0.063 0.000 0.000 0.000 0.000 0.000 0.000
0.169 0.476 0.660 0.986 0.995 0.000 1.000 0.999 1.000 1.000 0.985 0.009 0.011 0.000 0.000 0.000 0.000 0.000 0.009 0.000 0.000 0.000 0.000 0.000 0.000 0.000 0.003 0.000 0.109 0.000 0.000 0.000 0.000 0.000 0.000 0.000 0.000 0.000 0.000 0.000 0.473 0.001 0.967 0.317 0.000 0.000 0.018 0.000 0.000 0.000
0.026 0.406 0.865 0.956 0.934 1.000 0.000 0.998 0.989 0.991 0.986 0.878 0.024 0.000 0.000 0.000 0.000 0.000 0.032 0.000 0.000 0.000 0.000 0.000 0.000 0.000 0.001 0.000 0.019 0.000 0.000 0.000 0.000 0.000 0.000 0.000 0.000 0.000 0.000 0.000 0.052 0.000 0.956 0.001 0.000 0.000 0.000 0.000 0.000 0.000
0.006 0.012 0.341 0.628 0.734 0.999 0.998 0.000 1.000 0.979 0.971 0.149 0.000 0.000 0.000 0.000 0.000 0.000 0.000 0.000 0.000 0.000 0.000 0.000 0.000 0.000 0.000 0.000 0.000 0.000 0.000 0.000 0.000 0.000 0.001 0.000 0.000 0.000 0.000 0.000 0.000 0.000 0.037 0.000 0.000 0.000 0.007 0.000 0.000 0.002
0.007 0.000 0.004 0.245 0.826 1.000 0.989 1.000 0.000 0.995 0.988 0.000 0.000 0.000 0.000 0.000 0.000 0.000 0.000 0.000 0.000 0.000 0.000 0.000 0.000 0.000 0.000 0.000 0.000 0.000 0.000 0.000 0.000 0.000 0.000 0.000 0.000 0.000 0.000 0.000 0.000 0.000 0.028 0.005 0.000 0.002 0.568 0.001 0.000 0.008
0.000 0.009 0.062 0.000 0.332 1.000 0.991 0.979 0.995 0.000 1.000 1.000 0.010 0.061 0.000 0.000 0.000 0.000 0.000 0.000 0.000 0.000 0.000 0.000 0.000 0.000 0.000 0.000 0.001 0.000 0.000 0.000 0.000 0.000 0.000 0.000 0.000 0.000 0.000 0.000 0.804 0.002 1.000 0.967 0.005 0.400 0.948 0.014 0.000 0.035
0.000 0.003 0.425 0.001 0.037 0.985 0.986 0.971 0.988 1.000 0.000 1.000 1.000 0.006 0.000 0.000 0.000 0.000 0.000 0.000 0.000 0.000 0.000 0.000 0.000 0.000 0.000 0.000 0.000 0.000 0.000 0.000 0.000 0.000 0.000 0.000 0.000 0.000 0.000 0.000 0.000 0.000 1.000 0.000 0.000 0.044 0.177 0.000 0.000 0.038
0.007 0.010 0.424 0.015 0.000 0.009 0.878 0.149 0.000 1.000 1.000 0.000 1.000 0.995 0.122 0.000 0.000 0.000 0.000 0.000 0.000 0.000 0.000 0.000 0.000 0.000 0.000 0.000 0.000 0.000 0.000 0.000 0.000 0.000 0.000 0.000 0.000 0.000 0.000 0.000 0.000 0.000 1.000 0.000 0.000 0.106 0.006 0.000 0.000 0.050
0.102 0.006 0.397 0.000 0.000 0.011 0.024 0.000 0.000 0.010 1.000 1.000 0.000 1.000 0.997 0.006 0.988 0.964 0.955 0.000 0.000 0.000 0.000 0.000 0.000 0.000 0.001 0.000 0.970 0.261 0.000 0.001 0.000 0.000 0.000 0.000 0.000 0.000 0.000 0.000 0.923 0.988 1.000 0.000 0.000 0.013 0.000 0.000 0.000 0.001
0.000 0.000 0.151 0.000 0.000 0.000 0.000 0.000 0.000 0.061 0.006 0.995 1.000 0.000 1.000 0.954 0.968 0.000 0.000 0.000 0.000 0.000 0.000 0.000 0.000 0.000 0.000 0.000 0.004 0.000 0.368 0.000 0.000 0.001 0.000 0.000 0.000 0.000 0.000 0.000 0.481 0.981 1.000 0.002 0.147 0.974 0.055 0.000 0.014 0.058
0.000 0.000 0.000 0.000 0.000 0.000 0.000 0.000 0.000 0.000 0.000 0.122 0.997 1.000 0.000 0.991 0.998 0.000 0.000 0.000 0.000 0.000 0.000 0.000 0.000 0.000 0.000 0.000 0.000 0.000 0.892 0.004 0.269 0.053 0.000 0.000 0.000 0.000 0.000 0.000 0.000 0.000 0.000 0.000 0.000 0.506 0.000 0.000 0.007 0.035
0.000 0.000 0.000 0.000 0.000 0.000 0.000 0.000 0.000 0.000 0.000 0.000 0.006 0.954 0.991 0.000 1.000 0.997 0.000 0.000 0.000 0.000 0.000 0.000 0.000 0.000 0.000 0.000 0.000 0.955 0.988 0.941 0.951 0.158 0.000 0.000 0.000 0.000 0.000 0.000 0.000 0.000 0.000 0.000 0.000 0.000 0.000 0.000 0.000 0.000
0.000 0.000 0.000 0.000 0.000 0.000 0.000 0.000 0.000 0.000 0.000 0.000 0.988 0.968 0.998 1.000 0.000 1.000 0.949 0.000 0.000 0.000 0.000 0.000 0.000 0.000 0.000 0.001 0.986 1.000 1.000 0.668 0.163 0.969 0.000 0.992 0.957 0.993 0.000 0.016 0.000 1.000 0.000 0.000 0.410 0.368 0.000 0.000 0.004 0.000
0.002 0.000 0.000 0.000 0.000 0.000 0.000 0.000 0.000 0.000 0.000 0.000 0.964 0.000 0.000 0.997 1.000 0.000 0.993 0.993 0.000 0.000 0.000 0.000 0.000 0.000 0.000 0.874 0.996 0.981 0.978 0.535 0.003 0.000 0.000 0.000 0.000 0.000 0.000 0.000 0.000 0.217 0.000 0.000 0.000 0.000 0.000 0.000 0.000 0.000
0.586 0.388 0.266 0.011 0.004 0.009 0.032 0.000 0.000 0.000 0.000 0.000 0.955 0.000 0.000 0.000 0.949 0.993 0.000 0.995 0.875 0.000 0.000 0.000 0.000 0.000 0.981 0.960 1.000 0.967 0.000 0.000 0.000 0.000 0.000 0.000 0.000 0.000 0.000 0.000 0.001 0.005 0.185 0.000 0.000 0.000 0.000 0.000 0.000 0.000
0.005 0.001 0.000 0.000 0.000 0.000 0.000 0.000 0.000 0.000 0.000 0.000 0.000 0.000 0.000 0.000 0.000 0.993 0.995 0.000 0.972 0.921 0.000 0.000 0.000 0.922 1.000 1.000 0.994 0.999 0.000 0.366 0.000 0.000 0.000 0.000 0.108 0.000 0.001 0.000 0.000 0.000 0.000 0.000 0.000 0.000 0.000 0.000 0.000 0.000
0.061 0.016 0.015 0.000 0.000 0.000 0.000 0.000 0.000 0.000 0.000 0.000 0.000 0.000 0.000 0.000 0.000 0.000 0.875 0.972 0.000 0.999 0.927 0.046 0.923 0.994 0.983 0.960 0.000 0.000 0.000 0.000 0.000 0.000 0.000 0.000 0.000 0.000 0.055 0.000 0.000 0.000 0.000 0.000 0.000 0.000 0.000 0.000 0.000 0.000
0.000 0.000 0.002 0.000 0.000 0.000 0.000 0.000 0.000 0.000 0.000 0.000 0.000 0.000 0.000 0.000 0.000 0.000 0.000 0.921 0.999 0.000 0.991 0.998 0.999 1.000 0.967 0.977 0.000 0.000 0.000 0.000 0.000 0.000 0.000 0.000 0.003 0.000 0.964 0.000 0.000 0.000 0.000 0.000 0.000 0.000 0.000 0.000 0.000 0.000
0.000 0.000 0.000 0.000 0.000 0.000 0.000 0.000 0.000 0.000 0.000 0.000 0.000 0.000 0.000 0.000 0.000 0.000 0.000 0.000 0.927 0.991 0.000 0.993 0.984 0.645 0.000 0.364 0.000 0.000 0.000 0.000 0.000 0.000 0.000 0.000 0.000 0.000 0.032 0.000 0.000 0.000 0.000 0.000 0.000 0.000 0.000 0.000 0.000 0.001
0.000 0.000 0.000 0.000 0.000 0.000 0.000 0.000 0.000 0.000 0.000 0.000 0.000 0.000 0.000 0.000 0.000 0.000 0.000 0.000 0.046 0.998 0.993 0.000 0.991 0.974 0.000 0.000 0.000 0.000 0.000 0.000 0.000 0.000 0.000 0.000 0.000 0.000 0.315 0.000 0.000 0.000 0.000 0.000 0.000 0.000 0.000 0.000 0.000 0.000
0.007 0.001 0.023 0.000 0.000 0.000 0.000 0.000 0.000 0.000 0.000 0.000 0.000 0.000 0.000 0.000 0.000 0.000 0.000 0.000 0.923 0.999 0.984 0.991 0.000 0.979 0.905 0.000 0.000 0.000 0.000 0.000 0.000 0.000 0.000 0.000 0.000 0.000 0.001 0.000 0.000 0.000 0.000 0.000 0.000 0.000 0.000 0.000 0.000 0.000
0.003 0.001 0.033 0.000 0.000 0.000 0.000 0.000 0.000 0.000 0.000 0.000 0.000 0.000 0.000 0.000 0.000 0.000 0.000 0.922 0.994 1.000 0.645 0.974 0.979 0.000 0.993 0.976 0.000 0.000 0.000 0.000 0.000 0.000 0.000 0.000 0.000 0.000 0.997 0.037 0.000 0.000 0.000 0.000 0.000 0.000 0.000 0.000 0.000 0.000
0.397 0.269 0.110 0.013 0.003 0.003 0.001 0.000 0.000 0.000 0.000 0.000 0.001 0.000 0.000 0.000 0.000 0.000 0.981 1.000 0.983 0.967 0.000 0.000 0.905 0.993 0.000 1.000 0.981 0.000 0.000 0.000 0.000 0.000 0.000 0.000 0.000 0.183 0.999 0.037 0.013 0.000 0.018 0.000 0.000 0.000 0.000 0.000 0.000 0.000
0.000 0.000 0.000 0.000 0.000 0.000 0.000 0.000 0.000 0.000 0.000 0.000 0.000 0.000 0.000 0.000 0.001 0.874 0.960 1.000 0.960 0.977 0.364 0.000 0.000 0.976 1.000 0.000 0.993 0.968 0.000 0.001 0.000 0.000 0.000 0.000 0.995 0.991 1.000 0.476 0.000 0.000 0.000 0.000 0.000 0.000 0.000 0.000 0.000 0.000
0.171 0.154 0.242 0.003 0.000 0.109 0.019 0.000 0.000 0.001 0.000 0.000 0.970 0.004 0.000 0.000 0.986 0.996 1.000 0.994 0.000 0.000 0.000 0.000 0.000 0.000 0.981 0.993 0.000 1.000 0.939 0.000 0.000 0.000 0.000 0.952 0.992 1.000 0.986 1.000 0.984 0.990 0.453 0.000 0.000 0.000 0.000 0.000 0.000 0.000
0.000 0.000 0.000 0.000 0.000 0.000 0.000 0.000 0.000 0.000 0.000 0.000 0.261 0.000 0.000 0.955 1.000 0.981 0.967 0.999 0.000 0.000 0.000 0.000 0.000 0.000 0.000 0.968 1.000 0.000 1.000 1.000 0.004 0.000 0.419 1.000 0.999 0.993 0.000 0.000 0.000 0.154 0.000 0.000 0.000 0.000 0.000 0.000 0.000 0.000
0.000 0.000 0.000 0.000 0.000 0.000 0.000 0.000 0.000 0.000 0.000 0.000 0.000 0.368 0.892 0.988 1.000 0.978 0.000 0.000 0.000 0.000 0.000 0.000 0.000 0.000 0.000 0.000 0.939 1.000 0.000 1.000 1.000 1.000 0.994 0.995 0.953 0.079 0.000 0.000 0.000 0.033 0.000 0.000 0.001 0.004 0.000 0.000 0.000 0.000
0.000 0.000 0.000 0.000 0.000 0.000 0.000 0.000 0.000 0.000 0.000 0.000 0.001 0.000 0.004 0.941 0.668 0.535 0.000 0.366 0.000 0.000 0.000 0.000 0.000 0.000 0.000 0.001 0.000 1.000 1.000 0.000 1.000 1.000 1.000 0.917 0.014 0.000 0.000 0.000 0.000 0.000 0.000 0.000 0.000 0.000 0.000 0.000 0.000 0.000
0.000 0.000 0.000 0.000 0.000 0.000 0.000 0.000 0.000 0.000 0.000 0.000 0.000 0.000 0.269 0.951 0.163 0.003 0.000 0.000 0.000 0.000 0.000 0.000 0.000 0.000 0.000 0.000 0.000 0.004 1.000 1.000 0.000 1.000 0.987 0.106 0.000 0.000 0.000 0.000 0.000 0.000 0.000 0.000 0.000 0.000 0.000 0.000 0.000 0.000
0.000 0.000 0.000 0.000 0.000 0.000 0.000 0.000 0.000 0.000 0.000 0.000 0.000 0.001 0.053 0.158 0.969 0.000 0.000 0.000 0.000 0.000 0.000 0.000 0.000 0.000 0.000 0.000 0.000 0.000 1.000 1.000 1.000 0.000 1.000 0.997 0.000 0.037 0.000 0.000 0.000 0.001 0.000 0.000 0.031 0.005 0.000 0.000 0.000 0.000
0.000 0.000 0.000 0.000 0.000 0.000 0.000 0.001 0.000 0.000 0.000 0.000 0.000 0.000 0.000 0.000 0.000 0.000 0.000 0.000 0.000 0.000 0.000 0.000 0.000 0.000 0.000 0.000 0.000 0.419 0.994 1.000 0.987 1.000 0.000 1.000 0.976 0.000 0.000 0.000 0.000 0.000 0.000 0.000 0.000 0.000 0.000 0.000 0.000 0.000
0.000 0.000 0.000 0.000 0.000 0.000 0.000 0.000 0.000 0.000 0.000 0.000 0.000 0.000 0.000 0.000 0.992 0.000 0.000 0.000 0.000 0.000 0.000 0.000 0.000 0.000 0.000 0.000 0.952 1.000 0.995 0.917 0.106 0.997 1.000 0.000 0.989 1.000 0.015 0.086 0.000 0.269 0.000 0.000 0.834 0.016 0.000 0.000 0.045 0.002
0.000 0.000 0.000 0.000 0.000 0.000 0.000 0.000 0.000 0.000 0.000 0.000 0.000 0.000 0.000 0.000 0.957 0.000 0.000 0.108 0.000 0.003 0.000 0.000 0.000 0.000 0.000 0.995 0.992 0.999 0.953 0.014 0.000 0.000 0.976 0.989 0.000 1.000 0.954 0.000 0.000 0.000 0.000 0.000 0.000 0.000 0.000 0.000 0.000 0.000
0.000 0.000 0.000 0.000 0.000 0.000 0.000 0.000 0.000 0.000 0.000 0.000 0.000 0.000 0.000 0.000 0.993 0.000 0.000 0.000 0.000 0.000 0.000 0.000 0.000 0.000 0.183 0.991 1.000 0.993 0.079 0.000 0.000 0.037 0.000 1.000 1.000 0.000 0.983 1.000 0.970 0.977 0.012 0.117 0.886 0.018 0.000 0.000 0.000 0.000
0.000 0.000 0.003 0.000 0.000 0.000 0.000 0.000 0.000 0.000 0.000 0.000 0.000 0.000 0.000 0.000 0.000 0.000 0.000 0.001 0.055 0.964 0.032 0.315 0.001 0.997 0.999 1.000 0.986 0.000 0.000 0.000 0.000 0.000 0.000 0.015 0.954 0.983 0.000 0.993 0.871 0.033 0.000 0.000 0.000 0.000 0.000 0.000 0.000 0.000
0.000 0.000 0.003 0.000 0.000 0.000 0.000 0.000 0.000 0.000 0.000 0.000 0.000 0.000 0.000 0.000 0.016 0.000 0.000 0.000 0.000 0.000 0.000 0.000 0.000 0.037 0.037 0.476 1.000 0.000 0.000 0.000 0.000 0.000 0.000 0.086 0.000 1.000 0.993 0.000 0.991 0.951 0.001 0.856 0.326 0.000 0.000 0.000 0.000 0.000
0.004 0.024 0.240 0.001 0.000 0.473 0.052 0.000 0.000 0.804 0.000 0.000 0.923 0.481 0.000 0.000 0.000 0.000 0.001 0.000 0.000 0.000 0.000 0.000 0.000 0.000 0.013 0.000 0.984 0.000 0.000 0.000 0.000 0.000 0.000 0.000 0.000 0.970 0.871 0.991 0.000 1.000 0.998 0.999 0.968 0.053 0.000 0.000 0.000 0.000
0.000 0.000 0.148 0.000 0.000 0.001 0.000 0.000 0.000 0.002 0.000 0.000 0.988 0.981 0.000 0.000 1.000 0.217 0.005 0.000 0.000 0.000 0.000 0.000 0.000 0.000 0.000 0.000 0.990 0.154 0.033 0.000 0.000 0.001 0.000 0.269 0.000 0.977 0.033 0.951 1.000 0.000 0.981 0.991 1.000 0.972 0.530 0.000 0.003 0.000
0.047 0.516 0.596 0.118 0.166 0.967 0.956 0.037 0.028 1.000 1.000 1.000 1.000 1.000 0.000 0.000 0.000 0.000 0.185 0.000 0.000 0.000 0.000 0.000 0.000 0.000 0.018 0.000 0.453 0.000 0.000 0.000 0.000 0.000 0.000 0.000 0.000 0.012 0.000 0.001 0.998 0.981 0.000 0.996 0.986 1.000 0.997 0.630 0.001 0.017
0.000 0.000 0.003 0.000 0.063 0.317 0.001 0.000 0.005 0.967 0.000 0.000 0.000 0.002 0.000 0.000 0.000 0.000 0.000 0.000 0.000 0.000 0.000 0.000 0.000 0.000 0.000 0.000 0.000 0.000 0.000 0.000 0.000 0.000 0.000 0.000 0.000 0.117 0.000 0.856 0.999 0.991 0.996 0.000 1.000 0.994 0.992 0.893 0.164 0.001
0.000 0.000 0.000 0.000 0.000 0.000 0.000 0.000 0.000 0.005 0.000 0.000 0.000 0.147 0.000 0.000 0.410 0.000 0.000 0.000 0.000 0.000 0.000 0.000 0.000 0.000 0.000 0.000 0.000 0.000 0.001 0.000 0.000 0.031 0.000 0.834 0.000 0.886 0.000 0.326 0.968 1.000 0.986 1.000 0.000 0.989 0.960 0.977 0.851 0.143
0.000 0.000 0.000 0.000 0.000 0.000 0.000 0.000 0.002 0.400 0.044 0.106 0.013 0.974 0.506 0.000 0.368 0.000 0.000 0.000 0.000 0.000 0.000 0.000 0.000 0.000 0.000 0.000 0.000 0.000 0.004 0.000 0.000 0.005 0.000 0.016 0.000 0.018 0.000 0.000 0.053 0.972 1.000 0.994 0.989 0.000 1.000 1.000 0.884 0.476
0.000 0.000 0.000 0.000 0.000 0.018 0.000 0.007 0.568 0.948 0.177 0.006 0.000 0.055 0.000 0.000 0.000 0.000 0.000 0.000 0.000 0.000 0.000 0.000 0.000 0.000 0.000 0.000 0.000 0.000 0.000 0.000 0.000 0.000 0.000 0.000 0.000 0.000 0.000 0.000 0.000 0.530 0.997 0.992 0.960 1.000 0.000 0.994 0.980 0.614
0.000 0.000 0.000 0.000 0.000 0.000 0.000 0.000 0.001 0.014 0.000 0.000 0.000 0.000 0.000 0.000 0.000 0.000 0.000 0.000 0.000 0.000 0.000 0.000 0.000 0.000 0.000 0.000 0.000 0.000 0.000 0.000 0.000 0.000 0.000 0.000 0.000 0.000 0.000 0.000 0.000 0.000 0.630 0.893 0.977 1.000 0.994 0.000 0.994 0.986
0.000 0.000 0.000 0.000 0.000 0.000 0.000 0.000 0.000 0.000 0.000 0.000 0.000 0.014 0.007 0.000 0.004 0.000 0.000 0.000 0.000 0.000 0.000 0.000 0.000 0.000 0.000 0.000 0.000 0.000 0.000 0.000 0.000 0.000 0.000 0.045 0.000 0.000 0.000 0.000 0.000 0.003 0.001 0.164 0.851 0.884 0.980 0.994 0.000 0.998
0.000 0.000 0.000 0.000 0.000 0.000 0.000 0.002 0.008 0.035 0.038 0.050 0.001 0.058 0.035 0.000 0.000 0.000 0.000 0.000 0.000 0.000 0.001 0.000 0.000 0.000 0.000 0.000 0.000 0.000 0.000 0.000 0.000 0.000 0.000 0.002 0.000 0.000 0.000 0.000 0.000 0.000 0.017 0.001 0.143 0.476 0.614 0.986 0.998 0.000
