0.000 0.985 0.815 0.000 0.000 0.000 0.000 0.000 0.000 0.000 0.000 0.000 0.000 0.000 0.000 0.000 0.000 0.000 0.000 0.000 0.356 0.541 0.833 0.693 0.179 0.013 0.000 0.000 0.000 0.000 0.000 0.000 0.000 0.000 0.000 0.000 0.000 0.000 0.000 0.000 0.000 0.000 0.000 0.000 0.000 0.001 0.008 0.012
0.985 0.000 0.968 0.891 0.011 0.000 0.000 0.000 0.000 0.000 0.000 0.000 0.000 0.000 0.000 0.000 0.000 0.000 0.000 0.000 0.860 0.821 0.834 0.070 0.012 0.006 0.000 0.000 0.000 0.000 0.000 0.000 0.000 0.000 0.000 0.000 0.000 0.000 0.000 0.000 0.000 0.000 0.000 0.000 0.000 0.000 0.000 0.003
0.815 0.968 0.000 0.998 0.934 0.000 0.000 0.000 0.000 0.000 0.000 0.000 0.000 0.000 0.000 0.000 0.000 0.000 0.000 0.055 0.956 0.956 0.982 0.059 0.002 0.000 0.189 0.000 0.000 0.000 0.000 0.000 0.000 0.000 0.000 0.000 0.000 0.000 0.000 0.000 0.000 0.000 0.000 0.000 0.000 0.000 0.000 0.000
0.000 0.891 0.998 0.000 0.977 0.822 0.000 0.000 0.000 0.000 0.000 0.000 0.000 0.000 0.000 0.000 0.000 0.000 0.425 0.900 0.975 0.821 0.109 0.000 0.000 0.000 0.258 0.000 0.000 0.000 0.000 0.000 0.000 0.000 0.000 0.000 0.000 0.000 0.000 0.000 0.000 0.000 0.000 0.000 0.000 0.000 0.000 0.000
0.000 0.011 0.934 0.977 0.000 0.972 0.850 0.001 0.000 0.000 0.000 0.000 0.000 0.000 0.000 0.000 0.000 0.053 0.696 0.955 0.890 0.015 0.004 0.000 0.000 0.000 0.678 0.000 0.008 0.000 0.003 0.000 0.000 0.000 0.000 0.000 0.000 0.000 0.000 0.000 0.000 0.000 0.000 0.000 0.000 0.000 0.000 0.000
0.000 0.000 0.000 0.822 0.972 0.000 0.995 0.950 0.000 0.205 0.081 0.002 0.152 0.000 0.000 0.000 0.003 0.972 0.912 0.995 0.086 0.003 0.000 0.000 0.000 0.000 0.002 0.000 0.651 0.000 0.672 0.000 0.000 0.000 0.000 0.000 0.000 0.000 0.000 0.000 0.000 0.000 0.000 0.000 0.000 0.000 0.000 0.000
0.000 0.000 0.000 0.000 0.850 0.995 0.000 0.997 0.964 0.929 0.177 0.004 0.390 0.000 0.160 0.084 0.010 0.973 0.019 0.905 0.005 0.000 0.000 0.000 0.000 0.000 0.000 0.000 0.450 0.000 0.876 0.000 0.000 0.000 0.000 0.000 0.000 0.000 0.000 0.000 0.000 0.000 0.000 0.000 0.000 0.000 0.000 0.000
0.000 0.000 0.000 0.000 0.001 0.950 0.997 0.000 0.989 0.961 0.000 0.000 0.437 0.020 0.821 0.893 0.784 0.964 0.019 0.179 0.000 0.000 0.000 0.000 0.000 0.000 0.000 0.000 0.309 0.293 0.962 0.215 0.000 0.000 0.000 0.000 0.000 0.000 0.000 0.000 0.000 0.000 0.000 0.000 0.000 0.000 0.000 0.000
0.000 0.000 0.000 0.000 0.000 0.000 0.964 0.989 0.000 0.995 0.878 0.504 0.819 0.787 0.933 0.947 0.249 0.853 0.007 0.002 0.000 0.000 0.000 0.000 0.000 0.000 0.000 0.000 0.000 0.000 0.434 0.008 0.000 0.000 0.000 0.000 0.000 0.000 0.000 0.000 0.000 0.000 0.000 0.000 0.000 0.000 0.000 0.001
0.000 0.000 0.000 0.000 0.000 0.205 0.929 0.961 0.995 0.000 0.995 0.926 0.963 0.317 0.547 0.018 0.001 0.336 0.001 0.000 0.000 0.000 0.000 0.000 0.000 0.000 0.000 0.000 0.000 0.000 0.035 0.000 0.000 0.000 0.000 0.000 0.000 0.000 0.000 0.000 0.000 0.000 0.000 0.000 0.000 0.000 0.000 0.000
0.000 0.000 0.000 0.000 0.000 0.081 0.177 0.000 0.878 0.995 0.000 0.988 0.962 0.124 0.000 0.000 0.000 0.000 0.001 0.000 0.000 0.000 0.000 0.000 0.000 0.000 0.000 0.000 0.000 0.000 0.000 0.000 0.000 0.000 0.000 0.000 0.000 0.000 0.000 0.000 0.000 0.000 0.000 0.000 0.000 0.000 0.000 0.000
0.000 0.000 0.000 0.000 0.000 0.002 0.004 0.000 0.504 0.926 0.988 0.000 0.982 0.956 0.006 0.000 0.000 0.001 0.000 0.000 0.000 0.000 0.000 0.002 0.000 0.000 0.000 0.000 0.000 0.000 0.000 0.000 0.000 0.000 0.000 0.000 0.000 0.000 0.000 0.000 0.000 0.000 0.000 0.001 0.000 0.004 0.000 0.010
0.000 0.000 0.000 0.000 0.000 0.152 0.390 0.437 0.819 0.963 0.962 0.982 0.000 0.997 0.991 0.030 0.219 0.381 0.012 0.000 0.000 0.000 0.000 0.000 0.000 0.000 0.000 0.000 0.000 0.000 0.000 0.000 0.000 0.000 0.000 0.000 0.000 0.000 0.000 0.000 0.000 0.000 0.035 0.160 0.000 0.004 0.000 0.023
0.000 0.000 0.000 0.000 0.000 0.000 0.000 0.020 0.787 0.317 0.124 0.956 0.997 0.000 0.987 0.824 0.001 0.016 0.000 0.000 0.000 0.000 0.009 0.016 0.002 0.000 0.000 0.000 0.000 0.000 0.000 0.000 0.000 0.000 0.000 0.000 0.000 0.000 0.000 0.000 0.000 0.039 0.284 0.108 0.031 0.032 0.064 0.204
0.000 0.000 0.000 0.000 0.000 0.000 0.160 0.821 0.933 0.547 0.000 0.006 0.991 0.987 0.000 0.968 0.990 0.892 0.002 0.000 0.000 0.000 0.000 0.000 0.000 0.000 0.000 0.002 0.000 0.044 0.165 0.000 0.000 0.000 0.000 0.000 0.000 0.000 0.000 0.000 0.012 0.001 0.877 0.952 0.009 0.073 0.014 0.093
0.000 0.000 0.000 0.000 0.000 0.000 0.084 0.893 0.947 0.018 0.000 0.000 0.030 0.824 0.968 0.000 0.996 0.954 0.000 0.002 0.000 0.000 0.000 0.000 0.000 0.000 0.000 0.000 0.991 1.000 1.000 0.998 0.866 0.003 0.000 0.000 0.000 0.000 0.000 0.000 0.000 0.000 0.575 0.065 0.000 0.000 0.000 0.002
0.000 0.000 0.000 0.000 0.000 0.003 0.010 0.784 0.249 0.001 0.000 0.000 0.219 0.001 0.990 0.996 0.000 1.000 0.870 0.009 0.000 0.000 0.000 0.000 0.000 0.000 0.017 0.991 1.000 0.996 0.927 0.010 0.742 0.000 0.965 0.986 0.968 0.000 0.005 0.003 0.957 0.099 0.967 0.907 0.000 0.000 0.000 0.000
0.000 0.000 0.000 0.000 0.053 0.972 0.973 0.964 0.853 0.336 0.000 0.001 0.381 0.016 0.892 0.954 1.000 0.000 0.972 0.996 0.000 0.000 0.000 0.000 0.000 0.000 0.852 0.970 0.999 0.919 0.920 0.000 0.000 0.000 0.000 0.000 0.000 0.000 0.000 0.000 0.279 0.000 0.000 0.858 0.000 0.000 0.000 0.000
0.000 0.000 0.000 0.425 0.696 0.912 0.019 0.019 0.007 0.001 0.001 0.000 0.012 0.000 0.002 0.000 0.870 0.972 0.000 0.994 0.926 0.000 0.000 0.000 0.000 0.938 0.989 1.000 0.843 0.000 0.000 0.000 0.000 0.000 0.000 0.000 0.000 0.000 0.000 0.552 0.004 0.000 0.000 0.902 0.000 0.000 0.000 0.001
0.000 0.000 0.055 0.900 0.955 0.995 0.905 0.179 0.002 0.000 0.000 0.000 0.000 0.000 0.000 0.002 0.009 0.996 0.994 0.000 0.971 0.921 0.000 0.000 0.833 0.893 1.000 0.974 0.999 0.031 0.780 0.000 0.000 0.000 0.000 0.014 0.000 0.000 0.000 0.000 0.000 0.000 0.000 0.000 0.000 0.000 0.000 0.000
0.356 0.860 0.956 0.975 0.890 0.086 0.005 0.000 0.000 0.000 0.000 0.000 0.000 0.000 0.000 0.000 0.000 0.000 0.926 0.971 0.000 1.000 0.958 0.087 0.969 0.988 0.979 0.005 0.000 0.000 0.000 0.000 0.000 0.000 0.000 0.000 0.000 0.026 0.000 0.000 0.000 0.000 0.000 0.000 0.000 0.000 0.000 0.000
0.541 0.821 0.956 0.821 0.015 0.003 0.000 0.000 0.000 0.000 0.000 0.000 0.000 0.000 0.000 0.000 0.000 0.000 0.000 0.921 1.000 0.000 0.996 0.980 0.964 0.868 0.976 0.000 0.000 0.000 0.000 0.000 0.000 0.000 0.000 0.000 0.000 0.599 0.000 0.000 0.000 0.000 0.000 0.000 0.000 0.000 0.000 0.000
0.833 0.834 0.982 0.109 0.004 0.000 0.000 0.000 0.000 0.000 0.000 0.000 0.000 0.009 0.000 0.000 0.000 0.000 0.000 0.000 0.958 0.996 0.000 0.992 0.928 0.000 0.024 0.000 0.000 0.000 0.000 0.000 0.000 0.000 0.000 0.000 0.000 0.010 0.000 0.000 0.000 0.000 0.000 0.000 0.000 0.000 0.000 0.002
0.693 0.070 0.059 0.000 0.000 0.000 0.000 0.000 0.000 0.000 0.000 0.002 0.000 0.016 0.000 0.000 0.000 0.000 0.000 0.000 0.087 0.980 0.992 0.000 0.999 0.946 0.010 0.000 0.000 0.000 0.000 0.000 0.000 0.000 0.000 0.000 0.000 0.065 0.000 0.000 0.000 0.000 0.000 0.000 0.000 0.000 0.000 0.001
0.179 0.012 0.002 0.000 0.000 0.000 0.000 0.000 0.000 0.000 0.000 0.000 0.000 0.002 0.000 0.000 0.000 0.000 0.000 0.833 0.969 0.964 0.928 0.999 0.000 0.999 0.972 0.004 0.000 0.000 0.000 0.000 0.000 0.000 0.000 0.004 0.001 0.973 0.111 0.000 0.000 0.000 0.000 0.000 0.000 0.000 0.000 0.001
0.013 0.006 0.000 0.000 0.000 0.000 0.000 0.000 0.000 0.000 0.000 0.000 0.000 0.000 0.000 0.000 0.000 0.000 0.938 0.893 0.988 0.868 0.000 0.946 0.999 0.000 0.974 0.907 0.000 0.000 0.000 0.000 0.000 0.000 0.000 0.000 0.037 0.929 0.014 0.070 0.000 0.000 0.000 0.000 0.000 0.000 0.000 0.000
0.000 0.000 0.189 0.258 0.678 0.002 0.000 0.000 0.000 0.000 0.000 0.000 0.000 0.000 0.000 0.000 0.017 0.852 0.989 1.000 0.979 0.976 0.024 0.010 0.972 0.974 0.000 0.988 0.979 0.000 0.000 0.000 0.000 0.000 0.008 0.938 0.980 0.988 0.421 0.003 0.000 0.000 0.000 0.000 0.000 0.000 0.000 0.000
0.000 0.000 0.000 0.000 0.000 0.000 0.000 0.000 0.000 0.000 0.000 0.000 0.000 0.000 0.002 0.000 0.991 0.970 1.000 0.974 0.005 0.000 0.000 0.000 0.004 0.907 0.988 0.000 0.959 0.824 0.000 0.000 0.000 0.000 0.834 0.956 1.000 0.987 0.997 1.000 1.000 0.000 0.000 0.998 0.000 0.000 0.000 0.000
0.000 0.000 0.000 0.000 0.008 0.651 0.450 0.309 0.000 0.000 0.000 0.000 0.000 0.000 0.000 0.991 1.000 0.999 0.843 0.999 0.000 0.000 0.000 0.000 0.000 0.000 0.979 0.959 0.000 1.000 1.000 0.012 0.007 1.000 1.000 0.986 0.887 0.001 0.000 0.000 0.178 0.000 0.000 0.247 0.000 0.000 0.000 0.000
0.000 0.000 0.000 0.000 0.000 0.000 0.000 0.293 0.000 0.000 0.000 0.000 0.000 0.000 0.044 1.000 0.996 0.919 0.000 0.031 0.000 0.000 0.000 0.000 0.000 0.000 0.000 0.824 1.000 0.000 1.000 0.989 0.998 0.995 1.000 0.958 0.021 0.000 0.000 0.000 0.038 0.000 0.143 0.001 0.000 0.000 0.000 0.000
0.000 0.000 0.000 0.000 0.003 0.672 0.876 0.962 0.434 0.035 0.000 0.000 0.000 0.000 0.165 1.000 0.927 0.920 0.000 0.780 0.000 0.000 0.000 0.000 0.000 0.000 0.000 0.000 1.000 1.000 0.000 1.000 1.000 1.000 0.319 0.000 0.000 0.000 0.000 0.000 0.000 0.000 0.000 0.000 0.000 0.000 0.000 0.000
0.000 0.000 0.000 0.000 0.000 0.000 0.000 0.215 0.008 0.000 0.000 0.000 0.000 0.000 0.000 0.998 0.010 0.000 0.000 0.000 0.000 0.000 0.000 0.000 0.000 0.000 0.000 0.000 0.012 0.989 1.000 0.000 1.000 1.000 0.117 0.000 0.000 0.000 0.000 0.000 0.000 0.000 0.000 0.000 0.000 0.000 0.000 0.000
0.000 0.000 0.000 0.000 0.000 0.000 0.000 0.000 0.000 0.000 0.000 0.000 0.000 0.000 0.000 0.866 0.742 0.000 0.000 0.000 0.000 0.000 0.000 0.000 0.000 0.000 0.000 0.000 0.007 0.998 1.000 1.000 0.000 1.000 0.998 0.003 0.002 0.000 0.000 0.000 0.000 0.000 0.001 0.000 0.000 0.000 0.000 0.000
0.000 0.000 0.000 0.000 0.000 0.000 0.000 0.000 0.000 0.000 0.000 0.000 0.000 0.000 0.000 0.003 0.000 0.000 0.000 0.000 0.000 0.000 0.000 0.000 0.000 0.000 0.000 0.000 1.000 0.995 1.000 1.000 1.000 0.000 0.997 0.934 0.000 0.000 0.000 0.000 0.000 0.000 0.000 0.000 0.000 0.000 0.000 0.000
0.000 0.000 0.000 0.000 0.000 0.000 0.000 0.000 0.000 0.000 0.000 0.000 0.000 0.000 0.000 0.000 0.965 0.000 0.000 0.000 0.000 0.000 0.000 0.000 0.000 0.000 0.008 0.834 1.000 1.000 0.319 0.117 0.998 0.997 0.000 0.997 0.861 0.000 0.000 0.000 0.003 0.000 0.000 0.000 0.000 0.000 0.000 0.000
0.000 0.000 0.000 0.000 0.000 0.000 0.000 0.000 0.000 0.000 0.000 0.000 0.000 0.000 0.000 0.000 0.986 0.000 0.000 0.014 0.000 0.000 0.000 0.000 0.004 0.000 0.938 0.956 0.986 0.958 0.000 0.000 0.003 0.934 0.997 0.000 0.982 0.815 0.000 0.000 0.000 0.000 0.000 0.000 0.000 0.000 0.000 0.000
0.000 0.000 0.000 0.000 0.000 0.000 0.000 0.000 0.000 0.000 0.000 0.000 0.000 0.000 0.000 0.000 0.968 0.000 0.000 0.000 0.000 0.000 0.000 0.000 0.001 0.037 0.980 1.000 0.887 0.021 0.000 0.000 0.002 0.000 0.861 0.982 0.000 0.993 0.943 0.818 0.987 0.010 0.000 0.009 0.000 0.000 0.000 0.000
0.000 0.000 0.000 0.000 0.000 0.000 0.000 0.000 0.000 0.000 0.000 0.000 0.000 0.000 0.000 0.000 0.000 0.000 0.000 0.000 0.026 0.599 0.010 0.065 0.973 0.929 0.988 0.987 0.001 0.000 0.000 0.000 0.000 0.000 0.000 0.815 0.993 0.000 0.997 0.944 0.005 0.000 0.000 0.000 0.000 0.000 0.000 0.000
0.000 0.000 0.000 0.000 0.000 0.000 0.000 0.000 0.000 0.000 0.000 0.000 0.000 0.000 0.000 0.000 0.005 0.000 0.000 0.000 0.000 0.000 0.000 0.000 0.111 0.014 0.421 0.997 0.000 0.000 0.000 0.000 0.000 0.000 0.000 0.000 0.943 0.997 0.000 0.999 0.985 0.000 0.000 0.005 0.376 0.000 0.000 0.000
0.000 0.000 0.000 0.000 0.000 0.000 0.000 0.000 0.000 0.000 0.000 0.000 0.000 0.000 0.000 0.000 0.003 0.000 0.552 0.000 0.000 0.000 0.000 0.000 0.000 0.070 0.003 1.000 0.000 0.000 0.000 0.000 0.000 0.000 0.000 0.000 0.818 0.944 0.999 0.000 0.993 0.978 0.000 0.985 0.979 0.384 0.002 0.007
0.000 0.000 0.000 0.000 0.000 0.000 0.000 0.000 0.000 0.000 0.000 0.000 0.000 0.000 0.012 0.000 0.957 0.279 0.004 0.000 0.000 0.000 0.000 0.000 0.000 0.000 0.000 1.000 0.178 0.038 0.000 0.000 0.000 0.000 0.003 0.000 0.987 0.005 0.985 0.993 0.000 1.000 0.999 0.999 0.959 0.179 0.000 0.000
0.000 0.000 0.000 0.000 0.000 0.000 0.000 0.000 0.000 0.000 0.000 0.000 0.000 0.039 0.001 0.000 0.099 0.000 0.000 0.000 0.000 0.000 0.000 0.000 0.000 0.000 0.000 0.000 0.000 0.000 0.000 0.000 0.000 0.000 0.000 0.000 0.010 0.000 0.000 0.978 1.000 0.000 0.978 0.987 0.970 0.423 0.062 0.003
0.000 0.000 0.000 0.000 0.000 0.000 0.000 0.000 0.000 0.000 0.000 0.000 0.035 0.284 0.877 0.575 0.967 0.000 0.000 0.000 0.000 0.000 0.000 0.000 0.000 0.000 0.000 0.000 0.000 0.143 0.000 0.000 0.001 0.000 0.000 0.000 0.000 0.000 0.000 0.000 0.999 0.978 0.000 0.984 0.885 0.359 0.013 0.030
0.000 0.000 0.000 0.000 0.000 0.000 0.000 0.000 0.000 0.000 0.000 0.001 0.160 0.108 0.952 0.065 0.907 0.858 0.902 0.000 0.000 0.000 0.000 0.000 0.000 0.000 0.000 0.998 0.247 0.001 0.000 0.000 0.000 0.000 0.000 0.000 0.009 0.000 0.005 0.985 0.999 0.987 0.984 0.000 0.989 0.931 0.065 0.015
0.000 0.000 0.000 0.000 0.000 0.000 0.000 0.000 0.000 0.000 0.000 0.000 0.000 0.031 0.009 0.000 0.000 0.000 0.000 0.000 0.000 0.000 0.000 0.000 0.000 0.000 0.000 0.000 0.000 0.000 0.000 0.000 0.000 0.000 0.000 0.000 0.000 0.000 0.376 0.979 0.959 0.970 0.885 0.989 0.000 0.990 0.944 0.070
0.001 0.000 0.000 0.000 0.000 0.000 0.000 0.000 0.000 0.000 0.000 0.004 0.004 0.032 0.073 0.000 0.000 0.000 0.000 0.000 0.000 0.000 0.000 0.000 0.000 0.000 0.000 0.000 0.000 0.000 0.000 0.000 0.000 0.000 0.000 0.000 0.000 0.000 0.000 0.384 0.179 0.423 0.359 0.931 0.990 0.000 0.998 0.970
0.008 0.000 0.000 0.000 0.000 0.000 0.000 0.000 0.000 0.000 0.000 0.000 0.000 0.064 0.014 0.000 0.000 0.000 0.000 0.000 0.000 0.000 0.000 0.000 0.000 0.000 0.000 0.000 0.000 0.000 0.000 0.000 0.000 0.000 0.000 0.000 0.000 0.000 0.000 0.002 0.000 0.062 0.013 0.065 0.944 0.998 0.000 0.999
0.012 0.003 0.000 0.000 0.000 0.000 0.000 0.000 0.001 0.000 0.000 0.010 0.023 0.204 0.093 0.002 0.000 0.000 0.001 0.000 0.000 0.000 0.002 0.001 0.001 0.000 0.000 0.000 0.000 0.000 0.000 0.000 0.000 0.000 0.000 0.000 0.000 0.000 0.000 0.007 0.000 0.003 0.030 0.015 0.070 0.970 0.999 0.000
