0.000 0.985 0.941 0.003 0.029 0.004 0.027 0.000 0.000 0.196 0.003 0.000 0.065 0.108 0.010 0.005 0.008 0.010 0.000 0.000 0.000 0.000 0.000 0.000 0.000 0.000 0.000 0.000 0.000 0.002 0.001 0.001 0.015 0.071 0.037 0.132 0.026 0.093 0.001 0.001 0.000 0.003 0.048 0.010 0.000 0.015 0.041 0.000 0.008
0.985 0.000 0.990 0.930 0.426 0.019 0.023 0.000 0.051 0.324 0.038 0.000 0.195 0.123 0.003 0.000 0.000 0.018 0.000 0.000 0.000 0.000 0.000 0.000 0.000 0.000 0.000 0.000 0.000 0.000 0.000 0.000 0.002 0.019 0.007 0.058 0.000 0.034 0.000 0.000 0.000 0.000 0.036 0.000 0.000 0.003 0.002 0.000 0.000
0.941 0.990 0.000 0.989 0.927 0.034 0.000 0.000 0.031 0.207 0.000 0.000 0.024 0.004 0.000 0.000 0.000 0.000 0.000 0.000 0.000 0.000 0.000 0.000 0.000 0.000 0.000 0.000 0.000 0.000 0.000 0.000 0.015 0.021 0.006 0.023 0.003 0.050 0.008 0.007 0.002 0.000 0.035 0.000 0.000 0.003 0.001 0.000 0.000
0.003 0.930 0.989 0.000 0.979 0.880 0.001 0.000 0.291 0.212 0.000 0.000 0.000 0.000 0.000 0.000 0.000 0.000 0.000 0.000 0.000 0.000 0.000 0.000 0.000 0.000 0.000 0.000 0.000 0.000 0.000 0.000 0.000 0.000 0.000 0.002 0.000 0.005 0.005 0.000 0.000 0.000 0.000 0.000 0.000 0.000 0.000 0.000 0.000
0.029 0.426 0.927 0.979 0.000 0.986 0.962 0.001 0.989 0.992 0.005 0.135 0.842 0.006 0.000 0.001 0.000 0.120 0.006 0.000 0.002 0.000 0.000 0.000 0.000 0.000 0.000 0.000 0.000 0.000 0.000 0.001 0.001 0.000 0.000 0.000 0.000 0.000 0.000 0.000 0.000 0.000 0.000 0.000 0.000 0.000 0.000 0.000 0.000
0.004 0.019 0.034 0.880 0.986 0.000 1.000 0.991 1.000 0.998 0.908 0.002 0.000 0.000 0.000 0.000 0.000 0.000 0.000 0.000 0.000 0.000 0.000 0.000 0.000 0.000 0.000 0.000 0.000 0.000 0.000 0.000 0.000 0.000 0.000 0.000 0.000 0.000 0.003 0.000 0.000 0.000 0.000 0.000 0.000 0.000 0.000 0.000 0.001
0.027 0.023 0.000 0.001 0.962 1.000 0.000 0.997 1.000 0.996 0.999 0.715 0.000 0.024 0.000 0.000 0.000 0.000 0.000 0.000 0.000 0.000 0.000 0.000 0.000 0.000 0.000 0.000 0.000 0.000 0.000 0.000 0.000 0.000 0.000 0.000 0.000 0.000 0.013 0.000 0.000 0.000 0.000 0.000 0.000 0.000 0.000 0.055 0.011
0.000 0.000 0.000 0.000 0.001 0.991 0.997 0.000 0.993 0.962 0.996 0.992 0.599 0.001 0.000 0.000 0.000 0.015 0.000 0.000 0.000 0.000 0.000 0.000 0.000 0.000 0.000 0.000 0.000 0.000 0.000 0.000 0.000 0.000 0.000 0.000 0.000 0.000 0.000 0.000 0.000 0.000 0.000 0.000 0.002 0.003 0.013 0.547 0.154
0.000 0.051 0.031 0.291 0.989 1.000 1.000 0.993 0.000 1.000 0.999 0.999 0.969 0.654 0.000 0.000 0.000 0.068 0.008 0.000 0.000 0.000 0.000 0.000 0.000 0.000 0.000 0.000 0.000 0.000 0.000 0.000 0.000 0.000 0.000 0.000 0.000 0.000 0.000 0.000 0.001 0.000 0.000 0.000 0.000 0.000 0.000 0.150 0.002
0.196 0.324 0.207 0.212 0.992 0.998 0.996 0.962 1.000 0.000 0.993 0.998 0.998 0.965 0.407 0.000 0.000 0.000 0.000 0.000 0.000 0.000 0.000 0.000 0.000 0.000 0.000 0.000 0.000 0.000 0.000 0.000 0.000 0.000 0.000 0.000 0.000 0.000 0.001 0.000 0.000 0.000 0.000 0.000 0.000 0.000 0.000 0.001 0.000
0.003 0.038 0.000 0.000 0.005 0.908 0.999 0.996 0.999 0.993 0.000 1.000 0.972 0.988 0.895 0.022 0.012 0.007 0.000 0.000 0.000 0.000 0.000 0.000 0.000 0.000 0.000 0.000 0.000 0.000 0.000 0.000 0.000 0.000 0.000 0.000 0.000 0.000 0.000 0.000 0.000 0.000 0.000 0.037 0.078 0.002 0.154 0.996 0.555
0.000 0.000 0.000 0.000 0.135 0.002 0.715 0.992 0.999 0.998 1.000 0.000 0.989 0.984 0.990 0.076 0.731 0.485 0.160 0.006 0.000 0.000 0.000 0.000 0.000 0.000 0.000 0.000 0.021 0.002 0.001 0.070 0.039 0.000 0.000 0.000 0.000 0.000 0.000 0.000 0.293 0.000 0.000 0.173 0.931 0.139 0.003 0.937 0.212
0.065 0.195 0.024 0.000 0.842 0.000 0.000 0.599 0.969 0.998 0.972 0.989 0.000 1.000 1.000 0.170 0.078 0.443 0.000 0.000 0.000 0.000 0.000 0.000 0.000 0.000 0.000 0.000 0.000 0.000 0.000 0.003 0.030 0.000 0.000 0.000 0.000 0.000 0.000 0.000 0.000 0.000 0.000 0.001 0.030 0.000 0.000 0.114 0.000
0.108 0.123 0.004 0.000 0.006 0.000 0.024 0.001 0.654 0.965 0.988 0.984 1.000 0.000 1.000 0.982 0.000 0.225 0.000 0.000 0.000 0.000 0.000 0.000 0.000 0.000 0.000 0.000 0.000 0.000 0.000 0.000 0.078 0.000 0.000 0.000 0.000 0.000 0.000 0.000 0.000 0.000 0.000 0.098 0.019 0.000 0.166 0.492 0.236
0.010 0.003 0.000 0.000 0.000 0.000 0.000 0.000 0.000 0.407 0.895 0.990 1.000 1.000 0.000 0.997 1.000 0.611 0.000 0.000 0.000 0.000 0.000 0.000 0.000 0.000 0.000 0.000 0.001 0.000 0.035 0.268 0.049 0.000 0.000 0.000 0.000 0.000 0.000 0.000 0.000 0.181 0.001 0.981 0.971 0.083 0.122 0.894 0.000
0.005 0.000 0.000 0.000 0.001 0.000 0.000 0.000 0.000 0.000 0.022 0.076 0.170 0.982 0.997 0.000 0.990 0.960 0.000 0.035 0.000 0.000 0.000 0.000 0.000 0.000 0.000 0.000 0.000 0.958 0.994 0.999 0.997 0.824 0.000 0.000 0.000 0.000 0.000 0.000 0.000 0.002 0.000 0.826 0.022 0.000 0.000 0.029 0.000
0.008 0.000 0.000 0.000 0.000 0.000 0.000 0.000 0.000 0.000 0.012 0.731 0.078 0.000 1.000 0.990 0.000 1.000 0.956 0.091 0.000 0.000 0.000 0.000 0.000 0.000 0.000 0.008 0.989 1.000 0.999 0.937 0.017 0.790 0.000 0.996 0.986 0.982 0.000 0.001 0.012 0.978 0.025 0.996 0.982 0.000 0.000 0.050 0.000
0.010 0.018 0.000 0.000 0.120 0.000 0.000 0.015 0.068 0.000 0.007 0.485 0.443 0.225 0.611 0.960 1.000 0.000 1.000 1.000 0.000 0.000 0.000 0.000 0.000 0.000 0.000 0.908 0.986 0.992 0.931 0.929 0.016 0.000 0.000 0.000 0.000 0.000 0.000 0.000 0.000 0.103 0.000 0.000 0.918 0.000 0.000 0.001 0.000
0.000 0.000 0.000 0.000 0.006 0.000 0.000 0.000 0.008 0.000 0.000 0.160 0.000 0.000 0.000 0.000 0.956 1.000 0.000 1.000 0.981 0.000 0.000 0.000 0.000 0.000 0.884 0.964 0.993 0.966 0.000 0.000 0.000 0.000 0.000 0.000 0.000 0.000 0.000 0.000 0.497 0.010 0.000 0.000 0.904 0.000 0.000 0.000 0.014
0.000 0.000 0.000 0.000 0.000 0.000 0.000 0.000 0.000 0.000 0.000 0.006 0.000 0.000 0.000 0.035 0.091 1.000 1.000 0.000 0.999 0.931 0.003 0.000 0.001 0.840 0.922 0.992 0.978 0.991 0.186 0.403 0.000 0.000 0.000 0.000 0.009 0.000 0.001 0.000 0.000 0.000 0.000 0.000 0.000 0.000 0.000 0.000 0.000
0.000 0.000 0.000 0.000 0.002 0.000 0.000 0.000 0.000 0.000 0.000 0.000 0.000 0.000 0.000 0.000 0.000 0.000 0.981 0.999 0.000 0.990 0.902 0.036 0.947 0.936 0.964 0.996 0.007 0.000 0.000 0.000 0.000 0.000 0.000 0.000 0.000 0.000 0.056 0.000 0.000 0.000 0.000 0.000 0.000 0.000 0.000 0.000 0.000
0.000 0.000 0.000 0.000 0.000 0.000 0.000 0.000 0.000 0.000 0.000 0.000 0.000 0.000 0.000 0.000 0.000 0.000 0.000 0.931 0.990 0.000 0.993 0.994 0.993 0.990 0.959 0.975 0.000 0.000 0.000 0.000 0.000 0.000 0.000 0.000 0.000 0.000 0.795 0.000 0.000 0.000 0.000 0.000 0.000 0.000 0.000 0.000 0.000
0.000 0.000 0.000 0.000 0.000 0.000 0.000 0.000 0.000 0.000 0.000 0.000 0.000 0.000 0.000 0.000 0.000 0.000 0.000 0.003 0.902 0.993 0.000 0.990 0.945 0.617 0.000 0.239 0.000 0.000 0.000 0.000 0.000 0.000 0.000 0.000 0.000 0.000 0.125 0.000 0.000 0.000 0.000 0.000 0.000 0.000 0.000 0.000 0.000
0.000 0.000 0.000 0.000 0.000 0.000 0.000 0.000 0.000 0.000 0.000 0.000 0.000 0.000 0.000 0.000 0.000 0.000 0.000 0.000 0.036 0.994 0.990 0.000 0.985 0.987 0.000 0.009 0.000 0.000 0.000 0.000 0.000 0.000 0.000 0.000 0.000 0.000 0.276 0.000 0.000 0.000 0.000 0.000 0.000 0.000 0.000 0.000 0.000
0.000 0.000 0.000 0.000 0.000 0.000 0.000 0.000 0.000 0.000 0.000 0.000 0.000 0.000 0.000 0.000 0.000 0.000 0.000 0.001 0.947 0.993 0.945 0.985 0.000 0.995 0.992 0.000 0.000 0.000 0.000 0.000 0.000 0.000 0.000 0.000 0.000 0.000 0.007 0.000 0.000 0.000 0.000 0.000 0.000 0.000 0.000 0.000 0.000
0.000 0.000 0.000 0.000 0.000 0.000 0.000 0.000 0.000 0.000 0.000 0.000 0.000 0.000 0.000 0.000 0.000 0.000 0.000 0.840 0.936 0.990 0.617 0.987 0.995 0.000 0.997 0.977 0.001 0.000 0.000 0.000 0.000 0.000 0.000 0.000 0.001 0.000 0.811 0.010 0.000 0.000 0.000 0.000 0.000 0.000 0.000 0.000 0.000
0.000 0.000 0.000 0.000 0.000 0.000 0.000 0.000 0.000 0.000 0.000 0.000 0.000 0.000 0.000 0.000 0.000 0.000 0.884 0.922 0.964 0.959 0.000 0.000 0.992 0.997 0.000 0.995 0.985 0.000 0.000 0.000 0.000 0.000 0.000 0.000 0.000 0.131 0.935 0.104 0.064 0.000 0.000 0.000 0.000 0.000 0.000 0.000 0.000
0.000 0.000 0.000 0.000 0.000 0.000 0.000 0.000 0.000 0.000 0.000 0.000 0.000 0.000 0.000 0.000 0.008 0.908 0.964 0.992 0.996 0.975 0.239 0.009 0.000 0.977 0.995 0.000 1.000 0.992 0.001 0.000 0.000 0.000 0.000 0.045 0.950 0.979 0.983 0.300 0.000 0.000 0.000 0.000 0.000 0.000 0.000 0.000 0.000
0.000 0.000 0.000 0.000 0.000 0.000 0.000 0.000 0.000 0.000 0.000 0.021 0.000 0.000 0.001 0.000 0.989 0.986 0.993 0.978 0.007 0.000 0.000 0.000 0.000 0.001 0.985 1.000 0.000 0.990 0.885 0.000 0.000 0.000 0.000 0.867 0.940 0.963 0.944 0.953 1.000 0.999 0.000 0.000 0.999 0.000 0.000 0.000 0.012
0.002 0.000 0.000 0.000 0.000 0.000 0.000 0.000 0.000 0.000 0.000 0.002 0.000 0.000 0.000 0.958 1.000 0.992 0.966 0.991 0.000 0.000 0.000 0.000 0.000 0.000 0.000 0.992 0.990 0.000 1.000 0.994 0.027 0.000 0.983 0.964 0.949 0.873 0.002 0.000 0.000 0.106 0.000 0.000 0.063 0.000 0.000 0.000 0.000
0.001 0.000 0.000 0.000 0.000 0.000 0.000 0.000 0.000 0.000 0.000 0.001 0.000 0.000 0.035 0.994 0.999 0.931 0.000 0.186 0.000 0.000 0.000 0.000 0.000 0.000 0.000 0.001 0.885 1.000 0.000 0.996 0.998 0.991 0.991 0.955 0.871 0.083 0.000 0.000 0.000 0.069 0.000 0.576 0.000 0.000 0.000 0.000 0.000
0.001 0.000 0.000 0.000 0.001 0.000 0.000 0.000 0.000 0.000 0.000 0.070 0.003 0.000 0.268 0.999 0.937 0.929 0.000 0.403 0.000 0.000 0.000 0.000 0.000 0.000 0.000 0.000 0.000 0.994 0.996 0.000 0.999 0.951 0.971 0.109 0.000 0.000 0.000 0.000 0.000 0.000 0.000 0.000 0.000 0.000 0.000 0.000 0.000
0.015 0.002 0.015 0.000 0.001 0.000 0.000 0.000 0.000 0.000 0.000 0.039 0.030 0.078 0.049 0.997 0.017 0.016 0.000 0.000 0.000 0.000 0.000 0.000 0.000 0.000 0.000 0.000 0.000 0.027 0.998 0.999 0.000 0.997 0.995 0.124 0.000 0.000 0.000 0.000 0.000 0.000 0.000 0.002 0.000 0.000 0.000 0.000 0.000
0.071 0.019 0.021 0.000 0.000 0.000 0.000 0.000 0.000 0.000 0.000 0.000 0.000 0.000 0.000 0.824 0.790 0.000 0.000 0.000 0.000 0.000 0.000 0.000 0.000 0.000 0.000 0.000 0.000 0.000 0.991 0.951 0.997 0.000 1.000 0.995 0.000 0.098 0.000 0.000 0.000 0.000 0.000 0.005 0.000 0.000 0.000 0.000 0.000
0.037 0.007 0.006 0.000 0.000 0.000 0.000 0.000 0.000 0.000 0.000 0.000 0.000 0.000 0.000 0.000 0.000 0.000 0.000 0.000 0.000 0.000 0.000 0.000 0.000 0.000 0.000 0.000 0.000 0.983 0.991 0.971 0.995 1.000 0.000 0.994 0.891 0.000 0.000 0.000 0.000 0.000 0.000 0.000 0.000 0.000 0.000 0.000 0.000
0.132 0.058 0.023 0.002 0.000 0.000 0.000 0.000 0.000 0.000 0.000 0.000 0.000 0.000 0.000 0.000 0.996 0.000 0.000 0.000 0.000 0.000 0.000 0.000 0.000 0.000 0.000 0.045 0.867 0.964 0.955 0.109 0.124 0.995 0.994 0.000 0.996 0.984 0.000 0.000 0.000 0.001 0.000 0.001 0.000 0.000 0.000 0.000 0.000
0.026 0.000 0.003 0.000 0.000 0.000 0.000 0.000 0.000 0.000 0.000 0.000 0.000 0.000 0.000 0.000 0.986 0.000 0.000 0.009 0.000 0.000 0.000 0.000 0.000 0.001 0.000 0.950 0.940 0.949 0.871 0.000 0.000 0.000 0.891 0.996 0.000 0.997 0.936 0.000 0.000 0.001 0.000 0.000 0.000 0.000 0.000 0.000 0.000
0.093 0.034 0.050 0.005 0.000 0.000 0.000 0.000 0.000 0.000 0.000 0.000 0.000 0.000 0.000 0.000 0.982 0.000 0.000 0.000 0.000 0.000 0.000 0.000 0.000 0.000 0.131 0.979 0.963 0.873 0.083 0.000 0.000 0.098 0.000 0.984 0.997 0.000 0.991 0.990 0.721 0.946 0.342 0.090 0.000 0.002 0.000 0.000 0.000
0.001 0.000 0.008 0.005 0.000 0.003 0.013 0.000 0.000 0.001 0.000 0.000 0.000 0.000 0.000 0.000 0.000 0.000 0.000 0.001 0.056 0.795 0.125 0.276 0.007 0.811 0.935 0.983 0.944 0.002 0.000 0.000 0.000 0.000 0.000 0.000 0.936 0.991 0.000 1.000 0.940 0.024 0.000 0.000 0.000 0.000 0.000 0.000 0.000
0.001 0.000 0.007 0.000 0.000 0.000 0.000 0.000 0.000 0.000 0.000 0.000 0.000 0.000 0.000 0.000 0.001 0.000 0.000 0.000 0.000 0.000 0.000 0.000 0.000 0.010 0.104 0.300 0.953 0.000 0.000 0.000 0.000 0.000 0.000 0.000 0.000 0.990 1.000 0.000 0.977 0.949 0.005 0.000 0.004 0.008 0.000 0.000 0.000
0.000 0.000 0.002 0.000 0.000 0.000 0.000 0.000 0.001 0.000 0.000 0.293 0.000 0.000 0.000 0.000 0.012 0.000 0.497 0.000 0.000 0.000 0.000 0.000 0.000 0.000 0.064 0.000 1.000 0.000 0.000 0.000 0.000 0.000 0.000 0.000 0.000 0.721 0.940 0.977 0.000 0.995 0.997 0.000 0.976 0.996 0.021 0.177 0.422
0.003 0.000 0.000 0.000 0.000 0.000 0.000 0.000 0.000 0.000 0.000 0.000 0.000 0.000 0.181 0.002 0.978 0.103 0.010 0.000 0.000 0.000 0.000 0.000 0.000 0.000 0.000 0.000 0.999 0.106 0.069 0.000 0.000 0.000 0.000 0.001 0.001 0.946 0.024 0.949 0.995 0.000 1.000 0.996 0.979 0.985 0.643 0.000 0.000
0.048 0.036 0.035 0.000 0.000 0.000 0.000 0.000 0.000 0.000 0.000 0.000 0.000 0.000 0.001 0.000 0.025 0.000 0.000 0.000 0.000 0.000 0.000 0.000 0.000 0.000 0.000 0.000 0.000 0.000 0.000 0.000 0.000 0.000 0.000 0.000 0.000 0.342 0.000 0.005 0.997 1.000 0.000 0.995 0.970 0.991 0.994 0.416 0.010
0.010 0.000 0.000 0.000 0.000 0.000 0.000 0.000 0.000 0.000 0.037 0.173 0.001 0.098 0.981 0.826 0.996 0.000 0.000 0.000 0.000 0.000 0.000 0.000 0.000 0.000 0.000 0.000 0.000 0.000 0.576 0.000 0.002 0.005 0.000 0.001 0.000 0.090 0.000 0.000 0.000 0.996 0.995 0.000 0.993 0.976 1.000 0.966 0.011
0.000 0.000 0.000 0.000 0.000 0.000 0.000 0.002 0.000 0.000 0.078 0.931 0.030 0.019 0.971 0.022 0.982 0.918 0.904 0.000 0.000 0.000 0.000 0.000 0.000 0.000 0.000 0.000 0.999 0.063 0.000 0.000 0.000 0.000 0.000 0.000 0.000 0.000 0.000 0.004 0.976 0.979 0.970 0.993 0.000 0.995 0.996 1.000 0.438
0.015 0.003 0.003 0.000 0.000 0.000 0.000 0.003 0.000 0.000 0.002 0.139 0.000 0.000 0.083 0.000 0.000 0.000 0.000 0.000 0.000 0.000 0.000 0.000 0.000 0.000 0.000 0.000 0.000 0.000 0.000 0.000 0.000 0.000 0.000 0.000 0.000 0.002 0.000 0.008 0.996 0.985 0.991 0.976 0.995 0.000 0.993 0.972 0.776
0.041 0.002 0.001 0.000 0.000 0.000 0.000 0.013 0.000 0.000 0.154 0.003 0.000 0.166 0.122 0.000 0.000 0.000 0.000 0.000 0.000 0.000 0.000 0.000 0.000 0.000 0.000 0.000 0.000 0.000 0.000 0.000 0.000 0.000 0.000 0.000 0.000 0.000 0.000 0.000 0.021 0.643 0.994 1.000 0.996 0.993 0.000 0.987 0.998
0.000 0.000 0.000 0.000 0.000 0.000 0.055 0.547 0.150 0.001 0.996 0.937 0.114 0.492 0.894 0.029 0.050 0.001 0.000 0.000 0.000 0.000 0.000 0.000 0.000 0.000 0.000 0.000 0.000 0.000 0.000 0.000 0.000 0.000 0.000 0.000 0.000 0.000 0.000 0.000 0.177 0.000 0.416 0.966 1.000 0.972 0.987 0.000 1.000
0.008 0.000 0.000 0.000 0.000 0.001 0.011 0.154 0.002 0.000 0.555 0.212 0.000 0.236 0.000 0.000 0.000 0.000 0.014 0.000 0.000 0.000 0.000 0.000 0.000 0.000 0.000 0.000 0.012 0.000 0.000 0.000 0.000 0.000 0.000 0.000 0.000 0.000 0.000 0.000 0.422 0.000 0.010 0.011 0.438 0.776 0.998 1.000 0.000
