0.000 0.964 0.847 0.010 0.000 0.044 0.294 0.020 0.000 0.016 0.000 0.000 0.000 0.000 0.000 0.000 0.000 0.014 0.012 0.024 0.011 0.000 0.000 0.000 0.000 0.000 0.000 0.000 0.000 0.000 0.000 0.000 0.000 0.000 0.000 0.000 0.000 0.000 0.000 0.000 0.000 0.000 0.000 0.000 0.000 0.000 0.000 0.006 0.062
0.964 0.000 0.965 0.831 0.006 0.250 0.685 0.312 0.000 0.032 0.000 0.000 0.000 0.000 0.000 0.000 0.000 0.000 0.005 0.023 0.013 0.000 0.000 0.000 0.001 0.000 0.000 0.000 0.000 0.000 0.000 0.000 0.000 0.000 0.000 0.000 0.000 0.000 0.000 0.000 0.000 0.000 0.000 0.000 0.000 0.000 0.000 0.000 0.030
0.847 0.965 0.000 0.985 0.887 0.277 0.956 0.878 0.009 0.011 0.032 0.003 0.000 0.000 0.000 0.000 0.000 0.000 0.001 0.021 0.117 0.031 0.032 0.004 0.014 0.000 0.000 0.000 0.000 0.000 0.000 0.000 0.000 0.000 0.000 0.000 0.000 0.000 0.000 0.000 0.000 0.000 0.000 0.000 0.000 0.000 0.000 0.000 0.007
0.010 0.831 0.985 0.000 0.996 0.987 0.982 0.966 0.900 0.112 0.000 0.000 0.000 0.000 0.000 0.000 0.000 0.000 0.000 0.009 0.420 0.000 0.000 0.000 0.000 0.000 0.002 0.000 0.000 0.000 0.000 0.000 0.000 0.000 0.000 0.000 0.000 0.000 0.000 0.000 0.000 0.000 0.000 0.000 0.000 0.000 0.000 0.000 0.000
0.000 0.006 0.887 0.996 0.000 1.000 0.972 0.974 0.981 0.890 0.163 0.001 0.055 0.000 0.000 0.000 0.000 0.000 0.895 0.638 0.897 0.024 0.000 0.000 0.029 0.079 0.787 0.171 0.182 0.000 0.000 0.000 0.000 0.000 0.000 0.000 0.000 0.000 0.000 0.000 0.000 0.000 0.156 0.000 0.000 0.000 0.000 0.000 0.000
0.044 0.250 0.277 0.987 1.000 0.000 0.990 0.950 0.947 0.998 0.204 0.000 0.021 0.000 0.000 0.000 0.000 0.287 0.986 0.901 0.717 0.001 0.000 0.000 0.000 0.000 0.134 0.016 0.000 0.000 0.000 0.000 0.000 0.000 0.000 0.000 0.000 0.000 0.000 0.000 0.000 0.000 0.001 0.000 0.000 0.000 0.000 0.000 0.000
0.294 0.685 0.956 0.982 0.972 0.990 0.000 1.000 0.992 1.000 0.768 0.122 0.000 0.000 0.000 0.000 0.000 0.004 0.356 0.051 0.009 0.000 0.000 0.000 0.000 0.000 0.000 0.000 0.000 0.000 0.000 0.000 0.000 0.000 0.000 0.000 0.000 0.000 0.000 0.000 0.000 0.000 0.000 0.000 0.000 0.000 0.000 0.000 0.000
0.020 0.312 0.878 0.966 0.974 0.950 1.000 0.000 1.000 0.994 0.958 0.954 0.018 0.000 0.000 0.000 0.000 0.000 0.020 0.000 0.008 0.000 0.000 0.000 0.000 0.000 0.000 0.000 0.000 0.000 0.000 0.000 0.000 0.000 0.000 0.000 0.000 0.000 0.000 0.000 0.000 0.000 0.065 0.000 0.000 0.000 0.000 0.000 0.000
0.000 0.000 0.009 0.900 0.981 0.947 0.992 1.000 0.000 0.998 0.985 0.969 0.999 0.000 0.000 0.000 0.000 0.000 0.950 0.000 0.126 0.000 0.000 0.000 0.000 0.000 0.314 0.000 0.668 0.000 0.000 0.000 0.000 0.000 0.000 0.000 0.000 0.000 0.000 0.000 0.265 0.000 0.996 0.000 0.000 0.000 0.000 0.000 0.000
0.016 0.032 0.011 0.112 0.890 0.998 1.000 0.994 0.998 0.000 0.986 0.964 0.999 0.081 0.069 0.010 0.924 0.958 0.978 0.644 0.002 0.000 0.000 0.000 0.000 0.000 0.000 0.000 0.021 0.008 0.000 0.054 0.000 0.000 0.000 0.000 0.000 0.000 0.000 0.000 0.000 0.000 0.026 0.000 0.000 0.000 0.000 0.000 0.001
0.000 0.000 0.032 0.000 0.163 0.204 0.768 0.958 0.985 0.986 0.000 0.999 0.976 0.000 0.061 0.000 0.000 0.000 0.003 0.000 0.000 0.000 0.000 0.000 0.000 0.000 0.000 0.000 0.000 0.000 0.000 0.000 0.000 0.000 0.000 0.000 0.000 0.000 0.000 0.000 0.000 0.000 0.002 0.000 0.000 0.000 0.000 0.039 0.103
0.000 0.000 0.003 0.000 0.001 0.000 0.122 0.954 0.969 0.964 0.999 0.000 0.992 0.929 0.005 0.000 0.000 0.000 0.002 0.000 0.000 0.000 0.000 0.000 0.000 0.000 0.000 0.000 0.000 0.000 0.000 0.000 0.000 0.000 0.000 0.000 0.000 0.000 0.000 0.000 0.000 0.002 0.949 0.001 0.000 0.007 0.001 0.401 0.159
0.000 0.000 0.000 0.000 0.055 0.021 0.000 0.018 0.999 0.999 0.976 0.992 0.000 1.000 0.974 0.019 0.996 0.972 0.989 0.000 0.000 0.000 0.000 0.000 0.000 0.000 0.001 0.000 0.959 0.273 0.000 0.009 0.000 0.000 0.000 0.000 0.000 0.000 0.000 0.000 0.881 0.952 0.998 0.000 0.000 0.012 0.005 0.399 0.189
0.000 0.000 0.000 0.000 0.000 0.000 0.000 0.000 0.000 0.081 0.000 0.929 1.000 0.000 1.000 0.982 0.981 0.035 0.000 0.000 0.000 0.000 0.000 0.000 0.000 0.000 0.000 0.000 0.007 0.000 0.000 0.053 0.046 0.000 0.000 0.000 0.000 0.000 0.000 0.000 0.122 0.949 0.992 0.003 0.131 0.689 0.513 0.520 0.344
0.000 0.000 0.000 0.000 0.000 0.000 0.000 0.000 0.000 0.069 0.061 0.005 0.974 1.000 0.000 0.993 0.966 0.015 0.000 0.000 0.000 0.000 0.000 0.000 0.000 0.000 0.000 0.000 0.000 0.000 0.024 0.401 0.247 0.000 0.000 0.000 0.000 0.000 0.000 0.000 0.000 0.000 0.000 0.000 0.000 0.220 0.137 0.385 0.324
0.000 0.000 0.000 0.000 0.000 0.000 0.000 0.000 0.000 0.010 0.000 0.000 0.019 0.982 0.993 0.000 1.000 0.978 0.000 0.000 0.000 0.000 0.000 0.000 0.000 0.000 0.000 0.000 0.000 0.861 0.811 0.985 0.731 0.000 0.042 0.000 0.000 0.000 0.000 0.000 0.000 0.000 0.000 0.000 0.000 0.001 0.000 0.000 0.007
0.000 0.000 0.000 0.000 0.000 0.000 0.000 0.000 0.000 0.924 0.000 0.000 0.996 0.981 0.966 1.000 0.000 0.997 0.953 0.000 0.000 0.000 0.000 0.000 0.000 0.000 0.000 0.000 0.999 0.989 0.999 0.984 0.301 0.112 0.010 0.665 0.565 0.975 0.000 0.446 0.019 1.000 0.007 0.000 0.481 0.590 0.011 0.001 0.015
0.014 0.000 0.000 0.000 0.000 0.287 0.004 0.000 0.000 0.958 0.000 0.000 0.972 0.035 0.015 0.978 0.997 0.000 1.000 0.999 0.000 0.000 0.000 0.000 0.000 0.000 0.000 0.929 0.976 0.992 0.925 0.714 0.000 0.000 0.141 0.000 0.000 0.000 0.000 0.000 0.000 0.336 0.000 0.000 0.000 0.000 0.000 0.000 0.000
0.012 0.005 0.001 0.000 0.895 0.986 0.356 0.020 0.950 0.978 0.003 0.002 0.989 0.000 0.000 0.000 0.953 1.000 0.000 0.998 0.964 0.000 0.000 0.000 0.000 0.000 0.984 0.962 0.998 0.975 0.000 0.002 0.000 0.000 0.000 0.000 0.000 0.000 0.000 0.000 0.003 0.129 0.501 0.000 0.000 0.000 0.000 0.000 0.000
0.024 0.023 0.021 0.009 0.638 0.901 0.051 0.000 0.000 0.644 0.000 0.000 0.000 0.000 0.000 0.000 0.000 0.999 0.998 0.000 1.000 0.944 0.000 0.000 0.000 0.899 0.996 0.996 0.982 0.999 0.001 0.108 0.000 0.000 0.187 0.000 0.097 0.000 0.003 0.000 0.000 0.000 0.000 0.000 0.000 0.000 0.000 0.000 0.000
0.011 0.013 0.117 0.420 0.897 0.717 0.009 0.008 0.126 0.002 0.000 0.000 0.000 0.000 0.000 0.000 0.000 0.000 0.964 1.000 0.000 0.991 0.905 0.059 0.967 0.974 0.994 0.985 0.000 0.000 0.000 0.000 0.000 0.000 0.000 0.000 0.000 0.000 0.154 0.000 0.000 0.000 0.004 0.000 0.000 0.000 0.000 0.000 0.000
0.000 0.000 0.031 0.000 0.024 0.001 0.000 0.000 0.000 0.000 0.000 0.000 0.000 0.000 0.000 0.000 0.000 0.000 0.000 0.944 0.991 0.000 0.969 0.996 0.998 0.997 0.959 0.999 0.000 0.000 0.000 0.000 0.000 0.000 0.000 0.000 0.000 0.000 0.945 0.000 0.000 0.000 0.000 0.000 0.000 0.000 0.000 0.000 0.000
0.000 0.000 0.032 0.000 0.000 0.000 0.000 0.000 0.000 0.000 0.000 0.000 0.000 0.000 0.000 0.000 0.000 0.000 0.000 0.000 0.905 0.969 0.000 0.989 0.954 0.731 0.000 0.655 0.000 0.000 0.000 0.000 0.000 0.000 0.000 0.000 0.000 0.000 0.280 0.000 0.000 0.000 0.000 0.000 0.000 0.000 0.000 0.000 0.001
0.000 0.000 0.004 0.000 0.000 0.000 0.000 0.000 0.000 0.000 0.000 0.000 0.000 0.000 0.000 0.000 0.000 0.000 0.000 0.000 0.059 0.996 0.989 0.000 0.990 0.988 0.002 0.042 0.000 0.000 0.000 0.000 0.000 0.000 0.000 0.000 0.000 0.000 0.762 0.000 0.000 0.000 0.000 0.000 0.000 0.000 0.000 0.000 0.000
0.000 0.001 0.014 0.000 0.029 0.000 0.000 0.000 0.000 0.000 0.000 0.000 0.000 0.000 0.000 0.000 0.000 0.000 0.000 0.000 0.967 0.998 0.954 0.990 0.000 0.994 0.979 0.000 0.000 0.000 0.000 0.000 0.000 0.000 0.000 0.000 0.000 0.000 0.010 0.000 0.000 0.000 0.000 0.000 0.000 0.000 0.000 0.000 0.000
0.000 0.000 0.000 0.000 0.079 0.000 0.000 0.000 0.000 0.000 0.000 0.000 0.000 0.000 0.000 0.000 0.000 0.000 0.000 0.899 0.974 0.997 0.731 0.988 0.994 0.000 0.998 1.000 0.039 0.000 0.000 0.000 0.000 0.000 0.000 0.000 0.000 0.000 0.989 0.236 0.014 0.000 0.000 0.000 0.000 0.000 0.000 0.000 0.001
0.000 0.000 0.000 0.002 0.787 0.134 0.000 0.000 0.314 0.000 0.000 0.000 0.001 0.000 0.000 0.000 0.000 0.000 0.984 0.996 0.994 0.959 0.000 0.002 0.979 0.998 0.000 1.000 1.000 0.000 0.000 0.000 0.000 0.000 0.000 0.000 0.000 0.349 0.995 0.018 0.242 0.000 0.204 0.000 0.000 0.000 0.000 0.000 0.000
0.000 0.000 0.000 0.000 0.171 0.016 0.000 0.000 0.000 0.000 0.000 0.000 0.000 0.000 0.000 0.000 0.000 0.929 0.962 0.996 0.985 0.999 0.655 0.042 0.000 1.000 1.000 0.000 1.000 1.000 0.000 0.000 0.000 0.000 0.001 0.013 1.000 0.998 0.995 0.407 0.000 0.000 0.000 0.000 0.000 0.000 0.000 0.000 0.000
0.000 0.000 0.000 0.000 0.182 0.000 0.000 0.000 0.668 0.021 0.000 0.000 0.959 0.007 0.000 0.000 0.999 0.976 0.998 0.982 0.000 0.000 0.000 0.000 0.000 0.039 1.000 1.000 0.000 1.000 0.995 0.000 0.000 0.000 0.000 0.974 0.983 0.997 0.989 0.992 0.999 0.999 0.903 0.001 0.019 0.000 0.000 0.000 0.000
0.000 0.000 0.000 0.000 0.000 0.000 0.000 0.000 0.000 0.008 0.000 0.000 0.273 0.000 0.000 0.861 0.989 0.992 0.975 0.999 0.000 0.000 0.000 0.000 0.000 0.000 0.000 1.000 1.000 0.000 1.000 0.971 0.001 0.018 0.884 0.989 0.998 0.976 0.000 0.000 0.000 0.136 0.000 0.000 0.000 0.000 0.000 0.000 0.000
0.000 0.000 0.000 0.000 0.000 0.000 0.000 0.000 0.000 0.000 0.000 0.000 0.000 0.000 0.024 0.811 0.999 0.925 0.000 0.001 0.000 0.000 0.000 0.000 0.000 0.000 0.000 0.000 0.995 1.000 0.000 0.983 0.993 0.975 0.969 0.997 0.931 0.773 0.000 0.000 0.000 0.012 0.000 0.000 0.022 0.005 0.000 0.000 0.000
0.000 0.000 0.000 0.000 0.000 0.000 0.000 0.000 0.000 0.054 0.000 0.000 0.009 0.053 0.401 0.985 0.984 0.714 0.002 0.108 0.000 0.000 0.000 0.000 0.000 0.000 0.000 0.000 0.000 0.971 0.983 0.000 1.000 0.949 0.967 0.229 0.001 0.000 0.000 0.000 0.000 0.000 0.000 0.000 0.001 0.005 0.000 0.000 0.000
0.000 0.000 0.000 0.000 0.000 0.000 0.000 0.000 0.000 0.000 0.000 0.000 0.000 0.046 0.247 0.731 0.301 0.000 0.000 0.000 0.000 0.000 0.000 0.000 0.000 0.000 0.000 0.000 0.000 0.001 0.993 1.000 0.000 0.986 0.990 0.096 0.000 0.000 0.000 0.000 0.000 0.000 0.000 0.000 0.002 0.024 0.000 0.000 0.001
0.000 0.000 0.000 0.000 0.000 0.000 0.000 0.000 0.000 0.000 0.000 0.000 0.000 0.000 0.000 0.000 0.112 0.000 0.000 0.000 0.000 0.000 0.000 0.000 0.000 0.000 0.000 0.000 0.000 0.018 0.975 0.949 0.986 0.000 1.000 0.999 0.009 0.010 0.000 0.000 0.000 0.000 0.000 0.000 0.001 0.000 0.000 0.000 0.000
0.000 0.000 0.000 0.000 0.000 0.000 0.000 0.000 0.000 0.000 0.000 0.000 0.000 0.000 0.000 0.042 0.010 0.141 0.000 0.187 0.000 0.000 0.000 0.000 0.000 0.000 0.000 0.001 0.000 0.884 0.969 0.967 0.990 1.000 0.000 0.994 0.968 0.000 0.000 0.000 0.000 0.000 0.000 0.000 0.000 0.000 0.000 0.000 0.000
0.000 0.000 0.000 0.000 0.000 0.000 0.000 0.000 0.000 0.000 0.000 0.000 0.000 0.000 0.000 0.000 0.665 0.000 0.000 0.000 0.000 0.000 0.000 0.000 0.000 0.000 0.000 0.013 0.974 0.989 0.997 0.229 0.096 0.999 0.994 0.000 1.000 0.971 0.000 0.000 0.000 0.000 0.000 0.000 0.001 0.000 0.000 0.000 0.000
0.000 0.000 0.000 0.000 0.000 0.000 0.000 0.000 0.000 0.000 0.000 0.000 0.000 0.000 0.000 0.000 0.565 0.000 0.000 0.097 0.000 0.000 0.000 0.000 0.000 0.000 0.000 1.000 0.983 0.998 0.931 0.001 0.000 0.009 0.968 1.000 0.000 0.991 0.989 0.000 0.000 0.000 0.000 0.000 0.001 0.000 0.000 0.000 0.000
0.000 0.000 0.000 0.000 0.000 0.000 0.000 0.000 0.000 0.000 0.000 0.000 0.000 0.000 0.000 0.000 0.975 0.000 0.000 0.000 0.000 0.000 0.000 0.000 0.000 0.000 0.349 0.998 0.997 0.976 0.773 0.000 0.000 0.010 0.000 0.971 0.991 0.000 1.000 1.000 0.403 0.780 0.000 0.000 0.552 0.000 0.000 0.000 0.000
0.000 0.000 0.000 0.000 0.000 0.000 0.000 0.000 0.000 0.000 0.000 0.000 0.000 0.000 0.000 0.000 0.000 0.000 0.000 0.003 0.154 0.945 0.280 0.762 0.010 0.989 0.995 0.995 0.989 0.000 0.000 0.000 0.000 0.000 0.000 0.000 0.989 1.000 0.000 1.000 0.942 0.003 0.000 0.000 0.030 0.000 0.000 0.000 0.000
0.000 0.000 0.000 0.000 0.000 0.000 0.000 0.000 0.000 0.000 0.000 0.000 0.000 0.000 0.000 0.000 0.446 0.000 0.000 0.000 0.000 0.000 0.000 0.000 0.000 0.236 0.018 0.407 0.992 0.000 0.000 0.000 0.000 0.000 0.000 0.000 0.000 1.000 1.000 0.000 0.980 0.964 0.001 0.436 0.836 0.035 0.000 0.000 0.000
0.000 0.000 0.000 0.000 0.000 0.000 0.000 0.000 0.265 0.000 0.000 0.000 0.881 0.122 0.000 0.000 0.019 0.000 0.003 0.000 0.000 0.000 0.000 0.000 0.000 0.014 0.242 0.000 0.999 0.000 0.000 0.000 0.000 0.000 0.000 0.000 0.000 0.403 0.942 0.980 0.000 1.000 0.999 0.999 0.987 0.188 0.000 0.000 0.000
0.000 0.000 0.000 0.000 0.000 0.000 0.000 0.000 0.000 0.000 0.000 0.002 0.952 0.949 0.000 0.000 1.000 0.336 0.129 0.000 0.000 0.000 0.000 0.000 0.000 0.000 0.000 0.000 0.999 0.136 0.012 0.000 0.000 0.000 0.000 0.000 0.000 0.780 0.003 0.964 1.000 0.000 0.987 0.991 0.994 0.749 0.056 0.018 0.000
0.000 0.000 0.000 0.000 0.156 0.001 0.000 0.065 0.996 0.026 0.002 0.949 0.998 0.992 0.000 0.000 0.007 0.000 0.501 0.000 0.004 0.000 0.000 0.000 0.000 0.000 0.204 0.000 0.903 0.000 0.000 0.000 0.000 0.000 0.000 0.000 0.000 0.000 0.000 0.001 0.999 0.987 0.000 0.993 0.947 0.804 0.390 0.393 0.021
0.000 0.000 0.000 0.000 0.000 0.000 0.000 0.000 0.000 0.000 0.000 0.001 0.000 0.003 0.000 0.000 0.000 0.000 0.000 0.000 0.000 0.000 0.000 0.000 0.000 0.000 0.000 0.000 0.001 0.000 0.000 0.000 0.000 0.000 0.000 0.000 0.000 0.000 0.000 0.436 0.999 0.991 0.993 0.000 0.996 0.984 0.048 0.002 0.001
0.000 0.000 0.000 0.000 0.000 0.000 0.000 0.000 0.000 0.000 0.000 0.000 0.000 0.131 0.000 0.000 0.481 0.000 0.000 0.000 0.000 0.000 0.000 0.000 0.000 0.000 0.000 0.000 0.019 0.000 0.022 0.001 0.002 0.001 0.000 0.001 0.001 0.552 0.030 0.836 0.987 0.994 0.947 0.996 0.000 0.992 0.908 0.036 0.000
0.000 0.000 0.000 0.000 0.000 0.000 0.000 0.000 0.000 0.000 0.000 0.007 0.012 0.689 0.220 0.001 0.590 0.000 0.000 0.000 0.000 0.000 0.000 0.000 0.000 0.000 0.000 0.000 0.000 0.000 0.005 0.005 0.024 0.000 0.000 0.000 0.000 0.000 0.000 0.035 0.188 0.749 0.804 0.984 0.992 0.000 0.991 0.944 0.173
0.000 0.000 0.000 0.000 0.000 0.000 0.000 0.000 0.000 0.000 0.000 0.001 0.005 0.513 0.137 0.000 0.011 0.000 0.000 0.000 0.000 0.000 0.000 0.000 0.000 0.000 0.000 0.000 0.000 0.000 0.000 0.000 0.000 0.000 0.000 0.000 0.000 0.000 0.000 0.000 0.000 0.056 0.390 0.048 0.908 0.991 0.000 0.991 0.970
0.006 0.000 0.000 0.000 0.000 0.000 0.000 0.000 0.000 0.000 0.039 0.401 0.399 0.520 0.385 0.000 0.001 0.000 0.000 0.000 0.000 0.000 0.000 0.000 0.000 0.000 0.000 0.000 0.000 0.000 0.000 0.000 0.000 0.000 0.000 0.000 0.000 0.000 0.000 0.000 0.000 0.018 0.393 0.002 0.036 0.944 0.991 0.000 0.997
0.062 0.030 0.007 0.000 0.000 0.000 0.000 0.000 0.000 0.001 0.103 0.159 0.189 0.344 0.324 0.007 0.015 0.000 0.000 0.000 0.000 0.000 0.001 0.000 0.000 0.001 0.000 0.000 0.000 0.000 0.000 0.000 0.001 0.000 0.000 0.000 0.000 0.000 0.000 0.000 0.000 0.000 0.021 0.001 0.000 0.173 0.970 0.997 0.000
