0.000 0.979 0.850 0.127 0.065 0.031 0.311 0.020 0.000 0.005 0.044 0.071 0.076 0.003 0.029 0.000 0.010 0.003 0.028 0.000 0.070 0.046 0.000 0.000 0.000 0.005 0.000 0.044 0.006 0.016 0.001 0.003 0.032 0.153
0.979 0.000 0.980 0.854 0.353 0.010 0.260 0.001 0.000 0.000 0.014 0.013 0.064 0.007 0.091 0.000 0.000 0.001 0.001 0.009 0.123 0.299 0.003 0.000 0.003 0.001 0.002 0.119 0.030 0.001 0.003 0.002 0.044 0.130
0.850 0.980 0.000 0.985 0.930 0.039 0.383 0.000 0.000 0.000 0.000 0.000 0.007 0.000 0.008 0.000 0.000 0.000 0.000 0.000 0.096 0.045 0.000 0.000 0.000 0.000 0.000 0.000 0.000 0.006 0.000 0.000 0.147 0.114
0.127 0.854 0.985 0.000 0.994 0.995 0.882 0.013 0.000 0.000 0.000 0.000 0.000 0.000 0.000 0.000 0.000 0.007 0.000 0.000 0.928 0.129 0.000 0.000 0.000 0.000 0.000 0.000 0.000 0.345 0.008 0.001 0.205 0.094
0.065 0.353 0.930 0.994 0.000 1.000 0.965 0.000 0.000 0.000 0.000 0.000 0.000 0.000 0.000 0.000 0.000 0.000 0.985 0.999 0.994 1.000 0.514 0.000 0.000 0.000 0.000 0.000 0.000 0.132 0.109 0.005 0.255 0.176
0.031 0.010 0.039 0.995 1.000 0.000 0.994 0.842 0.000 0.000 0.000 0.000 0.000 0.000 0.000 0.000 0.066 0.992 0.994 1.000 0.996 0.010 0.501 0.000 0.998 0.997 0.999 0.003 0.316 0.767 0.969 0.095 0.333 0.100
0.311 0.260 0.383 0.882 0.965 0.994 0.000 0.978 0.966 0.001 0.000 0.000 0.000 0.000 0.000 0.000 0.961 1.000 1.000 0.966 0.986 0.001 0.000 0.000 0.000 0.000 0.000 0.000 0.000 0.356 0.046 0.000 0.000 0.000
0.020 0.001 0.000 0.013 0.000 0.842 0.978 0.000 1.000 0.955 0.000 0.000 0.000 0.000 0.000 0.952 0.999 0.994 0.946 0.000 0.000 0.000 0.000 0.000 0.000 0.000 0.000 0.001 0.000 0.336 0.004 0.000 0.000 0.000
0.000 0.000 0.000 0.000 0.000 0.000 0.966 1.000 0.000 0.973 0.923 0.000 0.000 0.000 0.908 0.962 1.000 0.965 0.965 0.000 0.000 0.000 0.000 0.000 0.000 0.009 0.000 0.000 0.000 0.000 0.000 0.000 0.000 0.000
0.005 0.000 0.000 0.000 0.000 0.000 0.001 0.955 0.973 0.000 0.999 0.950 0.037 0.983 0.999 0.994 0.971 0.000 0.001 0.000 0.000 0.000 0.000 0.000 0.000 0.000 0.000 0.015 0.000 0.000 0.000 0.000 0.000 0.003
0.044 0.014 0.000 0.000 0.000 0.000 0.000 0.000 0.923 0.999 0.000 0.996 0.947 0.953 0.987 0.921 0.956 0.000 0.000 0.000 0.000 0.000 0.000 0.000 0.000 0.000 0.000 0.794 0.000 0.000 0.000 0.000 0.000 0.002
0.071 0.013 0.000 0.000 0.000 0.000 0.000 0.000 0.000 0.950 0.996 0.000 0.999 0.970 0.753 0.000 0.327 0.000 0.000 0.000 0.000 0.000 0.000 0.000 0.000 0.000 0.000 0.027 0.000 0.000 0.000 0.000 0.000 0.046
0.076 0.064 0.007 0.000 0.000 0.000 0.000 0.000 0.000 0.037 0.947 0.999 0.000 0.968 0.972 0.000 0.000 0.000 0.000 0.000 0.000 0.000 0.000 0.000 0.000 0.000 0.000 0.212 0.000 0.000 0.000 0.000 0.000 0.032
0.003 0.007 0.000 0.000 0.000 0.000 0.000 0.000 0.000 0.983 0.953 0.970 0.968 0.000 0.992 0.902 0.000 0.000 0.000 0.000 0.000 0.000 0.000 0.000 0.000 0.000 0.000 0.001 0.000 0.000 0.000 0.000 0.000 0.015
0.029 0.091 0.008 0.000 0.000 0.000 0.000 0.000 0.908 0.999 0.987 0.753 0.972 0.992 0.000 0.987 0.915 0.000 0.000 0.000 0.000 0.000 0.000 0.000 0.000 0.000 0.000 0.838 0.000 0.000 0.000 0.000 0.000 0.001
0.000 0.000 0.000 0.000 0.000 0.000 0.000 0.952 0.962 0.994 0.921 0.000 0.000 0.902 0.987 0.000 0.963 0.896 0.000 0.000 0.000 0.000 0.000 0.000 0.000 0.000 0.018 0.926 0.029 0.044 0.000 0.000 0.000 0.000
0.010 0.000 0.000 0.000 0.000 0.066 0.961 0.999 1.000 0.971 0.956 0.327 0.000 0.000 0.915 0.963 0.000 0.999 0.998 0.011 0.000 0.000 0.000 0.010 0.083 0.953 0.960 0.991 0.412 0.000 0.000 0.000 0.000 0.000
0.003 0.001 0.000 0.007 0.000 0.992 1.000 0.994 0.965 0.000 0.000 0.000 0.000 0.000 0.000 0.896 0.999 0.000 0.999 0.971 0.000 0.000 0.000 0.000 0.947 0.988 0.999 0.995 0.984 0.984 0.463 0.000 0.001 0.002
0.028 0.001 0.000 0.000 0.985 0.994 1.000 0.946 0.965 0.001 0.000 0.000 0.000 0.000 0.000 0.000 0.998 0.999 0.000 0.996 1.000 0.011 0.016 0.924 0.971 0.999 0.977 0.000 0.000 0.032 0.042 0.000 0.000 0.000
0.000 0.009 0.000 0.000 0.999 1.000 0.966 0.000 0.000 0.000 0.000 0.000 0.000 0.000 0.000 0.000 0.011 0.971 0.996 0.000 0.999 0.997 0.998 1.000 1.000 1.000 0.151 0.000 0.000 0.001 0.203 0.000 0.029 0.031
0.070 0.123 0.096 0.928 0.994 0.996 0.986 0.000 0.000 0.000 0.000 0.000 0.000 0.000 0.000 0.000 0.000 0.000 1.000 0.999 0.000 0.991 0.965 0.991 0.017 0.000 0.000 0.000 0.000 0.000 0.000 0.000 0.000 0.000
0.046 0.299 0.045 0.129 1.000 0.010 0.001 0.000 0.000 0.000 0.000 0.000 0.000 0.000 0.000 0.000 0.000 0.000 0.011 0.997 0.991 0.000 0.999 0.994 0.061 0.000 0.000 0.000 0.000 0.000 0.000 0.000 0.000 0.014
0.000 0.003 0.000 0.000 0.514 0.501 0.000 0.000 0.000 0.000 0.000 0.000 0.000 0.000 0.000 0.000 0.000 0.000 0.016 0.998 0.965 0.999 0.000 0.991 1.000 0.000 0.000 0.000 0.000 0.000 0.000 0.000 0.000 0.018
0.000 0.000 0.000 0.000 0.000 0.000 0.000 0.000 0.000 0.000 0.000 0.000 0.000 0.000 0.000 0.000 0.010 0.000 0.924 1.000 0.991 0.994 0.991 0.000 0.998 0.997 0.000 0.000 0.000 0.000 0.000 0.000 0.000 0.000
0.000 0.003 0.000 0.000 0.000 0.998 0.000 0.000 0.000 0.000 0.000 0.000 0.000 0.000 0.000 0.000 0.083 0.947 0.971 1.000 0.017 0.061 1.000 0.998 0.000 1.000 0.990 0.000 0.000 0.000 0.078 0.000 0.007 0.020
0.005 0.001 0.000 0.000 0.000 0.997 0.000 0.000 0.009 0.000 0.000 0.000 0.000 0.000 0.000 0.000 0.953 0.988 0.999 1.000 0.000 0.000 0.000 0.997 1.000 0.000 1.000 0.903 0.000 0.000 0.003 0.000 0.000 0.000
0.000 0.002 0.000 0.000 0.000 0.999 0.000 0.000 0.000 0.000 0.000 0.000 0.000 0.000 0.000 0.018 0.960 0.999 0.977 0.151 0.000 0.000 0.000 0.000 0.990 1.000 0.000 0.992 0.959 0.734 0.683 0.000 0.000 0.000
0.044 0.119 0.000 0.000 0.000 0.003 0.000 0.001 0.000 0.015 0.794 0.027 0.212 0.001 0.838 0.926 0.991 0.995 0.000 0.000 0.000 0.000 0.000 0.000 0.000 0.903 0.992 0.000 0.996 0.917 0.010 0.000 0.000 0.001
0.006 0.030 0.000 0.000 0.000 0.316 0.000 0.000 0.000 0.000 0.000 0.000 0.000 0.000 0.000 0.029 0.412 0.984 0.000 0.000 0.000 0.000 0.000 0.000 0.000 0.000 0.959 0.996 0.000 1.000 0.959 0.037 0.002 0.000
0.016 0.001 0.006 0.345 0.132 0.767 0.356 0.336 0.000 0.000 0.000 0.000 0.000 0.000 0.000 0.044 0.000 0.984 0.032 0.001 0.000 0.000 0.000 0.000 0.000 0.000 0.734 0.917 1.000 0.000 0.983 0.936 0.362 0.077
0.001 0.003 0.000 0.008 0.109 0.969 0.046 0.004 0.000 0.000 0.000 0.000 0.000 0.000 0.000 0.000 0.000 0.463 0.042 0.203 0.000 0.000 0.000 0.000 0.078 0.003 0.683 0.010 0.959 0.983 0.000 0.978 0.963 0.153
0.003 0.002 0.000 0.001 0.005 0.095 0.000 0.000 0.000 0.000 0.000 0.000 0.000 0.000 0.000 0.000 0.000 0.000 0.000 0.000 0.000 0.000 0.000 0.000 0.000 0.000 0.000 0.000 0.037 0.936 0.978 0.000 0.997 0.961
0.032 0.044 0.147 0.205 0.255 0.333 0.000 0.000 0.000 0.000 0.000 0.000 0.000 0.000 0.000 0.000 0.000 0.001 0.000 0.029 0.000 0.000 0.000 0.000 0.007 0.000 0.000 0.000 0.002 0.362 0.963 0.997 0.000 0.996
0.153 0.130 0.114 0.094 0.176 0.100 0.000 0.000 0.000 0.003 0.002 0.046 0.032 0.015 0.001 0.000 0.000 0.002 0.000 0.031 0.000 0.014 0.018 0.000 0.020 0.000 0.000 0.001 0.000 0.077 0.153 0.961 0.996 0.000
