0.000 0.980 0.935 0.022 0.000 0.027 0.000 0.000 0.000 0.000 0.017 0.011 0.142 0.060 0.033 0.000 0.001 0.000 0.000 0.000 0.000 0.000 0.017 0.057 0.000 0.041 0.000 0.000 0.000 0.000 0.000 0.000 0.005 0.002 0.000
0.980 0.000 0.995 0.901 0.064 0.101 0.000 0.000 0.000 0.000 0.016 0.002 0.020 0.009 0.017 0.000 0.000 0.000 0.000 0.000 0.002 0.003 0.340 0.478 0.005 0.098 0.000 0.000 0.000 0.000 0.000 0.000 0.013 0.014 0.000
0.935 0.995 0.000 0.994 0.958 0.020 0.003 0.000 0.000 0.000 0.008 0.008 0.055 0.033 0.030 0.002 0.000 0.000 0.000 0.000 0.336 0.051 0.658 0.560 0.001 0.057 0.000 0.000 0.000 0.000 0.000 0.000 0.009 0.005 0.000
0.022 0.901 0.994 0.000 0.996 0.928 0.478 0.000 0.000 0.000 0.000 0.000 0.002 0.001 0.004 0.000 0.000 0.000 0.000 0.001 0.691 0.001 0.871 0.718 0.012 0.357 0.000 0.027 0.000 0.000 0.000 0.060 0.029 0.212 0.027
0.000 0.064 0.958 0.996 0.000 0.995 0.965 0.000 0.000 0.000 0.000 0.000 0.000 0.000 0.000 0.000 0.000 0.000 0.000 0.000 0.892 0.204 0.954 0.509 0.000 0.005 0.000 0.000 0.000 0.000 0.000 0.011 0.013 0.580 0.028
0.027 0.101 0.020 0.928 0.995 0.000 0.998 0.998 0.013 0.003 0.000 0.000 0.000 0.000 0.000 0.000 0.000 0.000 0.000 0.538 0.896 0.535 0.840 0.030 0.000 0.000 0.000 0.000 0.000 0.000 0.002 0.011 0.403 0.858 0.904
0.000 0.000 0.003 0.478 0.965 0.998 0.000 0.997 0.972 0.015 0.000 0.000 0.000 0.000 0.000 0.000 0.000 0.027 1.000 0.995 0.991 0.577 0.141 0.478 0.000 0.999 0.999 0.996 0.000 0.001 0.003 0.995 0.300 0.938 0.995
0.000 0.000 0.000 0.000 0.000 0.998 0.997 0.000 1.000 0.989 0.000 0.000 0.000 0.000 0.000 0.000 0.000 0.902 0.944 0.978 0.961 0.731 0.002 0.000 0.000 0.000 0.000 0.000 0.000 0.000 0.000 0.214 0.000 0.000 0.957
0.000 0.000 0.000 0.000 0.000 0.013 0.972 1.000 0.000 0.990 0.951 0.000 0.000 0.000 0.000 0.000 0.955 0.942 0.992 0.957 0.000 0.000 0.000 0.000 0.000 0.000 0.000 0.000 0.000 0.000 0.166 0.002 0.000 0.000 0.988
0.000 0.000 0.000 0.000 0.000 0.003 0.015 0.989 0.990 0.000 0.979 0.933 0.001 0.000 0.000 0.898 0.968 1.000 0.977 1.000 0.109 0.463 0.000 0.000 0.000 0.000 0.009 0.000 0.000 0.000 0.000 0.000 0.000 0.000 0.002
0.017 0.016 0.008 0.000 0.000 0.000 0.000 0.000 0.951 0.979 0.000 0.996 0.942 0.198 0.956 0.965 0.982 0.972 0.000 0.000 0.000 0.000 0.000 0.000 0.000 0.000 0.000 0.000 0.038 0.000 0.000 0.000 0.000 0.000 0.000
0.011 0.002 0.008 0.000 0.000 0.000 0.000 0.000 0.000 0.933 0.996 0.000 0.996 0.991 0.980 0.995 0.979 0.987 0.000 0.000 0.000 0.000 0.000 0.000 0.000 0.000 0.000 0.000 0.942 0.000 0.000 0.000 0.000 0.000 0.000
0.142 0.020 0.055 0.002 0.000 0.000 0.000 0.000 0.000 0.001 0.942 0.996 0.000 0.983 0.969 0.635 0.000 0.080 0.000 0.000 0.000 0.000 0.004 0.000 0.000 0.001 0.000 0.000 0.001 0.000 0.000 0.000 0.000 0.000 0.000
0.060 0.009 0.033 0.001 0.000 0.000 0.000 0.000 0.000 0.000 0.198 0.991 0.983 0.000 0.995 0.990 0.000 0.000 0.000 0.000 0.000 0.000 0.000 0.001 0.000 0.000 0.000 0.000 0.239 0.000 0.000 0.000 0.000 0.000 0.000
0.033 0.017 0.030 0.004 0.000 0.000 0.000 0.000 0.000 0.000 0.956 0.980 0.969 0.995 0.000 0.974 0.894 0.000 0.000 0.000 0.000 0.000 0.000 0.000 0.000 0.000 0.000 0.000 0.000 0.000 0.000 0.000 0.000 0.000 0.000
0.000 0.000 0.002 0.000 0.000 0.000 0.000 0.000 0.000 0.898 0.965 0.995 0.635 0.990 0.974 0.000 1.000 0.973 0.000 0.000 0.000 0.000 0.000 0.000 0.000 0.000 0.000 0.000 0.929 0.000 0.000 0.000 0.000 0.000 0.000
0.001 0.000 0.000 0.000 0.000 0.000 0.000 0.000 0.955 0.968 0.982 0.979 0.000 0.000 0.894 1.000 0.000 1.000 0.987 0.000 0.000 0.000 0.000 0.000 0.000 0.000 0.000 0.165 0.998 0.046 0.031 0.000 0.000 0.000 0.003
0.000 0.000 0.000 0.000 0.000 0.000 0.027 0.902 0.942 1.000 0.972 0.987 0.080 0.000 0.000 0.973 1.000 0.000 0.999 0.996 0.001 0.000 0.000 0.000 0.000 0.034 0.999 0.999 0.994 0.361 0.000 0.000 0.000 0.000 0.001
0.000 0.000 0.000 0.000 0.000 0.000 1.000 0.944 0.992 0.977 0.000 0.000 0.000 0.000 0.000 0.000 0.987 0.999 0.000 0.989 0.919 0.000 0.000 0.000 0.000 0.978 1.000 1.000 0.991 0.996 0.994 1.000 0.000 0.000 0.981
0.000 0.000 0.000 0.001 0.000 0.538 0.995 0.978 0.957 1.000 0.000 0.000 0.000 0.000 0.000 0.000 0.000 0.996 0.989 0.000 1.000 0.998 0.007 0.005 0.996 0.998 0.987 0.964 0.001 0.000 0.000 0.338 0.000 0.000 0.082
0.000 0.002 0.336 0.691 0.892 0.896 0.991 0.961 0.000 0.109 0.000 0.000 0.000 0.000 0.000 0.000 0.000 0.001 0.919 1.000 0.000 0.967 0.986 1.000 0.999 0.990 0.927 0.029 0.000 0.000 0.000 0.006 0.000 0.000 0.000
0.000 0.003 0.051 0.001 0.204 0.535 0.577 0.731 0.000 0.463 0.000 0.000 0.000 0.000 0.000 0.000 0.000 0.000 0.000 0.998 0.967 0.000 1.000 0.959 0.955 0.449 0.000 0.000 0.000 0.000 0.000 0.000 0.000 0.000 0.000
0.017 0.340 0.658 0.871 0.954 0.840 0.141 0.002 0.000 0.000 0.000 0.000 0.004 0.000 0.000 0.000 0.000 0.000 0.000 0.007 0.986 1.000 0.000 0.984 0.969 0.095 0.000 0.000 0.000 0.000 0.000 0.000 0.000 0.000 0.000
0.057 0.478 0.560 0.718 0.509 0.030 0.478 0.000 0.000 0.000 0.000 0.000 0.000 0.001 0.000 0.000 0.000 0.000 0.000 0.005 1.000 0.959 0.984 0.000 1.000 0.993 0.000 0.000 0.000 0.000 0.000 0.000 0.000 0.000 0.000
0.000 0.005 0.001 0.012 0.000 0.000 0.000 0.000 0.000 0.000 0.000 0.000 0.000 0.000 0.000 0.000 0.000 0.000 0.000 0.996 0.999 0.955 0.969 1.000 0.000 0.973 0.904 0.000 0.000 0.000 0.000 0.000 0.000 0.000 0.000
0.041 0.098 0.057 0.357 0.005 0.000 0.999 0.000 0.000 0.000 0.000 0.000 0.001 0.000 0.000 0.000 0.000 0.034 0.978 0.998 0.990 0.449 0.095 0.993 0.973 0.000 1.000 0.990 0.000 0.000 0.000 0.002 0.000 0.000 0.000
0.000 0.000 0.000 0.000 0.000 0.000 0.999 0.000 0.000 0.009 0.000 0.000 0.000 0.000 0.000 0.000 0.000 0.999 1.000 0.987 0.927 0.000 0.000 0.000 0.904 1.000 0.000 1.000 0.973 0.000 0.000 0.001 0.000 0.000 0.000
0.000 0.000 0.000 0.027 0.000 0.000 0.996 0.000 0.000 0.000 0.000 0.000 0.000 0.000 0.000 0.000 0.165 0.999 1.000 0.964 0.029 0.000 0.000 0.000 0.000 0.990 1.000 0.000 0.995 1.000 0.851 0.986 0.596 0.023 0.000
0.000 0.000 0.000 0.000 0.000 0.000 0.000 0.000 0.000 0.000 0.038 0.942 0.001 0.239 0.000 0.929 0.998 0.994 0.991 0.001 0.000 0.000 0.000 0.000 0.000 0.000 0.973 0.995 0.000 1.000 0.934 0.054 0.000 0.000 0.000
0.000 0.000 0.000 0.000 0.000 0.000 0.001 0.000 0.000 0.000 0.000 0.000 0.000 0.000 0.000 0.000 0.046 0.361 0.996 0.000 0.000 0.000 0.000 0.000 0.000 0.000 0.000 1.000 1.000 0.000 0.982 0.977 0.001 0.000 0.000
0.000 0.000 0.000 0.000 0.000 0.002 0.003 0.000 0.166 0.000 0.000 0.000 0.000 0.000 0.000 0.000 0.031 0.000 0.994 0.000 0.000 0.000 0.000 0.000 0.000 0.000 0.000 0.851 0.934 0.982 0.000 1.000 0.982 0.011 0.979
0.000 0.000 0.000 0.060 0.011 0.011 0.995 0.214 0.002 0.000 0.000 0.000 0.000 0.000 0.000 0.000 0.000 0.000 1.000 0.338 0.006 0.000 0.000 0.000 0.000 0.002 0.001 0.986 0.054 0.977 1.000 0.000 0.994 0.994 0.985
0.005 0.013 0.009 0.029 0.013 0.403 0.300 0.000 0.000 0.000 0.000 0.000 0.000 0.000 0.000 0.000 0.000 0.000 0.000 0.000 0.000 0.000 0.000 0.000 0.000 0.000 0.000 0.596 0.000 0.001 0.982 0.994 0.000 0.988 0.979
0.002 0.014 0.005 0.212 0.580 0.858 0.938 0.000 0.000 0.000 0.000 0.000 0.000 0.000 0.000 0.000 0.000 0.000 0.000 0.000 0.000 0.000 0.000 0.000 0.000 0.000 0.000 0.023 0.000 0.000 0.011 0.994 0.988 0.000 1.000
0.000 0.000 0.000 0.027 0.028 0.904 0.995 0.957 0.988 0.002 0.000 0.000 0.000 0.000 0.000 0.000 0.003 0.001 0.981 0.082 0.000 0.000 0.000 0.000 0.000 0.000 0.000 0.000 0.000 0.000 0.979 0.985 0.979 1.000 0.000
