0.000 0.977 0.932 0.022 0.000 0.000 0.000 0.008 0.000 0.000 0.000 0.000 0.000 0.000 0.000 0.000 0.000 0.000 0.000 0.000 0.000 0.000 0.000 0.000 0.000 0.000 0.000 0.000 0.000 0.000 0.000 0.415 0.978 0.933 0.878
0.977 0.000 0.998 0.890 0.006 0.979 0.966 0.981 0.000 0.000 0.000 0.000 0.000 0.000 0.000 0.000 0.000 0.000 0.953 0.158 0.000 0.014 0.000 0.000 0.000 0.000 0.000 0.000 0.000 0.000 0.256 0.994 0.998 0.831 0.000
0.932 0.998 0.000 0.989 0.924 0.984 0.001 0.000 0.000 0.000 0.000 0.000 0.000 0.000 0.000 0.000 0.000 0.000 0.019 0.000 0.000 0.025 0.072 0.000 0.000 0.000 0.000 0.000 0.000 0.000 0.002 0.980 0.963 0.884 0.000
0.022 0.890 0.989 0.000 0.981 0.972 0.000 0.000 0.000 0.000 0.000 0.000 0.000 0.000 0.000 0.000 0.000 0.000 0.000 0.000 0.038 0.198 0.187 0.000 0.000 0.000 0.000 0.000 0.000 0.000 0.000 0.000 0.000 0.098 0.000
0.000 0.006 0.924 0.981 0.000 0.994 0.883 0.000 0.000 0.000 0.000 0.000 0.000 0.000 0.000 0.000 0.000 0.000 0.000 0.828 0.851 0.996 0.802 0.000 0.038 0.000 0.000 0.000 0.000 0.000 0.000 0.000 0.000 0.000 0.000
0.000 0.979 0.984 0.972 0.994 0.000 1.000 0.940 0.000 0.000 0.000 0.000 0.000 0.000 0.000 0.000 0.000 0.000 0.997 0.998 0.998 0.974 0.250 0.065 0.024 0.737 0.510 0.981 0.000 0.347 0.012 0.993 0.000 0.000 0.000
0.000 0.966 0.001 0.000 0.883 1.000 0.000 0.996 0.944 0.000 0.000 0.000 0.000 0.000 0.000 0.000 0.000 0.930 0.995 0.998 0.942 0.868 0.000 0.000 0.717 0.000 0.000 0.000 0.000 0.000 0.000 0.197 0.000 0.000 0.000
0.008 0.981 0.000 0.000 0.000 0.940 0.996 0.000 0.985 0.952 0.000 0.000 0.000 0.000 0.000 0.000 0.990 0.971 0.999 0.966 0.000 0.016 0.000 0.000 0.000 0.000 0.000 0.000 0.000 0.000 0.018 0.136 0.965 0.000 0.000
0.000 0.000 0.000 0.000 0.000 0.000 0.944 0.985 0.000 0.999 0.932 0.017 0.000 0.000 0.000 0.933 0.989 0.997 0.983 0.879 0.000 0.000 0.000 0.000 0.013 0.000 0.038 0.000 0.000 0.000 0.000 0.000 0.000 0.000 0.000
0.000 0.000 0.000 0.000 0.000 0.000 0.000 0.952 0.999 0.000 0.989 0.990 0.014 0.014 0.900 0.967 0.981 0.958 0.000 0.000 0.000 0.000 0.000 0.000 0.000 0.000 0.000 0.000 0.010 0.000 0.000 0.000 0.020 0.000 0.000
0.000 0.000 0.000 0.000 0.000 0.000 0.000 0.000 0.932 0.989 0.000 0.971 0.974 0.965 0.939 1.000 0.916 0.990 0.000 0.000 0.000 0.000 0.000 0.000 0.000 0.000 0.000 0.000 0.630 0.000 0.000 0.000 0.000 0.000 0.000
0.000 0.000 0.000 0.000 0.000 0.000 0.000 0.000 0.017 0.990 0.971 0.000 0.984 0.890 0.947 0.562 0.001 0.484 0.000 0.000 0.000 0.000 0.000 0.000 0.000 0.000 0.000 0.000 0.000 0.000 0.000 0.000 0.000 0.000 0.000
0.000 0.000 0.000 0.000 0.000 0.000 0.000 0.000 0.000 0.014 0.974 0.984 0.000 0.999 0.936 0.150 0.000 0.000 0.000 0.000 0.000 0.000 0.000 0.000 0.000 0.000 0.000 0.000 0.003 0.000 0.000 0.000 0.000 0.000 0.000
0.000 0.000 0.000 0.000 0.000 0.000 0.000 0.000 0.000 0.014 0.965 0.890 0.999 0.000 0.977 0.994 0.000 0.005 0.000 0.000 0.000 0.000 0.000 0.000 0.000 0.000 0.000 0.000 0.095 0.000 0.000 0.000 0.000 0.000 0.000
0.000 0.000 0.000 0.000 0.000 0.000 0.000 0.000 0.000 0.900 0.939 0.947 0.936 0.977 0.000 0.958 0.793 0.000 0.000 0.000 0.000 0.000 0.000 0.000 0.000 0.000 0.000 0.000 0.000 0.000 0.000 0.000 0.000 0.000 0.000
0.000 0.000 0.000 0.000 0.000 0.000 0.000 0.000 0.933 0.967 1.000 0.562 0.150 0.994 0.958 0.000 0.993 0.996 0.001 0.000 0.000 0.000 0.000 0.000 0.000 0.000 0.010 0.004 0.990 0.000 0.000 0.000 0.000 0.000 0.000
0.000 0.000 0.000 0.000 0.000 0.000 0.000 0.990 0.989 0.981 0.916 0.001 0.000 0.000 0.793 0.993 0.000 0.989 0.999 0.000 0.000 0.000 0.000 0.000 0.000 0.000 0.000 0.153 0.933 0.002 0.421 0.003 0.885 0.000 0.000
0.000 0.000 0.000 0.000 0.000 0.000 0.930 0.971 0.997 0.958 0.990 0.484 0.000 0.005 0.000 0.996 0.989 0.000 0.998 1.000 0.000 0.000 0.000 0.000 0.021 0.000 0.997 0.996 0.955 0.094 0.003 0.001 0.000 0.000 0.000
0.000 0.953 0.019 0.000 0.000 0.997 0.995 0.999 0.983 0.000 0.000 0.000 0.000 0.000 0.000 0.001 0.999 0.998 0.000 1.000 0.925 0.000 0.000 0.000 0.000 0.925 0.964 0.998 0.954 0.942 0.968 0.993 0.980 0.000 0.000
0.000 0.158 0.000 0.000 0.828 0.998 0.998 0.966 0.879 0.000 0.000 0.000 0.000 0.000 0.000 0.000 0.000 1.000 1.000 0.000 0.987 0.945 0.002 0.038 0.944 0.976 0.998 0.995 0.000 0.000 0.000 0.160 0.000 0.000 0.000
0.000 0.000 0.000 0.038 0.851 0.998 0.942 0.000 0.000 0.000 0.000 0.000 0.000 0.000 0.000 0.000 0.000 0.000 0.925 0.987 0.000 0.990 0.976 0.994 0.963 0.991 0.889 0.718 0.000 0.000 0.000 0.002 0.000 0.000 0.000
0.000 0.014 0.025 0.198 0.996 0.974 0.868 0.016 0.000 0.000 0.000 0.000 0.000 0.000 0.000 0.000 0.000 0.000 0.000 0.945 0.990 0.000 0.990 0.958 0.972 0.157 0.000 0.000 0.000 0.000 0.000 0.000 0.000 0.000 0.000
0.000 0.000 0.072 0.187 0.802 0.250 0.000 0.000 0.000 0.000 0.000 0.000 0.000 0.000 0.000 0.000 0.000 0.000 0.000 0.002 0.976 0.990 0.000 0.987 0.962 0.104 0.000 0.000 0.000 0.000 0.000 0.000 0.000 0.000 0.000
0.000 0.000 0.000 0.000 0.000 0.065 0.000 0.000 0.000 0.000 0.000 0.000 0.000 0.000 0.000 0.000 0.000 0.000 0.000 0.038 0.994 0.958 0.987 0.000 0.990 0.994 0.001 0.001 0.000 0.000 0.000 0.000 0.000 0.000 0.000
0.000 0.000 0.000 0.000 0.038 0.024 0.717 0.000 0.013 0.000 0.000 0.000 0.000 0.000 0.000 0.000 0.000 0.021 0.000 0.944 0.963 0.972 0.962 0.990 0.000 0.995 0.952 0.000 0.000 0.000 0.000 0.000 0.000 0.000 0.000
0.000 0.000 0.000 0.000 0.000 0.737 0.000 0.000 0.000 0.000 0.000 0.000 0.000 0.000 0.000 0.000 0.000 0.000 0.925 0.976 0.991 0.157 0.104 0.994 0.995 0.000 0.996 0.971 0.005 0.020 0.000 0.001 0.000 0.000 0.000
0.000 0.000 0.000 0.000 0.000 0.510 0.000 0.000 0.038 0.000 0.000 0.000 0.000 0.000 0.000 0.010 0.000 0.997 0.964 0.998 0.889 0.000 0.000 0.001 0.952 0.996 0.000 0.981 0.934 0.000 0.000 0.000 0.000 0.000 0.000
0.000 0.000 0.000 0.000 0.000 0.981 0.000 0.000 0.000 0.000 0.000 0.000 0.000 0.000 0.000 0.004 0.153 0.996 0.998 0.995 0.718 0.000 0.000 0.001 0.000 0.971 0.981 0.000 0.997 0.983 0.511 0.898 0.000 0.000 0.000
0.000 0.000 0.000 0.000 0.000 0.000 0.000 0.000 0.000 0.010 0.630 0.000 0.003 0.095 0.000 0.990 0.933 0.955 0.954 0.000 0.000 0.000 0.000 0.000 0.000 0.005 0.934 0.997 0.000 0.995 0.932 0.106 0.000 0.000 0.000
0.000 0.000 0.000 0.000 0.000 0.347 0.000 0.000 0.000 0.000 0.000 0.000 0.000 0.000 0.000 0.000 0.002 0.094 0.942 0.000 0.000 0.000 0.000 0.000 0.000 0.020 0.000 0.983 0.995 0.000 0.982 0.940 0.000 0.025 0.000
0.000 0.256 0.002 0.000 0.000 0.012 0.000 0.018 0.000 0.000 0.000 0.000 0.000 0.000 0.000 0.000 0.421 0.003 0.968 0.000 0.000 0.000 0.000 0.000 0.000 0.000 0.000 0.511 0.932 0.982 0.000 0.992 1.000 0.046 0.002
0.415 0.994 0.980 0.000 0.000 0.993 0.197 0.136 0.000 0.000 0.000 0.000 0.000 0.000 0.000 0.000 0.003 0.001 0.993 0.160 0.002 0.000 0.000 0.000 0.000 0.001 0.000 0.898 0.106 0.940 0.992 0.000 0.987 0.934 0.004
0.978 0.998 0.963 0.000 0.000 0.000 0.000 0.965 0.000 0.020 0.000 0.000 0.000 0.000 0.000 0.000 0.885 0.000 0.980 0.000 0.000 0.000 0.000 0.000 0.000 0.000 0.000 0.000 0.000 0.000 1.000 0.987 0.000 0.983 0.864
0.933 0.831 0.884 0.098 0.000 0.000 0.000 0.000 0.000 0.000 0.000 0.000 0.000 0.000 0.000 0.000 0.000 0.000 0.000 0.000 0.000 0.000 0.000 0.000 0.000 0.000 0.000 0.000 0.000 0.025 0.046 0.934 0.983 0.000 0.993
0.878 0.000 0.000 0.000 0.000 0.000 0.000 0.000 0.000 0.000 0.000 0.000 0.000 0.000 0.000 0.000 0.000 0.000 0.000 0.000 0.000 0.000 0.000 0.000 0.000 0.000 0.000 0.000 0.000 0.000 0.002 0.004 0.864 0.993 0.000
