0.000 0.979 0.910 0.021 0.000 0.000 0.000 0.035 0.000 0.000 0.000 0.000 0.000 0.000 0.000 0.000 0.000 0.000 0.005 0.000 0.000 0.000 0.000 0.000 0.000 0.000 0.000 0.000 0.000 0.000 0.622 0.052 0.102 0.363 0.266
0.979 0.000 1.000 0.965 0.004 0.943 0.817 0.856 0.001 0.000 0.000 0.000 0.000 0.000 0.000 0.000 0.003 0.001 0.908 0.139 0.000 0.009 0.000 0.000 0.000 0.000 0.000 0.000 0.000 0.000 0.908 0.981 0.286 0.372 0.262
0.910 1.000 0.000 0.997 0.954 0.997 0.000 0.000 0.000 0.000 0.000 0.000 0.000 0.000 0.000 0.000 0.000 0.000 0.014 0.000 0.215 0.002 0.001 0.009 0.000 0.000 0.000 0.000 0.000 0.000 0.436 0.981 0.960 0.953 0.904
0.021 0.965 0.997 0.000 0.975 0.986 0.000 0.000 0.000 0.000 0.000 0.000 0.003 0.000 0.000 0.000 0.000 0.000 0.000 0.000 0.716 0.070 0.338 0.046 0.000 0.000 0.000 0.000 0.000 0.000 0.000 0.000 0.019 0.391 0.765
0.000 0.004 0.954 0.975 0.000 1.000 0.980 0.000 0.000 0.000 0.000 0.000 0.000 0.000 0.000 0.000 0.000 0.000 0.000 0.970 0.994 0.985 0.960 0.151 0.000 0.000 0.000 0.000 0.000 0.000 0.000 0.000 0.000 0.000 0.074
0.000 0.943 0.997 0.986 1.000 0.000 0.997 0.938 0.000 0.000 0.000 0.000 0.000 0.000 0.000 0.000 0.000 0.001 0.972 0.996 1.000 0.932 0.040 0.212 0.000 0.984 0.973 0.987 0.000 0.010 0.001 0.996 0.361 0.063 0.374
0.000 0.817 0.000 0.000 0.980 0.997 0.000 0.997 1.000 0.000 0.000 0.000 0.000 0.000 0.000 0.000 0.000 0.929 0.979 0.997 0.979 0.885 0.000 0.000 0.000 0.000 0.000 0.000 0.000 0.000 0.000 0.223 0.000 0.000 0.000
0.035 0.856 0.000 0.000 0.000 0.938 0.997 0.000 0.993 0.990 0.000 0.000 0.000 0.000 0.000 0.000 0.997 0.980 0.998 0.967 0.000 0.005 0.000 0.000 0.000 0.000 0.000 0.000 0.000 0.000 0.388 0.006 0.000 0.000 0.000
0.000 0.001 0.000 0.000 0.000 0.000 1.000 0.993 0.000 0.995 0.974 0.012 0.000 0.000 0.000 0.924 0.960 1.000 0.985 0.989 0.006 0.538 0.000 0.000 0.083 0.000 0.075 0.000 0.000 0.000 0.000 0.000 0.000 0.000 0.000
0.000 0.000 0.000 0.000 0.000 0.000 0.000 0.990 0.995 0.000 0.999 0.985 0.003 0.022 0.944 0.968 0.989 0.996 0.000 0.000 0.000 0.000 0.000 0.000 0.000 0.000 0.000 0.000 0.025 0.000 0.000 0.000 0.000 0.000 0.000
0.000 0.000 0.000 0.000 0.000 0.000 0.000 0.000 0.974 0.999 0.000 0.999 0.991 0.988 0.981 0.977 0.953 0.988 0.000 0.000 0.000 0.000 0.000 0.000 0.000 0.000 0.000 0.000 0.671 0.000 0.000 0.000 0.000 0.000 0.000
0.000 0.000 0.000 0.000 0.000 0.000 0.000 0.000 0.012 0.985 0.999 0.000 0.991 0.961 0.956 0.029 0.000 0.772 0.000 0.000 0.000 0.000 0.000 0.000 0.000 0.000 0.000 0.000 0.001 0.000 0.000 0.000 0.000 0.000 0.000
0.000 0.000 0.000 0.003 0.000 0.000 0.000 0.000 0.000 0.003 0.991 0.991 0.000 1.000 0.989 0.046 0.000 0.005 0.000 0.000 0.000 0.000 0.000 0.000 0.000 0.000 0.000 0.000 0.030 0.000 0.000 0.000 0.000 0.001 0.023
0.000 0.000 0.000 0.000 0.000 0.000 0.000 0.000 0.000 0.022 0.988 0.961 1.000 0.000 0.999 0.984 0.000 0.002 0.000 0.000 0.000 0.000 0.000 0.000 0.000 0.000 0.000 0.000 0.267 0.000 0.000 0.000 0.000 0.000 0.001
0.000 0.000 0.000 0.000 0.000 0.000 0.000 0.000 0.000 0.944 0.981 0.956 0.989 0.999 0.000 0.998 0.955 0.000 0.000 0.000 0.000 0.000 0.000 0.000 0.000 0.000 0.000 0.000 0.002 0.000 0.000 0.000 0.000 0.000 0.000
0.000 0.000 0.000 0.000 0.000 0.000 0.000 0.000 0.924 0.968 0.977 0.029 0.046 0.984 0.998 0.000 0.999 0.977 0.001 0.000 0.000 0.000 0.000 0.000 0.000 0.000 0.000 0.000 0.963 0.000 0.001 0.000 0.000 0.000 0.000
0.000 0.003 0.000 0.000 0.000 0.000 0.000 0.997 0.960 0.989 0.953 0.000 0.000 0.000 0.955 0.999 0.000 0.988 0.991 0.000 0.000 0.000 0.000 0.000 0.000 0.000 0.000 0.138 0.993 0.067 0.142 0.000 0.000 0.000 0.000
0.000 0.001 0.000 0.000 0.000 0.001 0.929 0.980 1.000 0.996 0.988 0.772 0.005 0.002 0.000 0.977 0.988 0.000 1.000 0.987 0.000 0.000 0.000 0.000 0.000 0.000 0.998 0.990 0.986 0.383 0.001 0.000 0.000 0.000 0.000
0.005 0.908 0.014 0.000 0.000 0.972 0.979 0.998 0.985 0.000 0.000 0.000 0.000 0.000 0.000 0.001 0.991 1.000 0.000 0.994 0.909 0.000 0.000 0.000 0.000 0.921 0.998 1.000 0.987 0.959 0.974 0.980 0.000 0.000 0.000
0.000 0.139 0.000 0.000 0.970 0.996 0.997 0.967 0.989 0.000 0.000 0.000 0.000 0.000 0.000 0.000 0.000 0.987 0.994 0.000 0.999 0.975 0.000 0.001 0.730 0.987 0.999 0.956 0.001 0.000 0.000 0.122 0.000 0.000 0.000
0.000 0.000 0.215 0.716 0.994 1.000 0.979 0.000 0.006 0.000 0.000 0.000 0.000 0.000 0.000 0.000 0.000 0.000 0.909 0.999 0.000 0.999 0.988 0.993 0.981 0.999 0.958 0.164 0.000 0.000 0.000 0.067 0.000 0.000 0.128
0.000 0.009 0.002 0.070 0.985 0.932 0.885 0.005 0.538 0.000 0.000 0.000 0.000 0.000 0.000 0.000 0.000 0.000 0.000 0.975 0.999 0.000 0.998 0.983 0.992 0.298 0.000 0.000 0.000 0.000 0.000 0.000 0.000 0.000 0.000
0.000 0.000 0.001 0.338 0.960 0.040 0.000 0.000 0.000 0.000 0.000 0.000 0.000 0.000 0.000 0.000 0.000 0.000 0.000 0.000 0.988 0.998 0.000 1.000 0.991 0.101 0.000 0.000 0.000 0.000 0.000 0.000 0.000 0.000 0.023
0.000 0.000 0.009 0.046 0.151 0.212 0.000 0.000 0.000 0.000 0.000 0.000 0.000 0.000 0.000 0.000 0.000 0.000 0.000 0.001 0.993 0.983 1.000 0.000 0.995 0.987 0.000 0.000 0.000 0.000 0.000 0.000 0.000 0.000 0.047
0.000 0.000 0.000 0.000 0.000 0.000 0.000 0.000 0.083 0.000 0.000 0.000 0.000 0.000 0.000 0.000 0.000 0.000 0.000 0.730 0.981 0.992 0.991 0.995 0.000 0.993 0.946 0.000 0.000 0.000 0.000 0.000 0.000 0.000 0.000
0.000 0.000 0.000 0.000 0.000 0.984 0.000 0.000 0.000 0.000 0.000 0.000 0.000 0.000 0.000 0.000 0.000 0.000 0.921 0.987 0.999 0.298 0.101 0.987 0.993 0.000 0.991 0.937 0.001 0.000 0.000 0.001 0.000 0.000 0.005
0.000 0.000 0.000 0.000 0.000 0.973 0.000 0.000 0.075 0.000 0.000 0.000 0.000 0.000 0.000 0.000 0.000 0.998 0.998 0.999 0.958 0.000 0.000 0.000 0.946 0.991 0.000 0.998 0.982 0.000 0.000 0.000 0.000 0.000 0.000
0.000 0.000 0.000 0.000 0.000 0.987 0.000 0.000 0.000 0.000 0.000 0.000 0.000 0.000 0.000 0.000 0.138 0.990 1.000 0.956 0.164 0.000 0.000 0.000 0.000 0.937 0.998 0.000 0.998 0.979 0.891 0.992 0.784 0.000 0.008
0.000 0.000 0.000 0.000 0.000 0.000 0.000 0.000 0.000 0.025 0.671 0.001 0.030 0.267 0.002 0.963 0.993 0.986 0.987 0.001 0.000 0.000 0.000 0.000 0.000 0.001 0.982 0.998 0.000 0.992 0.920 0.011 0.000 0.000 0.000
0.000 0.000 0.000 0.000 0.000 0.010 0.000 0.000 0.000 0.000 0.000 0.000 0.000 0.000 0.000 0.000 0.067 0.383 0.959 0.000 0.000 0.000 0.000 0.000 0.000 0.000 0.000 0.979 0.992 0.000 0.991 0.946 0.004 0.000 0.000
0.622 0.908 0.436 0.000 0.000 0.001 0.000 0.388 0.000 0.000 0.000 0.000 0.000 0.000 0.000 0.001 0.142 0.001 0.974 0.000 0.000 0.000 0.000 0.000 0.000 0.000 0.000 0.891 0.920 0.991 0.000 0.981 0.977 0.387 0.003
0.052 0.981 0.981 0.000 0.000 0.996 0.223 0.006 0.000 0.000 0.000 0.000 0.000 0.000 0.000 0.000 0.000 0.000 0.980 0.122 0.067 0.000 0.000 0.000 0.000 0.001 0.000 0.992 0.011 0.946 0.981 0.000 0.999 0.935 0.093
0.102 0.286 0.960 0.019 0.000 0.361 0.000 0.000 0.000 0.000 0.000 0.000 0.000 0.000 0.000 0.000 0.000 0.000 0.000 0.000 0.000 0.000 0.000 0.000 0.000 0.000 0.000 0.784 0.000 0.004 0.977 0.999 0.000 0.994 0.955
0.363 0.372 0.953 0.391 0.000 0.063 0.000 0.000 0.000 0.000 0.000 0.000 0.001 0.000 0.000 0.000 0.000 0.000 0.000 0.000 0.000 0.000 0.000 0.000 0.000 0.000 0.000 0.000 0.000 0.000 0.387 0.935 0.994 0.000 0.995
0.266 0.262 0.904 0.765 0.074 0.374 0.000 0.000 0.000 0.000 0.000 0.000 0.023 0.001 0.000 0.000 0.000 0.000 0.000 0.000 0.128 0.000 0.023 0.047 0.000 0.005 0.000 0.008 0.000 0.000 0.003 0.093 0.955 0.995 0.000
