0.000 0.999 0.936 0.123 0.069 0.042 0.022 0.068 0.000 0.000 0.000 0.000 0.001 0.000 0.000 0.000 0.000 0.005 0.000 0.000 0.002 0.000 0.000 0.000 0.000 0.000 0.000 0.000 0.000 0.007 0.014 0.885 0.088 0.002
0.999 0.000 0.993 0.917 0.110 0.983 0.988 0.978 0.004 0.000 0.000 0.000 0.000 0.000 0.000 0.000 0.005 0.993 0.245 0.000 0.007 0.000 0.000 0.000 0.000 0.000 0.000 0.000 0.000 0.705 0.939 0.968 0.040 0.000
0.936 0.993 0.000 0.991 0.932 1.000 0.014 0.016 0.000 0.000 0.000 0.000 0.000 0.000 0.000 0.000 0.000 0.053 0.000 0.001 0.025 0.081 0.000 0.000 0.000 0.000 0.000 0.000 0.000 0.104 0.978 0.965 0.595 0.000
0.123 0.917 0.991 0.000 0.996 0.998 0.000 0.000 0.000 0.000 0.000 0.000 0.001 0.000 0.000 0.000 0.000 0.000 0.000 0.226 0.273 0.336 0.000 0.000 0.000 0.000 0.000 0.000 0.000 0.000 0.023 0.007 0.000 0.000
0.069 0.110 0.932 0.996 0.000 0.978 0.894 0.000 0.000 0.000 0.000 0.000 0.000 0.000 0.000 0.000 0.000 0.000 0.869 0.811 0.912 0.631 0.003 0.095 0.000 0.000 0.000 0.000 0.000 0.000 0.000 0.000 0.000 0.000
0.042 0.983 1.000 0.998 0.978 0.000 0.999 0.922 0.000 0.000 0.000 0.000 0.000 0.000 0.000 0.000 0.000 0.995 1.000 0.977 0.836 0.318 0.179 0.044 0.613 0.536 0.978 0.000 0.290 0.045 0.995 0.002 0.003 0.000
0.022 0.988 0.014 0.000 0.894 0.999 0.000 0.993 0.986 0.000 0.000 0.000 0.000 0.000 0.000 0.000 0.937 0.979 0.992 0.814 0.503 0.000 0.000 0.142 0.000 0.000 0.000 0.000 0.000 0.000 0.216 0.000 0.000 0.000
0.068 0.978 0.016 0.000 0.000 0.922 0.993 0.000 0.998 0.852 0.000 0.000 0.000 0.000 0.001 0.929 0.989 0.985 0.950 0.000 0.003 0.000 0.000 0.000 0.000 0.000 0.000 0.000 0.000 0.070 0.052 0.604 0.000 0.000
0.000 0.004 0.000 0.000 0.000 0.000 0.986 0.998 0.000 0.971 0.871 0.000 0.000 0.000 0.819 0.988 1.000 0.938 0.972 0.004 0.187 0.000 0.000 0.219 0.001 0.206 0.000 0.000 0.000 0.000 0.000 0.000 0.000 0.000
0.000 0.000 0.000 0.000 0.000 0.000 0.000 0.852 0.971 0.000 0.994 0.865 0.033 0.938 0.958 0.989 0.994 0.000 0.000 0.000 0.000 0.000 0.000 0.000 0.000 0.000 0.000 0.037 0.000 0.000 0.000 0.001 0.000 0.000
0.000 0.000 0.000 0.000 0.000 0.000 0.000 0.000 0.871 0.994 0.000 0.983 0.985 0.995 0.991 0.920 0.984 0.000 0.000 0.000 0.000 0.000 0.000 0.000 0.000 0.009 0.000 0.916 0.000 0.000 0.000 0.000 0.000 0.000
0.000 0.000 0.000 0.000 0.000 0.000 0.000 0.000 0.000 0.865 0.983 0.000 0.989 0.950 0.754 0.000 0.391 0.000 0.000 0.000 0.000 0.000 0.000 0.000 0.000 0.000 0.000 0.051 0.000 0.000 0.000 0.000 0.000 0.000
0.001 0.000 0.000 0.001 0.000 0.000 0.000 0.000 0.000 0.033 0.985 0.989 0.000 0.964 0.938 0.000 0.002 0.000 0.000 0.000 0.000 0.000 0.000 0.000 0.000 0.001 0.000 0.155 0.000 0.000 0.000 0.000 0.000 0.000
0.000 0.000 0.000 0.000 0.000 0.000 0.000 0.000 0.000 0.938 0.995 0.950 0.964 0.000 0.992 0.952 0.000 0.000 0.000 0.000 0.000 0.000 0.000 0.000 0.000 0.000 0.000 0.003 0.000 0.000 0.000 0.000 0.000 0.000
0.000 0.000 0.000 0.000 0.000 0.000 0.000 0.001 0.819 0.958 0.991 0.754 0.938 0.992 0.000 0.990 0.966 0.006 0.000 0.000 0.000 0.000 0.000 0.000 0.000 0.000 0.000 0.952 0.020 0.000 0.000 0.000 0.000 0.000
0.000 0.000 0.000 0.000 0.000 0.000 0.000 0.929 0.988 0.989 0.920 0.000 0.000 0.952 0.990 0.000 1.000 0.921 0.000 0.000 0.000 0.000 0.000 0.000 0.000 0.000 0.116 0.886 0.025 0.098 0.000 0.082 0.000 0.000
0.000 0.005 0.000 0.000 0.000 0.000 0.937 0.989 1.000 0.994 0.984 0.391 0.002 0.000 0.966 1.000 0.000 0.997 0.987 0.001 0.000 0.000 0.000 0.003 0.025 0.943 0.952 0.951 0.391 0.004 0.000 0.000 0.000 0.000
0.005 0.993 0.053 0.000 0.000 0.995 0.979 0.985 0.938 0.000 0.000 0.000 0.000 0.000 0.006 0.921 0.997 0.000 0.995 0.858 0.000 0.000 0.000 0.000 0.814 0.916 0.981 0.901 0.931 0.980 0.989 0.769 0.000 0.000
0.000 0.245 0.000 0.000 0.869 1.000 0.992 0.950 0.972 0.000 0.000 0.000 0.000 0.000 0.000 0.000 0.987 0.995 0.000 0.981 0.885 0.001 0.031 0.748 0.935 0.968 0.928 0.000 0.000 0.000 0.102 0.000 0.000 0.000
0.000 0.000 0.001 0.226 0.811 0.977 0.814 0.000 0.004 0.000 0.000 0.000 0.000 0.000 0.000 0.000 0.001 0.858 0.981 0.000 0.991 0.992 0.987 0.995 0.987 0.845 0.582 0.000 0.000 0.000 0.006 0.000 0.000 0.000
0.002 0.007 0.025 0.273 0.912 0.836 0.503 0.003 0.187 0.000 0.000 0.000 0.000 0.000 0.000 0.000 0.000 0.000 0.885 0.991 0.000 0.991 0.929 0.981 0.351 0.000 0.000 0.000 0.000 0.000 0.000 0.000 0.000 0.000
0.000 0.000 0.081 0.336 0.631 0.318 0.000 0.000 0.000 0.000 0.000 0.000 0.000 0.000 0.000 0.000 0.000 0.000 0.001 0.992 0.991 0.000 0.999 0.990 0.150 0.000 0.000 0.000 0.000 0.000 0.000 0.000 0.000 0.000
0.000 0.000 0.000 0.000 0.003 0.179 0.000 0.000 0.000 0.000 0.000 0.000 0.000 0.000 0.000 0.000 0.000 0.000 0.031 0.987 0.929 0.999 0.000 0.986 0.981 0.002 0.038 0.000 0.000 0.000 0.000 0.000 0.000 0.000
0.000 0.000 0.000 0.000 0.095 0.044 0.142 0.000 0.219 0.000 0.000 0.000 0.000 0.000 0.000 0.000 0.003 0.000 0.748 0.995 0.981 0.990 0.986 0.000 0.979 0.870 0.000 0.000 0.000 0.000 0.000 0.000 0.000 0.004
0.000 0.000 0.000 0.000 0.000 0.613 0.000 0.000 0.001 0.000 0.000 0.000 0.000 0.000 0.000 0.000 0.025 0.814 0.935 0.987 0.351 0.150 0.981 0.979 0.000 0.990 0.928 0.000 0.000 0.000 0.000 0.000 0.000 0.000
0.000 0.000 0.000 0.000 0.000 0.536 0.000 0.000 0.206 0.000 0.009 0.000 0.001 0.000 0.000 0.000 0.943 0.916 0.968 0.845 0.000 0.000 0.002 0.870 0.990 0.000 0.986 0.908 0.000 0.000 0.000 0.000 0.000 0.000
0.000 0.000 0.000 0.000 0.000 0.978 0.000 0.000 0.000 0.000 0.000 0.000 0.000 0.000 0.000 0.116 0.952 0.981 0.928 0.582 0.000 0.000 0.038 0.000 0.928 0.986 0.000 0.991 0.978 0.412 0.797 0.000 0.000 0.000
0.000 0.000 0.000 0.000 0.000 0.000 0.000 0.000 0.000 0.037 0.916 0.051 0.155 0.003 0.952 0.886 0.951 0.901 0.000 0.000 0.000 0.000 0.000 0.000 0.000 0.908 0.991 0.000 0.990 0.900 0.004 0.000 0.000 0.000
0.000 0.000 0.000 0.000 0.000 0.290 0.000 0.000 0.000 0.000 0.000 0.000 0.000 0.000 0.020 0.025 0.391 0.931 0.000 0.000 0.000 0.000 0.000 0.000 0.000 0.000 0.978 0.990 0.000 0.992 0.948 0.007 0.001 0.013
0.007 0.705 0.104 0.000 0.000 0.045 0.000 0.070 0.000 0.000 0.000 0.000 0.000 0.000 0.000 0.098 0.004 0.980 0.000 0.000 0.000 0.000 0.000 0.000 0.000 0.000 0.412 0.900 0.992 0.000 0.996 1.000 0.062 0.075
0.014 0.939 0.978 0.023 0.000 0.995 0.216 0.052 0.000 0.000 0.000 0.000 0.000 0.000 0.000 0.000 0.000 0.989 0.102 0.006 0.000 0.000 0.000 0.000 0.000 0.000 0.797 0.004 0.948 0.996 0.000 1.000 0.936 0.000
0.885 0.968 0.965 0.007 0.000 0.002 0.000 0.604 0.000 0.001 0.000 0.000 0.000 0.000 0.000 0.082 0.000 0.769 0.000 0.000 0.000 0.000 0.000 0.000 0.000 0.000 0.000 0.000 0.007 1.000 1.000 0.000 0.998 0.813
0.088 0.040 0.595 0.000 0.000 0.003 0.000 0.000 0.000 0.000 0.000 0.000 0.000 0.000 0.000 0.000 0.000 0.000 0.000 0.000 0.000 0.000 0.000 0.000 0.000 0.000 0.000 0.000 0.001 0.062 0.936 0.998 0.000 0.976
0.002 0.000 0.000 0.000 0.000 0.000 0.000 0.000 0.000 0.000 0.000 0.000 0.000 0.000 0.000 0.000 0.000 0.000 0.000 0.000 0.000 0.000 0.000 0.004 0.000 0.000 0.000 0.000 0.013 0.075 0.000 0.813 0.976 0.000
