0.000 1.000 0.921 0.000 0.000 0.000 0.000 0.009 0.000 0.000 0.000 0.000 0.000 0.000 0.000 0.000 0.000 0.001 0.000 0.000 0.000 0.000 0.000 0.000 0.000 0.000 0.000 0.000 0.000 0.862 0.260 0.251 0.643 0.000
1.000 0.000 0.995 0.923 0.007 0.984 0.989 0.990 0.000 0.000 0.000 0.000 0.000 0.000 0.000 0.000 0.000 1.000 0.180 0.000 0.000 0.000 0.000 0.000 0.000 0.000 0.000 0.000 0.000 0.973 1.000 0.457 0.783 0.000
0.921 0.995 0.000 0.997 0.984 1.000 0.000 0.000 0.000 0.000 0.000 0.000 0.000 0.000 0.000 0.000 0.000 0.004 0.000 0.292 0.000 0.000 0.000 0.000 0.000 0.000 0.000 0.000 0.000 0.390 0.999 0.982 0.996 0.555
0.000 0.923 0.997 0.000 1.000 0.999 0.000 0.000 0.000 0.000 0.000 0.000 0.009 0.000 0.000 0.000 0.000 0.000 0.000 0.957 0.002 0.731 0.009 0.000 0.000 0.000 0.000 0.000 0.000 0.000 0.000 0.004 0.851 0.105
0.000 0.007 0.984 1.000 0.000 0.999 0.923 0.000 0.000 0.000 0.000 0.000 0.000 0.000 0.000 0.000 0.000 0.000 0.977 1.000 1.000 0.956 0.241 0.000 0.000 0.000 0.000 0.000 0.000 0.000 0.000 0.000 0.000 0.001
0.000 0.984 1.000 0.999 0.999 0.000 0.992 0.898 0.000 0.000 0.000 0.000 0.000 0.000 0.000 0.000 0.006 0.946 1.000 1.000 0.997 0.082 0.598 0.000 0.995 0.983 0.971 0.000 0.003 0.000 0.991 0.073 0.034 0.054
0.000 0.989 0.000 0.000 0.923 0.992 0.000 0.973 1.000 0.000 0.000 0.000 0.000 0.000 0.000 0.000 0.885 0.999 1.000 0.922 0.950 0.000 0.000 0.000 0.000 0.000 0.000 0.000 0.000 0.000 0.190 0.000 0.000 0.000
0.009 0.990 0.000 0.000 0.000 0.898 0.973 0.000 1.000 0.991 0.001 0.000 0.000 0.019 0.006 0.993 0.997 1.000 0.945 0.000 0.000 0.000 0.000 0.000 0.000 0.000 0.000 0.000 0.000 0.706 0.002 0.000 0.000 0.000
0.000 0.000 0.000 0.000 0.000 0.000 1.000 1.000 0.000 0.994 0.885 0.000 0.000 0.000 0.838 0.968 1.000 1.000 1.000 0.000 0.949 0.000 0.000 0.057 0.000 0.304 0.000 0.000 0.000 0.000 0.000 0.000 0.000 0.000
0.000 0.000 0.000 0.000 0.000 0.000 0.000 0.991 0.994 0.000 0.986 0.880 0.070 0.914 0.954 1.000 1.000 0.000 0.000 0.000 0.000 0.000 0.000 0.000 0.000 0.000 0.000 0.065 0.000 0.000 0.000 0.000 0.000 0.000
0.000 0.000 0.000 0.000 0.000 0.000 0.000 0.001 0.885 0.986 0.000 1.000 0.999 0.996 0.998 0.994 0.980 0.000 0.000 0.000 0.000 0.000 0.000 0.000 0.000 0.000 0.000 0.893 0.000 0.000 0.000 0.000 0.000 0.000
0.000 0.000 0.000 0.000 0.000 0.000 0.000 0.000 0.000 0.880 1.000 0.000 0.999 0.980 0.787 0.000 0.347 0.000 0.000 0.000 0.000 0.003 0.000 0.000 0.000 0.000 0.000 0.027 0.000 0.000 0.000 0.000 0.001 0.002
0.000 0.000 0.000 0.009 0.000 0.000 0.000 0.000 0.000 0.070 0.999 0.999 0.000 0.979 0.998 0.000 0.000 0.000 0.000 0.000 0.000 0.025 0.000 0.000 0.000 0.000 0.000 0.139 0.000 0.000 0.000 0.000 0.002 0.000
0.000 0.000 0.000 0.000 0.000 0.000 0.000 0.019 0.000 0.914 0.996 0.980 0.979 0.000 1.000 0.983 0.000 0.000 0.000 0.000 0.000 0.002 0.000 0.000 0.000 0.000 0.000 0.000 0.000 0.000 0.000 0.000 0.000 0.000
0.000 0.000 0.000 0.000 0.000 0.000 0.000 0.006 0.838 0.954 0.998 0.787 0.998 1.000 0.000 0.998 0.954 0.000 0.000 0.000 0.000 0.003 0.000 0.000 0.000 0.000 0.000 0.916 0.003 0.000 0.000 0.000 0.000 0.000
0.000 0.000 0.000 0.000 0.000 0.000 0.000 0.993 0.968 1.000 0.994 0.000 0.000 0.983 0.998 0.000 0.994 0.991 0.000 0.000 0.000 0.000 0.000 0.000 0.000 0.000 0.052 0.968 0.087 0.199 0.000 0.000 0.000 0.000
0.000 0.000 0.000 0.000 0.000 0.006 0.885 0.997 1.000 1.000 0.980 0.347 0.000 0.000 0.954 0.994 0.000 1.000 0.980 0.000 0.000 0.000 0.000 0.000 0.002 0.987 0.999 0.965 0.558 0.001 0.000 0.000 0.000 0.000
0.001 1.000 0.004 0.000 0.000 0.946 0.999 1.000 1.000 0.000 0.000 0.000 0.000 0.000 0.000 0.991 1.000 0.000 0.996 0.867 0.000 0.000 0.000 0.000 0.855 0.989 0.999 0.894 0.973 1.000 0.998 0.000 0.000 0.000
0.000 0.180 0.000 0.000 0.977 1.000 1.000 0.945 1.000 0.000 0.000 0.000 0.000 0.000 0.000 0.000 0.980 0.996 0.000 0.999 1.000 0.031 0.000 0.976 0.995 0.991 0.977 0.000 0.000 0.000 0.141 0.000 0.000 0.000
0.000 0.000 0.292 0.957 1.000 1.000 0.922 0.000 0.000 0.000 0.000 0.000 0.000 0.000 0.000 0.000 0.000 0.867 0.999 0.000 1.000 0.982 0.969 0.976 0.990 0.972 0.085 0.000 0.000 0.000 0.042 0.000 0.000 0.005
0.000 0.000 0.000 0.002 1.000 0.997 0.950 0.000 0.949 0.000 0.000 0.000 0.000 0.000 0.000 0.000 0.000 0.000 1.000 1.000 0.000 0.998 0.965 0.986 0.367 0.000 0.000 0.000 0.000 0.000 0.000 0.000 0.000 0.000
0.000 0.000 0.000 0.731 0.956 0.082 0.000 0.000 0.000 0.000 0.000 0.003 0.025 0.002 0.003 0.000 0.000 0.000 0.031 0.982 0.998 0.000 1.000 0.999 0.179 0.000 0.000 0.000 0.000 0.000 0.000 0.000 0.000 0.002
0.000 0.000 0.000 0.009 0.241 0.598 0.000 0.000 0.000 0.000 0.000 0.000 0.000 0.000 0.000 0.000 0.000 0.000 0.000 0.969 0.965 1.000 0.000 0.997 0.994 0.000 0.000 0.000 0.000 0.000 0.000 0.000 0.000 0.000
0.000 0.000 0.000 0.000 0.000 0.000 0.000 0.000 0.057 0.000 0.000 0.000 0.000 0.000 0.000 0.000 0.000 0.000 0.976 0.976 0.986 0.999 0.997 0.000 0.991 0.928 0.000 0.000 0.000 0.000 0.000 0.000 0.000 0.000
0.000 0.000 0.000 0.000 0.000 0.995 0.000 0.000 0.000 0.000 0.000 0.000 0.000 0.000 0.000 0.000 0.002 0.855 0.995 0.990 0.367 0.179 0.994 0.991 0.000 1.000 0.946 0.000 0.000 0.000 0.000 0.000 0.000 0.000
0.000 0.000 0.000 0.000 0.000 0.983 0.000 0.000 0.304 0.000 0.000 0.000 0.000 0.000 0.000 0.000 0.987 0.989 0.991 0.972 0.000 0.000 0.000 0.928 1.000 0.000 0.998 0.844 0.000 0.000 0.000 0.000 0.000 0.000
0.000 0.000 0.000 0.000 0.000 0.971 0.000 0.000 0.000 0.000 0.000 0.000 0.000 0.000 0.000 0.052 0.999 0.999 0.977 0.085 0.000 0.000 0.000 0.000 0.946 0.998 0.000 0.942 0.976 0.879 0.979 0.012 0.000 0.000
0.000 0.000 0.000 0.000 0.000 0.000 0.000 0.000 0.000 0.065 0.893 0.027 0.139 0.000 0.916 0.968 0.965 0.894 0.000 0.000 0.000 0.000 0.000 0.000 0.000 0.844 0.942 0.000 0.999 0.871 0.007 0.000 0.000 0.000
0.000 0.000 0.000 0.000 0.000 0.003 0.000 0.000 0.000 0.000 0.000 0.000 0.000 0.000 0.003 0.087 0.558 0.973 0.000 0.000 0.000 0.000 0.000 0.000 0.000 0.000 0.976 0.999 0.000 0.996 0.935 0.050 0.000 0.000
0.862 0.973 0.390 0.000 0.000 0.000 0.000 0.706 0.000 0.000 0.000 0.000 0.000 0.000 0.000 0.199 0.001 1.000 0.000 0.000 0.000 0.000 0.000 0.000 0.000 0.000 0.879 0.871 0.996 0.000 0.971 0.941 0.110 0.000
0.260 1.000 0.999 0.000 0.000 0.991 0.190 0.002 0.000 0.000 0.000 0.000 0.000 0.000 0.000 0.000 0.000 0.998 0.141 0.042 0.000 0.000 0.000 0.000 0.000 0.000 0.979 0.007 0.935 0.971 0.000 0.998 0.954 0.010
0.251 0.457 0.982 0.004 0.000 0.073 0.000 0.000 0.000 0.000 0.000 0.000 0.000 0.000 0.000 0.000 0.000 0.000 0.000 0.000 0.000 0.000 0.000 0.000 0.000 0.000 0.012 0.000 0.050 0.941 0.998 0.000 1.000 0.974
0.643 0.783 0.996 0.851 0.000 0.034 0.000 0.000 0.000 0.000 0.000 0.001 0.002 0.000 0.000 0.000 0.000 0.000 0.000 0.000 0.000 0.000 0.000 0.000 0.000 0.000 0.000 0.000 0.000 0.110 0.954 1.000 0.000 0.992
0.000 0.000 0.555 0.105 0.001 0.054 0.000 0.000 0.000 0.000 0.000 0.002 0.000 0.000 0.000 0.000 0.000 0.000 0.000 0.005 0.000 0.002 0.000 0.000 0.000 0.000 0.000 0.000 0.000 0.000 0.010 0.974 0.992 0.000
