0.000 0.997 0.995 0.011 0.000 0.000 0.000 0.027 0.000 0.000 0.000 0.000 0.000 0.000 0.000 0.001 0.000 0.005 0.000 0.000 0.000 0.000 0.000 0.000 0.000 0.000 0.000 0.000 0.000 0.870 0.319 0.258 0.615 0.013
0.997 0.000 1.000 0.999 0.003 1.000 0.995 0.998 0.000 0.000 0.000 0.000 0.000 0.000 0.000 0.030 0.000 1.000 0.229 0.000 0.020 0.000 0.000 0.000 0.000 0.000 0.000 0.000 0.000 0.995 0.999 0.402 0.648 0.009
0.995 1.000 0.000 1.000 1.000 1.000 0.000 0.000 0.000 0.000 0.000 0.000 0.000 0.000 0.000 0.000 0.000 0.009 0.000 0.000 0.003 0.000 0.000 0.000 0.000 0.000 0.000 0.000 0.000 0.548 1.000 0.988 0.960 0.500
0.011 0.999 1.000 0.000 1.000 1.000 0.000 0.000 0.000 0.000 0.000 0.000 0.000 0.000 0.000 0.000 0.000 0.000 0.000 0.102 0.101 0.306 0.000 0.000 0.000 0.000 0.000 0.000 0.000 0.000 0.001 0.010 0.828 0.180
0.000 0.003 1.000 1.000 0.000 1.000 1.000 0.000 0.000 0.000 0.000 0.000 0.000 0.000 0.000 0.000 0.000 0.000 0.997 0.998 1.000 0.960 0.008 0.000 0.000 0.000 0.000 0.000 0.000 0.000 0.000 0.000 0.005 0.004
0.000 1.000 1.000 1.000 1.000 0.000 1.000 1.000 0.000 0.000 0.000 0.000 0.000 0.000 0.000 0.000 0.000 1.000 1.000 1.000 1.000 0.094 0.089 0.000 0.992 0.969 1.000 0.000 0.046 0.002 1.000 0.130 0.045 0.077
0.000 0.995 0.000 0.000 1.000 1.000 0.000 1.000 1.000 0.000 0.000 0.000 0.000 0.000 0.000 0.000 1.000 1.000 1.000 0.998 0.889 0.000 0.000 0.057 0.000 0.000 0.000 0.000 0.000 0.000 0.303 0.000 0.000 0.000
0.027 0.998 0.000 0.000 0.000 1.000 1.000 0.000 1.000 1.000 0.000 0.000 0.000 0.000 0.001 1.000 1.000 1.000 1.000 0.000 0.005 0.000 0.000 0.000 0.000 0.000 0.000 0.000 0.000 0.550 0.033 0.000 0.000 0.000
0.000 0.000 0.000 0.000 0.000 0.000 1.000 1.000 0.000 1.000 1.000 0.000 0.000 0.000 0.999 1.000 1.000 1.000 1.000 0.010 0.397 0.000 0.000 0.192 0.000 0.057 0.000 0.000 0.000 0.000 0.000 0.000 0.000 0.000
0.000 0.000 0.000 0.000 0.000 0.000 0.000 1.000 1.000 0.000 1.000 0.999 0.147 0.994 0.999 1.000 1.000 0.000 0.000 0.000 0.000 0.000 0.000 0.000 0.000 0.000 0.000 0.013 0.000 0.000 0.000 0.000 0.000 0.000
0.000 0.000 0.000 0.000 0.000 0.000 0.000 0.000 1.000 1.000 0.000 1.000 0.999 0.995 1.000 1.000 1.000 0.000 0.000 0.000 0.000 0.000 0.000 0.000 0.000 0.000 0.000 0.975 0.000 0.000 0.000 0.000 0.000 0.000
0.000 0.000 0.000 0.000 0.000 0.000 0.000 0.000 0.000 0.999 1.000 0.000 0.994 0.999 0.493 0.000 0.066 0.000 0.000 0.000 0.000 0.000 0.000 0.000 0.000 0.000 0.000 0.000 0.000 0.000 0.000 0.000 0.000 0.023
0.000 0.000 0.000 0.000 0.000 0.000 0.000 0.000 0.000 0.147 0.999 0.994 0.000 0.992 1.000 0.000 0.000 0.000 0.000 0.000 0.000 0.000 0.000 0.000 0.000 0.000 0.000 0.070 0.000 0.000 0.000 0.000 0.000 0.011
0.000 0.000 0.000 0.000 0.000 0.000 0.000 0.000 0.000 0.994 0.995 0.999 0.992 0.000 1.000 0.992 0.000 0.000 0.000 0.000 0.000 0.000 0.000 0.000 0.000 0.000 0.000 0.000 0.000 0.000 0.000 0.000 0.000 0.000
0.000 0.000 0.000 0.000 0.000 0.000 0.000 0.001 0.999 0.999 1.000 0.493 1.000 1.000 0.000 1.000 1.000 0.000 0.000 0.000 0.000 0.000 0.000 0.000 0.000 0.000 0.000 0.947 0.000 0.000 0.000 0.000 0.000 0.000
0.001 0.030 0.000 0.000 0.000 0.000 0.000 1.000 1.000 1.000 1.000 0.000 0.000 0.992 1.000 0.000 1.000 1.000 0.000 0.000 0.000 0.000 0.000 0.000 0.000 0.000 0.092 0.992 0.014 0.600 0.000 0.000 0.000 0.000
0.000 0.000 0.000 0.000 0.000 0.000 1.000 1.000 1.000 1.000 1.000 0.066 0.000 0.000 1.000 1.000 0.000 1.000 1.000 0.000 0.000 0.000 0.000 0.010 0.004 1.000 1.000 0.990 0.298 0.001 0.000 0.000 0.000 0.000
0.005 1.000 0.009 0.000 0.000 1.000 1.000 1.000 1.000 0.000 0.000 0.000 0.000 0.000 0.000 1.000 1.000 0.000 1.000 1.000 0.000 0.000 0.000 0.000 0.999 1.000 1.000 0.986 0.997 1.000 1.000 0.000 0.001 0.000
0.000 0.229 0.000 0.000 0.997 1.000 1.000 1.000 1.000 0.000 0.000 0.000 0.000 0.000 0.000 0.000 1.000 1.000 0.000 1.000 1.000 0.001 0.002 0.894 1.000 1.000 1.000 0.000 0.000 0.000 0.191 0.000 0.000 0.000
0.000 0.000 0.000 0.102 0.998 1.000 0.998 0.000 0.010 0.000 0.000 0.000 0.000 0.000 0.000 0.000 0.000 1.000 1.000 0.000 1.000 0.998 0.995 1.000 1.000 0.983 0.321 0.000 0.000 0.000 0.002 0.000 0.000 0.002
0.000 0.020 0.003 0.101 1.000 1.000 0.889 0.005 0.397 0.000 0.000 0.000 0.000 0.000 0.000 0.000 0.000 0.000 1.000 1.000 0.000 0.996 0.986 1.000 0.211 0.000 0.000 0.000 0.000 0.000 0.000 0.000 0.000 0.000
0.000 0.000 0.000 0.306 0.960 0.094 0.000 0.000 0.000 0.000 0.000 0.000 0.000 0.000 0.000 0.000 0.000 0.000 0.001 0.998 0.996 0.000 1.000 0.998 0.355 0.000 0.000 0.000 0.000 0.000 0.000 0.000 0.000 0.001
0.000 0.000 0.000 0.000 0.008 0.089 0.000 0.000 0.000 0.000 0.000 0.000 0.000 0.000 0.000 0.000 0.000 0.000 0.002 0.995 0.986 1.000 0.000 0.993 1.000 0.000 0.000 0.000 0.000 0.000 0.000 0.000 0.000 0.001
0.000 0.000 0.000 0.000 0.000 0.000 0.057 0.000 0.192 0.000 0.000 0.000 0.000 0.000 0.000 0.000 0.010 0.000 0.894 1.000 1.000 0.998 0.993 0.000 1.000 0.999 0.000 0.000 0.000 0.000 0.000 0.000 0.000 0.000
0.000 0.000 0.000 0.000 0.000 0.992 0.000 0.000 0.000 0.000 0.000 0.000 0.000 0.000 0.000 0.000 0.004 0.999 1.000 1.000 0.211 0.355 1.000 1.000 0.000 1.000 1.000 0.000 0.000 0.000 0.000 0.000 0.000 0.002
0.000 0.000 0.000 0.000 0.000 0.969 0.000 0.000 0.057 0.000 0.000 0.000 0.000 0.000 0.000 0.000 1.000 1.000 1.000 0.983 0.000 0.000 0.000 0.999 1.000 0.000 1.000 0.989 0.000 0.000 0.000 0.000 0.000 0.000
0.000 0.000 0.000 0.000 0.000 1.000 0.000 0.000 0.000 0.000 0.000 0.000 0.000 0.000 0.000 0.092 1.000 1.000 1.000 0.321 0.000 0.000 0.000 0.000 1.000 1.000 0.000 0.997 1.000 0.587 0.986 0.009 0.000 0.000
0.000 0.000 0.000 0.000 0.000 0.000 0.000 0.000 0.000 0.013 0.975 0.000 0.070 0.000 0.947 0.992 0.990 0.986 0.000 0.000 0.000 0.000 0.000 0.000 0.000 0.989 0.997 0.000 1.000 0.986 0.031 0.000 0.000 0.000
0.000 0.000 0.000 0.000 0.000 0.046 0.000 0.000 0.000 0.000 0.000 0.000 0.000 0.000 0.000 0.014 0.298 0.997 0.000 0.000 0.000 0.000 0.000 0.000 0.000 0.000 1.000 1.000 0.000 1.000 0.997 0.546 0.000 0.000
0.870 0.995 0.548 0.000 0.000 0.002 0.000 0.550 0.000 0.000 0.000 0.000 0.000 0.000 0.000 0.600 0.001 1.000 0.000 0.000 0.000 0.000 0.000 0.000 0.000 0.000 0.587 0.986 1.000 0.000 1.000 0.984 0.226 0.000
0.319 0.999 1.000 0.001 0.000 1.000 0.303 0.033 0.000 0.000 0.000 0.000 0.000 0.000 0.000 0.000 0.000 1.000 0.191 0.002 0.000 0.000 0.000 0.000 0.000 0.000 0.986 0.031 0.997 1.000 0.000 0.984 0.926 0.040
0.258 0.402 0.988 0.010 0.000 0.130 0.000 0.000 0.000 0.000 0.000 0.000 0.000 0.000 0.000 0.000 0.000 0.000 0.000 0.000 0.000 0.000 0.000 0.000 0.000 0.000 0.009 0.000 0.546 0.984 0.984 0.000 1.000 0.969
0.615 0.648 0.960 0.828 0.005 0.045 0.000 0.000 0.000 0.000 0.000 0.000 0.000 0.000 0.000 0.000 0.000 0.001 0.000 0.000 0.000 0.000 0.000 0.000 0.000 0.000 0.000 0.000 0.000 0.226 0.926 1.000 0.000 0.991
0.013 0.009 0.500 0.180 0.004 0.077 0.000 0.000 0.000 0.000 0.000 0.023 0.011 0.000 0.000 0.000 0.000 0.000 0.000 0.002 0.000 0.001 0.001 0.000 0.002 0.000 0.000 0.000 0.000 0.000 0.040 0.969 0.991 0.000
