0.000 0.989 0.951 0.016 0.000 0.000 0.003 0.001 0.001 0.002 0.017 0.087 0.182 0.003 0.024 0.000 0.000 0.001 0.000 0.000 0.068 0.003 0.000 0.001 0.000 0.000 0.000 0.002 0.000 0.001 0.005 0.039 0.022 0.060
0.989 0.000 1.000 0.997 0.071 0.028 0.008 0.039 0.000 0.001 0.000 0.001 0.070 0.000 0.003 0.004 0.000 0.022 0.000 0.000 0.112 0.005 0.000 0.000 0.000 0.000 0.000 0.000 0.000 0.023 0.029 0.048 0.003 0.010
0.951 1.000 0.000 0.997 0.994 0.149 0.067 0.052 0.000 0.000 0.000 0.000 0.008 0.003 0.000 0.000 0.000 0.026 0.000 0.000 0.459 0.308 0.000 0.000 0.000 0.000 0.000 0.000 0.000 0.020 0.069 0.056 0.004 0.024
0.016 0.997 0.997 0.000 1.000 1.000 0.365 0.001 0.000 0.000 0.000 0.000 0.000 0.000 0.000 0.000 0.000 0.000 0.000 0.001 0.996 0.791 0.000 0.005 0.000 0.000 0.000 0.000 0.000 0.000 0.004 0.000 0.000 0.000
0.000 0.071 0.994 1.000 0.000 1.000 1.000 0.000 0.000 0.000 0.000 0.000 0.000 0.000 0.000 0.000 0.000 0.000 0.987 1.000 1.000 0.987 0.001 0.000 0.000 0.000 0.000 0.000 0.000 0.000 0.035 0.004 0.001 0.005
0.000 0.028 0.149 1.000 1.000 0.000 1.000 0.985 0.000 0.000 0.000 0.000 0.000 0.000 0.000 0.000 0.000 1.000 1.000 1.000 1.000 0.063 0.006 0.006 0.931 0.705 0.988 0.000 0.089 0.002 0.941 0.078 0.026 0.068
0.003 0.008 0.067 0.365 1.000 1.000 0.000 0.999 1.000 0.000 0.000 0.000 0.000 0.000 0.000 0.000 0.999 1.000 1.000 1.000 0.994 0.000 0.000 0.951 0.000 0.000 0.000 0.000 0.000 0.000 0.112 0.001 0.001 0.000
0.001 0.039 0.052 0.001 0.000 0.985 0.999 0.000 1.000 0.898 0.000 0.000 0.000 0.000 0.000 0.995 0.997 0.996 0.991 0.000 0.014 0.000 0.000 0.000 0.000 0.000 0.000 0.000 0.000 0.001 0.144 0.103 0.000 0.000
0.001 0.000 0.000 0.000 0.000 0.000 1.000 1.000 0.000 0.958 0.833 0.006 0.000 0.000 0.849 0.999 1.000 0.986 0.995 0.000 0.021 0.000 0.000 0.818 0.000 0.062 0.000 0.000 0.000 0.000 0.000 0.000 0.006 0.006
0.002 0.001 0.000 0.000 0.000 0.000 0.000 0.898 0.958 0.000 0.990 0.939 0.055 0.984 0.987 0.986 0.924 0.001 0.000 0.000 0.000 0.000 0.000 0.000 0.000 0.000 0.000 0.005 0.000 0.000 0.000 0.004 0.000 0.012
0.017 0.000 0.000 0.000 0.000 0.000 0.000 0.000 0.833 0.990 0.000 0.998 0.988 0.991 1.000 0.947 0.971 0.000 0.000 0.000 0.000 0.000 0.000 0.000 0.000 0.000 0.000 0.900 0.000 0.000 0.000 0.000 0.000 0.000
0.087 0.001 0.000 0.000 0.000 0.000 0.000 0.000 0.006 0.939 0.998 0.000 0.998 0.986 0.624 0.000 0.503 0.000 0.000 0.000 0.000 0.000 0.000 0.000 0.000 0.000 0.000 0.000 0.000 0.000 0.000 0.000 0.000 0.006
0.182 0.070 0.008 0.000 0.000 0.000 0.000 0.000 0.000 0.055 0.988 0.998 0.000 0.989 0.989 0.000 0.000 0.000 0.000 0.000 0.000 0.008 0.000 0.000 0.000 0.000 0.000 0.016 0.000 0.000 0.000 0.000 0.000 0.000
0.003 0.000 0.003 0.000 0.000 0.000 0.000 0.000 0.000 0.984 0.991 0.986 0.989 0.000 0.962 0.888 0.000 0.000 0.000 0.000 0.000 0.000 0.000 0.000 0.000 0.000 0.000 0.000 0.000 0.000 0.000 0.000 0.000 0.001
0.024 0.003 0.000 0.000 0.000 0.000 0.000 0.000 0.849 0.987 1.000 0.624 0.989 0.962 0.000 0.980 0.955 0.003 0.000 0.000 0.000 0.000 0.000 0.000 0.000 0.000 0.000 0.905 0.001 0.002 0.000 0.007 0.000 0.000
0.000 0.004 0.000 0.000 0.000 0.000 0.000 0.995 0.999 0.986 0.947 0.000 0.000 0.888 0.980 0.000 0.998 0.991 0.000 0.000 0.000 0.000 0.000 0.000 0.000 0.000 0.111 0.991 0.045 0.067 0.005 0.122 0.000 0.000
0.000 0.000 0.000 0.000 0.000 0.000 0.999 0.997 1.000 0.924 0.971 0.503 0.000 0.000 0.955 0.998 0.000 0.999 1.000 0.000 0.000 0.000 0.000 0.004 0.001 1.000 0.999 1.000 0.358 0.012 0.002 0.000 0.000 0.000
0.001 0.022 0.026 0.000 0.000 1.000 1.000 0.996 0.986 0.001 0.000 0.000 0.000 0.000 0.003 0.991 0.999 0.000 1.000 1.000 0.000 0.000 0.000 0.000 1.000 1.000 1.000 0.974 1.000 0.999 0.998 0.637 0.013 0.000
0.000 0.000 0.000 0.000 0.987 1.000 1.000 0.991 0.995 0.000 0.000 0.000 0.000 0.000 0.000 0.000 1.000 1.000 0.000 1.000 1.000 0.005 0.051 1.000 1.000 1.000 1.000 0.000 0.000 0.000 0.092 0.000 0.000 0.000
0.000 0.000 0.000 0.001 1.000 1.000 1.000 0.000 0.000 0.000 0.000 0.000 0.000 0.000 0.000 0.000 0.000 1.000 1.000 0.000 1.000 0.998 0.998 0.999 1.000 0.997 0.765 0.000 0.000 0.000 0.003 0.000 0.000 0.000
0.068 0.112 0.459 0.996 1.000 1.000 0.994 0.014 0.021 0.000 0.000 0.000 0.000 0.000 0.000 0.000 0.000 0.000 1.000 1.000 0.000 1.000 0.997 1.000 0.061 0.000 0.000 0.000 0.000 0.000 0.000 0.000 0.000 0.000
0.003 0.005 0.308 0.791 0.987 0.063 0.000 0.000 0.000 0.000 0.000 0.000 0.008 0.000 0.000 0.000 0.000 0.000 0.005 0.998 1.000 0.000 1.000 0.999 0.067 0.000 0.000 0.000 0.000 0.000 0.000 0.000 0.000 0.000
0.000 0.000 0.000 0.000 0.001 0.006 0.000 0.000 0.000 0.000 0.000 0.000 0.000 0.000 0.000 0.000 0.000 0.000 0.051 0.998 0.997 1.000 0.000 1.000 1.000 0.003 0.000 0.000 0.000 0.000 0.000 0.000 0.000 0.000
0.001 0.000 0.000 0.005 0.000 0.006 0.951 0.000 0.818 0.000 0.000 0.000 0.000 0.000 0.000 0.000 0.004 0.000 1.000 0.999 1.000 0.999 1.000 0.000 1.000 0.998 0.000 0.000 0.000 0.000 0.000 0.000 0.000 0.001
0.000 0.000 0.000 0.000 0.000 0.931 0.000 0.000 0.000 0.000 0.000 0.000 0.000 0.000 0.000 0.000 0.001 1.000 1.000 1.000 0.061 0.067 1.000 1.000 0.000 1.000 1.000 0.000 0.000 0.000 0.000 0.000 0.000 0.000
0.000 0.000 0.000 0.000 0.000 0.705 0.000 0.000 0.062 0.000 0.000 0.000 0.000 0.000 0.000 0.000 1.000 1.000 1.000 0.997 0.000 0.000 0.003 0.998 1.000 0.000 1.000 0.980 0.000 0.000 0.000 0.000 0.000 0.000
0.000 0.000 0.000 0.000 0.000 0.988 0.000 0.000 0.000 0.000 0.000 0.000 0.000 0.000 0.000 0.111 0.999 1.000 1.000 0.765 0.000 0.000 0.000 0.000 1.000 1.000 0.000 0.988 1.000 0.617 0.878 0.000 0.005 0.016
0.002 0.000 0.000 0.000 0.000 0.000 0.000 0.000 0.000 0.005 0.900 0.000 0.016 0.000 0.905 0.991 1.000 0.974 0.000 0.000 0.000 0.000 0.000 0.000 0.000 0.980 0.988 0.000 0.996 0.970 0.027 0.000 0.007 0.000
0.000 0.000 0.000 0.000 0.000 0.089 0.000 0.000 0.000 0.000 0.000 0.000 0.000 0.000 0.001 0.045 0.358 1.000 0.000 0.000 0.000 0.000 0.000 0.000 0.000 0.000 1.000 0.996 0.000 1.000 1.000 0.002 0.278 0.073
0.001 0.023 0.020 0.000 0.000 0.002 0.000 0.001 0.000 0.000 0.000 0.000 0.000 0.000 0.002 0.067 0.012 0.999 0.000 0.000 0.000 0.000 0.000 0.000 0.000 0.000 0.617 0.970 1.000 0.000 1.000 1.000 0.854 0.216
0.005 0.029 0.069 0.004 0.035 0.941 0.112 0.144 0.000 0.000 0.000 0.000 0.000 0.000 0.000 0.005 0.002 0.998 0.092 0.003 0.000 0.000 0.000 0.000 0.000 0.000 0.878 0.027 1.000 1.000 0.000 1.000 0.997 0.278
0.039 0.048 0.056 0.000 0.004 0.078 0.001 0.103 0.000 0.004 0.000 0.000 0.000 0.000 0.007 0.122 0.000 0.637 0.000 0.000 0.000 0.000 0.000 0.000 0.000 0.000 0.000 0.000 0.002 1.000 1.000 0.000 1.000 0.989
0.022 0.003 0.004 0.000 0.001 0.026 0.001 0.000 0.006 0.000 0.000 0.000 0.000 0.000 0.000 0.000 0.000 0.013 0.000 0.000 0.000 0.000 0.000 0.000 0.000 0.000 0.005 0.007 0.278 0.854 0.997 1.000 0.000 0.998
0.060 0.010 0.024 0.000 0.005 0.068 0.000 0.000 0.006 0.012 0.000 0.006 0.000 0.001 0.000 0.000 0.000 0.000 0.000 0.000 0.000 0.000 0.000 0.001 0.000 0.000 0.016 0.000 0.073 0.216 0.278 0.989 0.998 0.000
