0.000 0.979 0.871 0.009 0.000 0.000 0.000 0.019 0.000 0.000 0.000 0.029 0.013 0.002 0.000 0.000 0.000 0.005 0.000 0.000 0.000 0.000 0.000 0.000 0.105 0.000 0.000 0.000 0.000 0.017 0.140 0.402 0.086 0.567
0.979 0.000 0.995 0.933 0.007 0.983 0.335 0.325 0.000 0.000 0.000 0.000 0.000 0.000 0.000 0.000 0.000 0.330 0.086 0.282 0.002 0.000 0.012 0.000 0.596 0.000 0.585 0.000 0.014 0.509 0.988 0.769 0.214 0.539
0.871 0.995 0.000 0.985 0.885 0.968 0.000 0.000 0.000 0.000 0.000 0.001 0.000 0.000 0.000 0.000 0.000 0.004 0.000 0.704 0.011 0.415 0.596 0.003 0.587 0.000 0.003 0.000 0.000 0.106 0.433 0.338 0.003 0.090
0.009 0.933 0.985 0.000 0.979 0.963 0.000 0.000 0.000 0.000 0.000 0.000 0.000 0.000 0.000 0.000 0.000 0.000 0.000 0.896 0.318 0.837 0.460 0.000 0.000 0.000 0.000 0.000 0.000 0.000 0.007 0.002 0.000 0.000
0.000 0.007 0.885 0.979 0.000 0.998 0.954 0.000 0.000 0.000 0.000 0.000 0.000 0.000 0.000 0.000 0.000 0.000 0.931 0.975 0.986 0.931 0.292 0.000 0.000 0.000 0.000 0.000 0.000 0.000 0.000 0.000 0.000 0.000
0.000 0.983 0.968 0.963 0.998 0.000 0.999 0.992 0.000 0.000 0.000 0.000 0.000 0.000 0.000 0.000 0.002 0.997 0.998 0.994 0.938 0.078 0.283 0.000 0.997 0.983 1.000 0.000 0.017 0.000 0.999 0.084 0.000 0.185
0.000 0.335 0.000 0.000 0.954 0.999 0.000 1.000 0.998 0.000 0.000 0.000 0.000 0.000 0.000 0.000 0.958 0.997 0.988 0.964 0.938 0.000 0.000 0.000 0.000 0.000 0.000 0.000 0.000 0.000 0.215 0.012 0.000 0.000
0.019 0.325 0.000 0.000 0.000 0.992 1.000 0.000 0.994 0.956 0.000 0.000 0.000 0.000 0.000 0.983 0.962 0.998 0.955 0.000 0.002 0.000 0.000 0.000 0.000 0.000 0.000 0.000 0.000 0.013 0.046 0.536 0.000 0.000
0.000 0.000 0.000 0.000 0.000 0.000 0.998 0.994 0.000 1.000 0.994 0.000 0.000 0.000 0.991 0.993 1.000 0.998 1.000 0.001 0.785 0.000 0.000 0.006 0.000 0.049 0.000 0.004 0.000 0.000 0.000 0.000 0.000 0.000
0.000 0.000 0.000 0.000 0.000 0.000 0.000 0.956 1.000 0.000 1.000 0.977 0.038 0.873 0.995 0.993 1.000 0.000 0.000 0.000 0.000 0.000 0.000 0.000 0.000 0.000 0.000 0.080 0.000 0.000 0.000 0.000 0.000 0.000
0.000 0.000 0.000 0.000 0.000 0.000 0.000 0.000 0.994 1.000 0.000 1.000 0.999 0.996 0.997 0.984 1.000 0.000 0.000 0.000 0.000 0.000 0.000 0.000 0.000 0.011 0.000 0.999 0.000 0.000 0.000 0.000 0.000 0.000
0.029 0.000 0.001 0.000 0.000 0.000 0.000 0.000 0.000 0.977 1.000 0.000 0.997 0.979 0.704 0.000 0.378 0.000 0.000 0.000 0.000 0.000 0.000 0.000 0.000 0.000 0.000 0.047 0.000 0.000 0.000 0.000 0.000 0.004
0.013 0.000 0.000 0.000 0.000 0.000 0.000 0.000 0.000 0.038 0.999 0.997 0.000 0.999 0.998 0.000 0.004 0.000 0.000 0.000 0.000 0.000 0.000 0.000 0.000 0.000 0.000 0.566 0.000 0.000 0.000 0.000 0.000 0.003
0.002 0.000 0.000 0.000 0.000 0.000 0.000 0.000 0.000 0.873 0.996 0.979 0.999 0.000 0.995 0.992 0.000 0.000 0.000 0.000 0.000 0.000 0.000 0.000 0.000 0.000 0.000 0.016 0.000 0.000 0.000 0.000 0.000 0.000
0.000 0.000 0.000 0.000 0.000 0.000 0.000 0.000 0.991 0.995 0.997 0.704 0.998 0.995 0.000 1.000 0.999 0.000 0.000 0.000 0.000 0.000 0.000 0.000 0.000 0.000 0.000 1.000 0.014 0.000 0.000 0.000 0.000 0.000
0.000 0.000 0.000 0.000 0.000 0.000 0.000 0.983 0.993 0.993 0.984 0.000 0.000 0.992 1.000 0.000 1.000 1.000 0.000 0.000 0.000 0.000 0.000 0.000 0.000 0.000 0.300 1.000 0.088 0.011 0.000 0.140 0.000 0.000
0.000 0.000 0.000 0.000 0.000 0.002 0.958 0.962 1.000 1.000 1.000 0.378 0.004 0.000 0.999 1.000 0.000 1.000 1.000 0.000 0.001 0.000 0.000 0.001 0.001 1.000 0.999 1.000 0.584 0.000 0.000 0.000 0.000 0.000
0.005 0.330 0.004 0.000 0.000 0.997 0.997 0.998 0.998 0.000 0.000 0.000 0.000 0.000 0.000 1.000 1.000 0.000 0.997 0.969 0.000 0.000 0.000 0.000 0.950 0.992 0.999 1.000 0.996 0.994 0.998 0.810 0.002 0.000
0.000 0.086 0.000 0.000 0.931 0.998 0.988 0.955 1.000 0.000 0.000 0.000 0.000 0.000 0.000 0.000 1.000 0.997 0.000 0.995 0.988 0.000 0.082 0.356 0.983 1.000 0.991 0.000 0.000 0.000 0.155 0.000 0.000 0.000
0.000 0.282 0.704 0.896 0.975 0.994 0.964 0.000 0.001 0.000 0.000 0.000 0.000 0.000 0.000 0.000 0.000 0.969 0.995 0.000 0.999 0.966 0.989 0.928 0.999 0.994 0.077 0.000 0.000 0.000 0.067 0.000 0.000 0.000
0.000 0.002 0.011 0.318 0.986 0.938 0.938 0.002 0.785 0.000 0.000 0.000 0.000 0.000 0.000 0.000 0.001 0.000 0.988 0.999 0.000 0.985 0.959 0.461 0.341 0.003 0.000 0.000 0.000 0.000 0.000 0.000 0.000 0.000
0.000 0.000 0.415 0.837 0.931 0.078 0.000 0.000 0.000 0.000 0.000 0.000 0.000 0.000 0.000 0.000 0.000 0.000 0.000 0.966 0.985 0.000 0.987 0.883 0.019 0.000 0.000 0.000 0.000 0.000 0.000 0.000 0.000 0.000
0.000 0.012 0.596 0.460 0.292 0.283 0.000 0.000 0.000 0.000 0.000 0.000 0.000 0.000 0.000 0.000 0.000 0.000 0.082 0.989 0.959 0.987 0.000 0.990 0.986 0.001 0.004 0.000 0.000 0.000 0.000 0.000 0.000 0.002
0.000 0.000 0.003 0.000 0.000 0.000 0.000 0.000 0.006 0.000 0.000 0.000 0.000 0.000 0.000 0.000 0.001 0.000 0.356 0.928 0.461 0.883 0.990 0.000 0.968 0.899 0.000 0.000 0.000 0.000 0.000 0.000 0.000 0.000
0.105 0.596 0.587 0.000 0.000 0.997 0.000 0.000 0.000 0.000 0.000 0.000 0.000 0.000 0.000 0.000 0.001 0.950 0.983 0.999 0.341 0.019 0.986 0.968 0.000 1.000 0.997 0.004 0.037 0.000 0.095 0.000 0.000 0.269
0.000 0.000 0.000 0.000 0.000 0.983 0.000 0.000 0.049 0.000 0.011 0.000 0.000 0.000 0.000 0.000 1.000 0.992 1.000 0.994 0.003 0.000 0.001 0.899 1.000 0.000 0.995 0.981 0.000 0.000 0.000 0.000 0.000 0.000
0.000 0.585 0.003 0.000 0.000 1.000 0.000 0.000 0.000 0.000 0.000 0.000 0.000 0.000 0.000 0.300 0.999 0.999 0.991 0.077 0.000 0.000 0.004 0.000 0.997 0.995 0.000 1.000 1.000 0.994 0.992 0.010 0.099 0.703
0.000 0.000 0.000 0.000 0.000 0.000 0.000 0.000 0.004 0.080 0.999 0.047 0.566 0.016 1.000 1.000 1.000 1.000 0.000 0.000 0.000 0.000 0.000 0.000 0.004 0.981 1.000 0.000 1.000 0.983 0.018 0.000 0.000 0.000
0.000 0.014 0.000 0.000 0.000 0.017 0.000 0.000 0.000 0.000 0.000 0.000 0.000 0.000 0.014 0.088 0.584 0.996 0.000 0.000 0.000 0.000 0.000 0.000 0.037 0.000 1.000 1.000 0.000 0.996 0.991 0.001 0.683 0.455
0.017 0.509 0.106 0.000 0.000 0.000 0.000 0.013 0.000 0.000 0.000 0.000 0.000 0.000 0.000 0.011 0.000 0.994 0.000 0.000 0.000 0.000 0.000 0.000 0.000 0.000 0.994 0.983 0.996 0.000 1.000 1.000 0.974 0.722
0.140 0.988 0.433 0.007 0.000 0.999 0.215 0.046 0.000 0.000 0.000 0.000 0.000 0.000 0.000 0.000 0.000 0.998 0.155 0.067 0.000 0.000 0.000 0.000 0.095 0.000 0.992 0.018 0.991 1.000 0.000 0.991 0.981 0.800
0.402 0.769 0.338 0.002 0.000 0.084 0.012 0.536 0.000 0.000 0.000 0.000 0.000 0.000 0.000 0.140 0.000 0.810 0.000 0.000 0.000 0.000 0.000 0.000 0.000 0.000 0.010 0.000 0.001 1.000 0.991 0.000 0.995 0.943
0.086 0.214 0.003 0.000 0.000 0.000 0.000 0.000 0.000 0.000 0.000 0.000 0.000 0.000 0.000 0.000 0.000 0.002 0.000 0.000 0.000 0.000 0.000 0.000 0.000 0.000 0.099 0.000 0.683 0.974 0.981 0.995 0.000 0.994
0.567 0.539 0.090 0.000 0.000 0.185 0.000 0.000 0.000 0.000 0.000 0.004 0.003 0.000 0.000 0.000 0.000 0.000 0.000 0.000 0.000 0.000 0.002 0.000 0.269 0.000 0.703 0.000 0.455 0.722 0.800 0.943 0.994 0.000
