0.000 0.992 0.975 0.011 0.000 0.000 0.001 0.084 0.000 0.000 0.000 0.000 0.000 0.000 0.000 0.000 0.000 0.000 0.038 0.000 0.000 0.000 0.000 0.000 0.000 0.000 0.000 0.000 0.000 0.000 0.117 0.113 0.938 0.038 0.023
0.992 0.000 1.000 0.992 0.012 0.997 0.954 0.990 0.000 0.000 0.000 0.000 0.000 0.000 0.000 0.000 0.000 0.001 0.983 0.176 0.000 0.015 0.000 0.000 0.000 0.000 0.000 0.001 0.000 0.000 0.661 0.929 0.936 0.003 0.000
0.975 1.000 0.000 1.000 0.946 0.979 0.036 0.053 0.000 0.000 0.000 0.000 0.000 0.000 0.000 0.000 0.000 0.000 0.135 0.000 0.001 0.003 0.027 0.000 0.000 0.000 0.000 0.000 0.000 0.000 0.293 0.992 0.963 0.229 0.002
0.011 0.992 1.000 0.000 0.981 0.994 0.000 0.000 0.000 0.000 0.000 0.000 0.000 0.000 0.000 0.000 0.000 0.000 0.000 0.000 0.492 0.028 0.177 0.040 0.000 0.000 0.000 0.000 0.000 0.000 0.001 0.021 0.052 0.002 0.000
0.000 0.012 0.946 0.981 0.000 1.000 0.983 0.000 0.000 0.000 0.000 0.000 0.000 0.000 0.000 0.000 0.000 0.000 0.000 0.979 0.995 0.945 0.913 0.276 0.000 0.000 0.000 0.000 0.000 0.000 0.000 0.000 0.000 0.000 0.000
0.000 0.997 0.979 0.994 1.000 0.000 0.998 0.987 0.000 0.000 0.000 0.000 0.000 0.000 0.000 0.000 0.000 0.006 1.000 0.999 1.000 0.740 0.170 0.328 0.000 0.947 0.917 1.000 0.000 0.163 0.020 0.996 0.008 0.033 0.000
0.001 0.954 0.036 0.000 0.983 0.998 0.000 1.000 1.000 0.000 0.000 0.000 0.000 0.000 0.000 0.000 0.000 0.993 0.991 1.000 0.987 0.766 0.001 0.000 0.036 0.000 0.000 0.000 0.000 0.000 0.000 0.068 0.000 0.000 0.000
0.084 0.990 0.053 0.000 0.000 0.987 1.000 0.000 1.000 1.000 0.000 0.000 0.000 0.000 0.000 0.002 0.999 0.999 0.998 1.000 0.000 0.000 0.000 0.000 0.000 0.000 0.000 0.000 0.000 0.000 0.042 0.124 0.446 0.000 0.000
0.000 0.000 0.000 0.000 0.000 0.000 1.000 1.000 0.000 1.000 1.000 0.155 0.000 0.000 0.000 0.987 0.992 1.000 0.982 1.000 0.002 0.263 0.000 0.000 0.037 0.000 0.207 0.000 0.004 0.000 0.000 0.000 0.000 0.000 0.000
0.000 0.000 0.000 0.000 0.000 0.000 0.000 1.000 1.000 0.000 1.000 1.000 0.004 0.029 0.993 0.988 0.987 0.999 0.000 0.000 0.000 0.000 0.000 0.000 0.000 0.000 0.000 0.000 0.091 0.000 0.000 0.000 0.000 0.000 0.000
0.000 0.000 0.000 0.000 0.000 0.000 0.000 0.000 1.000 1.000 0.000 0.999 0.993 0.995 0.991 0.998 0.993 1.000 0.000 0.000 0.000 0.000 0.000 0.000 0.000 0.000 0.000 0.000 0.976 0.000 0.000 0.000 0.000 0.000 0.000
0.000 0.000 0.000 0.000 0.000 0.000 0.000 0.000 0.155 1.000 0.999 0.000 0.999 0.985 0.992 0.030 0.000 0.982 0.000 0.000 0.000 0.000 0.000 0.000 0.000 0.000 0.000 0.000 0.055 0.000 0.000 0.000 0.000 0.000 0.000
0.000 0.000 0.000 0.000 0.000 0.000 0.000 0.000 0.000 0.004 0.993 0.999 0.000 0.998 0.997 0.051 0.000 0.001 0.000 0.000 0.000 0.000 0.000 0.000 0.000 0.000 0.000 0.000 0.122 0.000 0.000 0.000 0.000 0.000 0.005
0.000 0.000 0.000 0.000 0.000 0.000 0.000 0.000 0.000 0.029 0.995 0.985 0.998 0.000 0.998 0.995 0.000 0.003 0.000 0.000 0.000 0.000 0.000 0.000 0.000 0.000 0.000 0.000 0.911 0.000 0.000 0.000 0.000 0.000 0.000
0.000 0.000 0.000 0.000 0.000 0.000 0.000 0.000 0.000 0.993 0.991 0.992 0.997 0.998 0.000 0.985 0.967 0.000 0.000 0.000 0.000 0.000 0.000 0.000 0.000 0.000 0.000 0.000 0.020 0.000 0.000 0.000 0.000 0.000 0.000
0.000 0.000 0.000 0.000 0.000 0.000 0.000 0.002 0.987 0.988 0.998 0.030 0.051 0.995 0.985 0.000 1.000 1.000 0.052 0.000 0.000 0.000 0.000 0.000 0.000 0.000 0.000 0.004 0.990 0.081 0.003 0.000 0.000 0.000 0.000
0.000 0.000 0.000 0.000 0.000 0.000 0.000 0.999 0.992 0.987 0.993 0.000 0.000 0.000 0.967 1.000 0.000 1.000 0.996 0.000 0.000 0.000 0.000 0.000 0.000 0.000 0.000 0.100 0.998 0.009 0.052 0.000 0.092 0.000 0.000
0.000 0.001 0.000 0.000 0.000 0.006 0.993 0.999 1.000 0.999 1.000 0.982 0.001 0.003 0.000 1.000 1.000 0.000 1.000 1.000 0.000 0.001 0.000 0.000 0.001 0.006 1.000 0.992 1.000 0.292 0.000 0.000 0.000 0.000 0.000
0.038 0.983 0.135 0.000 0.000 1.000 0.991 0.998 0.982 0.000 0.000 0.000 0.000 0.000 0.000 0.052 0.996 1.000 0.000 1.000 0.998 0.000 0.000 0.000 0.000 0.996 1.000 1.000 1.000 1.000 0.975 0.988 0.623 0.000 0.000
0.000 0.176 0.000 0.000 0.979 0.999 1.000 1.000 1.000 0.000 0.000 0.000 0.000 0.000 0.000 0.000 0.000 1.000 1.000 0.000 0.998 1.000 0.027 0.006 0.587 0.995 1.000 0.989 0.000 0.000 0.000 0.073 0.000 0.000 0.000
0.000 0.000 0.001 0.492 0.995 1.000 0.987 0.000 0.002 0.000 0.000 0.000 0.000 0.000 0.000 0.000 0.000 0.000 0.998 0.998 0.000 0.998 1.000 1.000 1.000 1.000 0.999 0.202 0.000 0.000 0.000 0.001 0.000 0.000 0.000
0.000 0.015 0.003 0.028 0.945 0.740 0.766 0.000 0.263 0.000 0.000 0.000 0.000 0.000 0.000 0.000 0.000 0.001 0.000 1.000 0.998 0.000 0.997 0.984 1.000 0.676 0.050 0.000 0.000 0.000 0.000 0.000 0.000 0.000 0.000
0.000 0.000 0.027 0.177 0.913 0.170 0.001 0.000 0.000 0.000 0.000 0.000 0.000 0.000 0.000 0.000 0.000 0.000 0.000 0.027 1.000 0.997 0.000 0.999 0.999 0.238 0.000 0.000 0.000 0.000 0.000 0.000 0.000 0.000 0.000
0.000 0.000 0.000 0.040 0.276 0.328 0.000 0.000 0.000 0.000 0.000 0.000 0.000 0.000 0.000 0.000 0.000 0.000 0.000 0.006 1.000 0.984 0.999 0.000 0.994 1.000 0.000 0.000 0.000 0.000 0.000 0.000 0.000 0.000 0.000
0.000 0.000 0.000 0.000 0.000 0.000 0.036 0.000 0.037 0.000 0.000 0.000 0.000 0.000 0.000 0.000 0.000 0.001 0.000 0.587 1.000 1.000 0.999 0.994 0.000 0.992 0.997 0.000 0.000 0.000 0.000 0.000 0.000 0.000 0.000
0.000 0.000 0.000 0.000 0.000 0.947 0.000 0.000 0.000 0.000 0.000 0.000 0.000 0.000 0.000 0.000 0.000 0.006 0.996 0.995 1.000 0.676 0.238 1.000 0.992 0.000 1.000 1.000 0.000 0.000 0.000 0.009 0.000 0.004 0.000
0.000 0.000 0.000 0.000 0.000 0.917 0.000 0.000 0.207 0.000 0.000 0.000 0.000 0.000 0.000 0.000 0.000 1.000 1.000 1.000 0.999 0.050 0.000 0.000 0.997 1.000 0.000 1.000 0.980 0.000 0.000 0.000 0.000 0.000 0.000
0.000 0.001 0.000 0.000 0.000 1.000 0.000 0.000 0.000 0.000 0.000 0.000 0.000 0.000 0.000 0.004 0.100 0.992 1.000 0.989 0.202 0.000 0.000 0.000 0.000 1.000 1.000 0.000 1.000 0.999 0.749 0.944 0.016 0.019 0.003
0.000 0.000 0.000 0.000 0.000 0.000 0.000 0.000 0.004 0.091 0.976 0.055 0.122 0.911 0.020 0.990 0.998 1.000 1.000 0.000 0.000 0.000 0.000 0.000 0.000 0.000 0.980 1.000 0.000 0.998 0.912 0.009 0.000 0.000 0.000
0.000 0.000 0.000 0.000 0.000 0.163 0.000 0.000 0.000 0.000 0.000 0.000 0.000 0.000 0.000 0.081 0.009 0.292 1.000 0.000 0.000 0.000 0.000 0.000 0.000 0.000 0.000 0.999 0.998 0.000 0.997 0.997 0.017 0.229 0.079
0.117 0.661 0.293 0.001 0.000 0.020 0.000 0.042 0.000 0.000 0.000 0.000 0.000 0.000 0.000 0.003 0.052 0.000 0.975 0.000 0.000 0.000 0.000 0.000 0.000 0.000 0.000 0.749 0.912 0.997 0.000 1.000 0.999 0.620 0.064
0.113 0.929 0.992 0.021 0.000 0.996 0.068 0.124 0.000 0.000 0.000 0.000 0.000 0.000 0.000 0.000 0.000 0.000 0.988 0.073 0.001 0.000 0.000 0.000 0.000 0.009 0.000 0.944 0.009 0.997 1.000 0.000 0.994 0.898 0.061
0.938 0.936 0.963 0.052 0.000 0.008 0.000 0.446 0.000 0.000 0.000 0.000 0.000 0.000 0.000 0.000 0.092 0.000 0.623 0.000 0.000 0.000 0.000 0.000 0.000 0.000 0.000 0.016 0.000 0.017 0.999 0.994 0.000 0.995 0.964
0.038 0.003 0.229 0.002 0.000 0.033 0.000 0.000 0.000 0.000 0.000 0.000 0.000 0.000 0.000 0.000 0.000 0.000 0.000 0.000 0.000 0.000 0.000 0.000 0.000 0.004 0.000 0.019 0.000 0.229 0.620 0.898 0.995 0.000 0.998
0.023 0.000 0.002 0.000 0.000 0.000 0.000 0.000 0.000 0.000 0.000 0.000 0.005 0.000 0.000 0.000 0.000 0.000 0.000 0.000 0.000 0.000 0.000 0.000 0.000 0.000 0.000 0.003 0.000 0.079 0.064 0.061 0.964 0.998 0.000
