0.000 0.971 0.900 0.079 0.000 0.007 0.000 0.001 0.000 0.000 0.000 0.012 0.004 0.000 0.000 0.000 0.000 0.004 0.000 0.000 0.000 0.001 0.036 0.000 0.014 0.000 0.003 0.000 0.085 0.110 0.246 0.269 0.148 0.268
0.971 0.000 0.998 0.989 0.031 0.481 0.082 0.183 0.001 0.001 0.000 0.002 0.000 0.000 0.000 0.050 0.001 0.256 0.024 0.009 0.000 0.000 0.044 0.000 0.030 0.000 0.121 0.000 0.108 0.159 0.917 0.706 0.372 0.283
0.900 0.998 0.000 0.996 0.978 1.000 0.002 0.018 0.000 0.000 0.000 0.000 0.000 0.000 0.000 0.001 0.000 0.177 0.013 0.183 0.016 0.093 0.144 0.000 0.084 0.003 0.375 0.000 0.148 0.187 0.846 0.476 0.210 0.195
0.079 0.989 0.996 0.000 0.997 0.994 0.000 0.000 0.000 0.000 0.000 0.003 0.000 0.000 0.000 0.000 0.000 0.003 0.000 0.389 0.182 0.162 0.057 0.000 0.000 0.000 0.000 0.000 0.000 0.000 0.074 0.062 0.000 0.000
0.000 0.031 0.978 0.997 0.000 0.992 0.959 0.000 0.000 0.000 0.000 0.000 0.000 0.000 0.000 0.000 0.000 0.000 0.622 0.811 0.704 0.634 0.032 0.007 0.000 0.000 0.000 0.000 0.000 0.000 0.000 0.001 0.000 0.000
0.007 0.481 1.000 0.994 0.992 0.000 1.000 0.998 0.000 0.000 0.000 0.000 0.000 0.000 0.000 0.063 0.001 1.000 1.000 0.946 0.817 0.182 0.166 0.062 0.281 0.211 0.511 0.001 0.190 0.138 0.816 0.213 0.000 0.001
0.000 0.082 0.002 0.000 0.959 1.000 0.000 0.996 1.000 0.000 0.000 0.000 0.000 0.000 0.000 0.000 0.998 1.000 0.998 0.931 0.737 0.000 0.000 0.353 0.000 0.000 0.000 0.000 0.000 0.000 0.028 0.000 0.000 0.000
0.001 0.183 0.018 0.000 0.000 0.998 0.996 0.000 1.000 1.000 0.000 0.000 0.000 0.000 0.000 1.000 0.996 1.000 0.970 0.000 0.024 0.000 0.000 0.000 0.000 0.000 0.000 0.000 0.000 0.010 0.174 0.100 0.000 0.000
0.000 0.001 0.000 0.000 0.000 0.000 1.000 1.000 0.000 1.000 0.997 0.001 0.000 0.000 0.990 0.997 1.000 0.999 0.999 0.004 0.098 0.000 0.000 0.437 0.000 0.137 0.000 0.000 0.000 0.000 0.000 0.000 0.000 0.000
0.000 0.001 0.000 0.000 0.000 0.000 0.000 1.000 1.000 0.000 1.000 0.996 0.017 0.997 1.000 1.000 0.992 0.000 0.000 0.000 0.000 0.000 0.000 0.000 0.000 0.000 0.000 0.004 0.000 0.000 0.000 0.000 0.000 0.000
0.000 0.000 0.000 0.000 0.000 0.000 0.000 0.000 0.997 1.000 0.000 1.000 1.000 0.987 0.999 0.997 1.000 0.000 0.000 0.000 0.000 0.000 0.000 0.000 0.000 0.001 0.000 0.806 0.000 0.000 0.000 0.000 0.000 0.000
0.012 0.002 0.000 0.003 0.000 0.000 0.000 0.000 0.001 0.996 1.000 0.000 1.000 0.994 0.741 0.000 0.065 0.000 0.000 0.000 0.000 0.000 0.000 0.000 0.000 0.000 0.000 0.000 0.000 0.000 0.000 0.000 0.000 0.000
0.004 0.000 0.000 0.000 0.000 0.000 0.000 0.000 0.000 0.017 1.000 1.000 0.000 1.000 1.000 0.000 0.000 0.000 0.000 0.000 0.000 0.000 0.000 0.000 0.000 0.000 0.000 0.003 0.000 0.000 0.000 0.000 0.000 0.000
0.000 0.000 0.000 0.000 0.000 0.000 0.000 0.000 0.000 0.997 0.987 0.994 1.000 0.000 0.998 0.990 0.000 0.000 0.000 0.000 0.000 0.000 0.000 0.000 0.000 0.000 0.000 0.000 0.000 0.000 0.000 0.000 0.000 0.000
0.000 0.000 0.000 0.000 0.000 0.000 0.000 0.000 0.990 1.000 0.999 0.741 1.000 0.998 0.000 1.000 0.993 0.001 0.000 0.000 0.000 0.000 0.000 0.000 0.000 0.000 0.000 0.796 0.000 0.001 0.000 0.000 0.000 0.000
0.000 0.050 0.001 0.000 0.000 0.063 0.000 1.000 0.997 1.000 0.997 0.000 0.000 0.990 1.000 0.000 0.997 1.000 0.000 0.000 0.000 0.000 0.000 0.000 0.000 0.000 0.228 0.986 0.520 0.831 0.501 0.383 0.018 0.000
0.000 0.001 0.000 0.000 0.000 0.001 0.998 0.996 1.000 0.992 1.000 0.065 0.000 0.000 0.993 0.997 0.000 1.000 0.998 0.000 0.000 0.000 0.000 0.002 0.003 0.989 0.997 0.994 0.192 0.002 0.004 0.000 0.000 0.000
0.004 0.256 0.177 0.003 0.000 1.000 1.000 1.000 0.999 0.000 0.000 0.000 0.000 0.000 0.001 1.000 1.000 0.000 1.000 0.925 0.000 0.000 0.000 0.000 0.881 0.979 0.999 0.987 0.951 0.931 0.985 0.240 0.000 0.000
0.000 0.024 0.013 0.000 0.622 1.000 0.998 0.970 0.999 0.000 0.000 0.000 0.000 0.000 0.000 0.000 0.998 1.000 0.000 0.997 0.994 0.001 0.004 0.737 0.965 0.999 0.997 0.005 0.000 0.000 0.021 0.000 0.000 0.000
0.000 0.009 0.183 0.389 0.811 0.946 0.931 0.000 0.004 0.000 0.000 0.000 0.000 0.000 0.000 0.000 0.000 0.925 0.997 0.000 1.000 0.994 0.954 0.967 0.998 0.988 0.423 0.000 0.000 0.000 0.012 0.000 0.000 0.000
0.000 0.000 0.016 0.182 0.704 0.817 0.737 0.024 0.098 0.000 0.000 0.000 0.000 0.000 0.000 0.000 0.000 0.000 0.994 1.000 0.000 0.974 0.900 0.989 0.401 0.000 0.000 0.000 0.000 0.000 0.000 0.000 0.000 0.000
0.001 0.000 0.093 0.162 0.634 0.182 0.000 0.000 0.000 0.000 0.000 0.000 0.000 0.000 0.000 0.000 0.000 0.000 0.001 0.994 0.974 0.000 0.998 0.998 0.138 0.000 0.000 0.000 0.000 0.000 0.000 0.000 0.000 0.000
0.036 0.044 0.144 0.057 0.032 0.166 0.000 0.000 0.000 0.000 0.000 0.000 0.000 0.000 0.000 0.000 0.000 0.000 0.004 0.954 0.900 0.998 0.000 0.987 1.000 0.001 0.003 0.000 0.000 0.000 0.000 0.000 0.000 0.000
0.000 0.000 0.000 0.000 0.007 0.062 0.353 0.000 0.437 0.000 0.000 0.000 0.000 0.000 0.000 0.000 0.002 0.000 0.737 0.967 0.989 0.998 0.987 0.000 1.000 0.910 0.000 0.000 0.000 0.000 0.000 0.007 0.000 0.000
0.014 0.030 0.084 0.000 0.000 0.281 0.000 0.000 0.000 0.000 0.000 0.000 0.000 0.000 0.000 0.000 0.003 0.881 0.965 0.998 0.401 0.138 1.000 1.000 0.000 0.999 0.951 0.001 0.000 0.000 0.007 0.000 0.000 0.000
0.000 0.000 0.003 0.000 0.000 0.211 0.000 0.000 0.137 0.000 0.001 0.000 0.000 0.000 0.000 0.000 0.989 0.979 0.999 0.988 0.000 0.000 0.001 0.910 0.999 0.000 0.993 0.996 0.001 0.000 0.000 0.000 0.000 0.000
0.003 0.121 0.375 0.000 0.000 0.511 0.000 0.000 0.000 0.000 0.000 0.000 0.000 0.000 0.000 0.228 0.997 0.999 0.997 0.423 0.000 0.000 0.003 0.000 0.951 0.993 0.000 1.000 0.997 0.295 0.510 0.000 0.001 0.007
0.000 0.000 0.000 0.000 0.000 0.001 0.000 0.000 0.000 0.004 0.806 0.000 0.003 0.000 0.796 0.986 0.994 0.987 0.005 0.000 0.000 0.000 0.000 0.000 0.001 0.996 1.000 0.000 0.986 0.952 0.047 0.000 0.000 0.000
0.085 0.108 0.148 0.000 0.000 0.190 0.000 0.000 0.000 0.000 0.000 0.000 0.000 0.000 0.000 0.520 0.192 0.951 0.000 0.000 0.000 0.000 0.000 0.000 0.000 0.001 0.997 0.986 0.000 0.987 0.993 0.037 0.860 0.734
0.110 0.159 0.187 0.000 0.000 0.138 0.000 0.010 0.000 0.000 0.000 0.000 0.000 0.000 0.001 0.831 0.002 0.931 0.000 0.000 0.000 0.000 0.000 0.000 0.000 0.000 0.295 0.952 0.987 0.000 1.000 1.000 0.999 0.189
0.246 0.917 0.846 0.074 0.000 0.816 0.028 0.174 0.000 0.000 0.000 0.000 0.000 0.000 0.000 0.501 0.004 0.985 0.021 0.012 0.000 0.000 0.000 0.000 0.007 0.000 0.510 0.047 0.993 1.000 0.000 0.971 0.962 0.207
0.269 0.706 0.476 0.062 0.001 0.213 0.000 0.100 0.000 0.000 0.000 0.000 0.000 0.000 0.000 0.383 0.000 0.240 0.000 0.000 0.000 0.000 0.000 0.007 0.000 0.000 0.000 0.000 0.037 1.000 0.971 0.000 0.995 0.892
0.148 0.372 0.210 0.000 0.000 0.000 0.000 0.000 0.000 0.000 0.000 0.000 0.000 0.000 0.000 0.018 0.000 0.000 0.000 0.000 0.000 0.000 0.000 0.000 0.000 0.000 0.001 0.000 0.860 0.999 0.962 0.995 0.000 0.987
0.268 0.283 0.195 0.000 0.000 0.001 0.000 0.000 0.000 0.000 0.000 0.000 0.000 0.000 0.000 0.000 0.000 0.000 0.000 0.000 0.000 0.000 0.000 0.000 0.000 0.000 0.007 0.000 0.734 0.189 0.207 0.892 0.987 0.000
