0.000 1.000 0.977 0.000 0.000 0.015 0.020 0.326 0.000 0.000 0.000 0.001 0.000 0.000 0.000 0.000 0.042 0.000 0.000 0.000 0.000 0.000 0.000 0.000 0.000 0.000 0.000 0.000 0.034 0.227 0.180 0.151 0.008
1.000 0.000 0.998 0.913 0.018 0.990 0.992 0.975 0.001 0.000 0.000 0.000 0.000 0.000 0.001 0.000 0.991 0.235 0.000 0.000 0.000 0.000 0.000 0.000 0.000 0.000 0.000 0.000 0.837 0.968 0.375 0.143 0.001
0.977 0.998 0.000 0.977 0.936 1.000 0.000 0.000 0.000 0.000 0.000 0.000 0.000 0.000 0.000 0.000 0.004 0.000 0.294 0.000 0.000 0.000 0.000 0.000 0.000 0.000 0.000 0.000 0.003 0.989 0.940 0.235 0.002
0.000 0.913 0.977 0.000 0.998 0.968 0.000 0.000 0.000 0.000 0.000 0.008 0.004 0.000 0.000 0.000 0.000 0.000 0.939 0.003 0.391 0.000 0.000 0.000 0.000 0.000 0.000 0.000 0.000 0.004 0.000 0.000 0.000
0.000 0.018 0.936 0.998 0.000 0.981 0.910 0.000 0.000 0.000 0.000 0.000 0.000 0.000 0.000 0.000 0.000 0.922 0.976 0.985 0.934 0.000 0.000 0.000 0.000 0.000 0.000 0.000 0.000 0.000 0.000 0.000 0.000
0.015 0.990 1.000 0.968 0.981 0.000 0.998 0.913 0.000 0.000 0.000 0.000 0.000 0.000 0.000 0.004 0.983 0.998 0.998 0.958 0.584 0.006 0.000 0.964 0.941 0.992 0.000 0.007 0.001 0.998 0.254 0.001 0.001
0.020 0.992 0.000 0.000 0.910 0.998 0.000 1.000 0.992 0.024 0.000 0.000 0.000 0.000 0.000 0.941 0.983 0.996 0.902 0.978 0.002 0.000 0.000 0.000 0.000 0.000 0.000 0.000 0.000 0.334 0.000 0.000 0.000
0.326 0.975 0.000 0.000 0.000 0.913 1.000 0.000 0.999 0.987 0.000 0.000 0.001 0.007 0.994 0.965 0.981 0.918 0.000 0.000 0.000 0.000 0.000 0.000 0.000 0.000 0.003 0.000 0.111 0.016 0.000 0.066 0.000
0.000 0.001 0.000 0.000 0.000 0.000 0.992 0.999 0.000 0.999 0.941 0.000 0.003 0.840 0.994 0.996 0.932 0.978 0.000 0.054 0.000 0.000 0.000 0.000 0.253 0.000 0.000 0.000 0.000 0.000 0.000 0.000 0.000
0.000 0.000 0.000 0.000 0.000 0.000 0.024 0.987 0.999 0.000 0.991 0.797 0.053 0.902 0.979 0.952 0.001 0.000 0.000 0.000 0.000 0.000 0.000 0.000 0.000 0.000 0.010 0.000 0.000 0.000 0.000 0.000 0.000
0.000 0.000 0.000 0.000 0.000 0.000 0.000 0.000 0.941 0.991 0.000 0.992 0.971 0.982 0.926 0.962 0.000 0.000 0.000 0.000 0.000 0.000 0.000 0.000 0.000 0.000 0.297 0.000 0.000 0.000 0.000 0.000 0.001
0.001 0.000 0.000 0.008 0.000 0.000 0.000 0.000 0.000 0.797 0.992 0.000 0.985 0.923 0.001 0.004 0.000 0.000 0.001 0.000 0.016 0.000 0.000 0.000 0.000 0.000 0.011 0.000 0.000 0.000 0.000 0.000 0.003
0.000 0.000 0.000 0.004 0.000 0.000 0.000 0.001 0.003 0.053 0.971 0.985 0.000 0.975 0.789 0.257 0.000 0.000 0.000 0.000 0.003 0.000 0.000 0.000 0.000 0.000 0.432 0.000 0.000 0.000 0.000 0.000 0.000
0.000 0.000 0.000 0.000 0.000 0.000 0.000 0.007 0.840 0.902 0.982 0.923 0.975 0.000 0.967 0.943 0.000 0.000 0.000 0.000 0.000 0.000 0.000 0.000 0.000 0.000 0.500 0.000 0.000 0.000 0.000 0.000 0.000
0.000 0.001 0.000 0.000 0.000 0.000 0.000 0.994 0.994 0.979 0.926 0.001 0.789 0.967 0.000 1.000 0.989 0.000 0.000 0.000 0.000 0.000 0.000 0.000 0.000 0.047 0.970 0.023 0.051 0.000 0.000 0.011 0.000
0.000 0.000 0.000 0.000 0.000 0.004 0.941 0.965 0.996 0.952 0.962 0.004 0.257 0.943 1.000 0.000 0.999 0.988 0.000 0.000 0.000 0.000 0.000 0.002 0.977 0.982 0.992 0.355 0.002 0.000 0.000 0.000 0.000
0.042 0.991 0.004 0.000 0.000 0.983 0.983 0.981 0.932 0.001 0.000 0.000 0.000 0.000 0.989 0.999 0.000 0.999 0.890 0.000 0.000 0.000 0.000 0.844 0.947 0.999 0.997 0.994 0.998 0.991 0.000 0.101 0.000
0.000 0.235 0.000 0.000 0.922 0.998 0.996 0.918 0.978 0.000 0.000 0.000 0.000 0.000 0.000 0.988 0.999 0.000 0.999 0.996 0.005 0.052 0.970 0.979 0.980 0.937 0.000 0.000 0.000 0.257 0.000 0.000 0.001
0.000 0.000 0.294 0.939 0.976 0.998 0.902 0.000 0.000 0.000 0.000 0.001 0.000 0.000 0.000 0.000 0.890 0.999 0.000 0.980 0.987 0.984 0.926 0.987 0.928 0.193 0.000 0.000 0.000 0.009 0.000 0.000 0.000
0.000 0.000 0.000 0.003 0.985 0.958 0.978 0.000 0.054 0.000 0.000 0.000 0.000 0.000 0.000 0.000 0.000 0.996 0.980 0.000 0.999 0.957 0.918 0.229 0.000 0.000 0.000 0.000 0.000 0.000 0.000 0.000 0.000
0.000 0.000 0.000 0.391 0.934 0.584 0.002 0.000 0.000 0.000 0.000 0.016 0.003 0.000 0.000 0.000 0.000 0.005 0.987 0.999 0.000 0.989 0.931 0.013 0.000 0.000 0.000 0.000 0.000 0.000 0.000 0.000 0.000
0.000 0.000 0.000 0.000 0.000 0.006 0.000 0.000 0.000 0.000 0.000 0.000 0.000 0.000 0.000 0.000 0.000 0.052 0.984 0.957 0.989 0.000 0.990 0.962 0.000 0.000 0.000 0.000 0.000 0.000 0.000 0.000 0.000
0.000 0.000 0.000 0.000 0.000 0.000 0.000 0.000 0.000 0.000 0.000 0.000 0.000 0.000 0.000 0.000 0.000 0.970 0.926 0.918 0.931 0.990 0.000 0.965 0.890 0.000 0.000 0.000 0.000 0.000 0.000 0.000 0.000
0.000 0.000 0.000 0.000 0.000 0.964 0.000 0.000 0.000 0.000 0.000 0.000 0.000 0.000 0.000 0.002 0.844 0.979 0.987 0.229 0.013 0.962 0.965 0.000 0.987 0.950 0.002 0.000 0.000 0.000 0.000 0.000 0.000
0.000 0.000 0.000 0.000 0.000 0.941 0.000 0.000 0.253 0.000 0.000 0.000 0.000 0.000 0.000 0.977 0.947 0.980 0.928 0.000 0.000 0.000 0.890 0.987 0.000 0.993 0.997 0.000 0.000 0.000 0.000 0.000 0.000
0.000 0.000 0.000 0.000 0.000 0.992 0.000 0.000 0.000 0.000 0.000 0.000 0.000 0.000 0.047 0.982 0.999 0.937 0.193 0.000 0.000 0.000 0.000 0.950 0.993 0.000 0.999 1.000 0.982 0.997 0.828 0.442 0.203
0.000 0.000 0.000 0.000 0.000 0.000 0.000 0.003 0.000 0.010 0.297 0.011 0.432 0.500 0.970 0.992 0.997 0.000 0.000 0.000 0.000 0.000 0.000 0.002 0.997 0.999 0.000 0.999 0.987 0.034 0.000 0.003 0.003
0.000 0.000 0.000 0.000 0.000 0.007 0.000 0.000 0.000 0.000 0.000 0.000 0.000 0.000 0.023 0.355 0.994 0.000 0.000 0.000 0.000 0.000 0.000 0.000 0.000 1.000 0.999 0.000 0.998 0.984 0.031 0.698 0.299
0.034 0.837 0.003 0.000 0.000 0.001 0.000 0.111 0.000 0.000 0.000 0.000 0.000 0.000 0.051 0.002 0.998 0.000 0.000 0.000 0.000 0.000 0.000 0.000 0.000 0.982 0.987 0.998 0.000 0.998 0.980 0.914 0.313
0.227 0.968 0.989 0.004 0.000 0.998 0.334 0.016 0.000 0.000 0.000 0.000 0.000 0.000 0.000 0.000 0.991 0.257 0.009 0.000 0.000 0.000 0.000 0.000 0.000 0.997 0.034 0.984 0.998 0.000 0.997 0.986 0.323
0.180 0.375 0.940 0.000 0.000 0.254 0.000 0.000 0.000 0.000 0.000 0.000 0.000 0.000 0.000 0.000 0.000 0.000 0.000 0.000 0.000 0.000 0.000 0.000 0.000 0.828 0.000 0.031 0.980 0.997 0.000 0.995 0.949
0.151 0.143 0.235 0.000 0.000 0.001 0.000 0.066 0.000 0.000 0.000 0.000 0.000 0.000 0.011 0.000 0.101 0.000 0.000 0.000 0.000 0.000 0.000 0.000 0.000 0.442 0.003 0.698 0.914 0.986 0.995 0.000 0.990
0.008 0.001 0.002 0.000 0.000 0.001 0.000 0.000 0.000 0.000 0.001 0.003 0.000 0.000 0.000 0.000 0.000 0.001 0.000 0.000 0.000 0.000 0.000 0.000 0.000 0.203 0.003 0.299 0.313 0.323 0.949 0.990 0.000
