0.000 0.991 0.919 0.021 0.000 0.000 0.001 0.039 0.000 0.000 0.000 0.000 0.000 0.000 0.000 0.000 0.000 0.039 0.000 0.000 0.000 0.000 0.000 0.000 0.000 0.000 0.000 0.000 0.000 0.105 0.059 0.902 0.000 0.000
0.991 0.000 0.999 0.972 0.011 0.971 0.925 0.971 0.001 0.000 0.000 0.000 0.000 0.000 0.000 0.000 0.003 0.973 0.209 0.000 0.000 0.000 0.000 0.000 0.000 0.000 0.000 0.000 0.000 0.464 0.740 0.893 0.000 0.000
0.919 0.999 0.000 0.997 0.929 0.999 0.073 0.083 0.000 0.000 0.000 0.000 0.000 0.000 0.000 0.000 0.000 0.321 0.000 0.072 0.000 0.001 0.000 0.000 0.000 0.000 0.001 0.000 0.003 0.426 0.987 0.983 0.043 0.007
0.021 0.972 0.997 0.000 0.981 0.999 0.000 0.000 0.000 0.000 0.000 0.000 0.000 0.000 0.000 0.000 0.000 0.000 0.000 0.806 0.006 0.496 0.000 0.000 0.000 0.000 0.000 0.000 0.000 0.000 0.030 0.112 0.000 0.000
0.000 0.011 0.929 0.981 0.000 0.991 0.952 0.000 0.000 0.000 0.000 0.000 0.000 0.000 0.000 0.000 0.000 0.000 0.949 1.000 0.962 0.980 0.025 0.000 0.000 0.000 0.000 0.000 0.000 0.000 0.000 0.000 0.000 0.000
0.000 0.971 0.999 0.999 0.991 0.000 0.987 0.869 0.000 0.000 0.000 0.000 0.000 0.000 0.000 0.000 0.000 0.980 0.979 0.999 0.949 0.291 0.000 0.000 0.584 0.372 0.959 0.000 0.063 0.005 0.976 0.018 0.034 0.035
0.001 0.925 0.073 0.000 0.952 0.987 0.000 0.994 0.993 0.000 0.000 0.000 0.000 0.000 0.000 0.000 0.828 0.960 0.999 0.987 0.998 0.000 0.000 0.000 0.000 0.000 0.000 0.000 0.000 0.000 0.129 0.000 0.000 0.000
0.039 0.971 0.083 0.000 0.000 0.869 0.994 0.000 0.992 0.842 0.000 0.000 0.000 0.000 0.001 0.965 0.975 0.978 0.934 0.000 0.000 0.000 0.000 0.000 0.000 0.000 0.000 0.001 0.000 0.020 0.016 0.324 0.000 0.000
0.000 0.001 0.000 0.000 0.000 0.000 0.993 0.992 0.000 0.966 0.826 0.000 0.000 0.000 0.811 0.949 1.000 0.891 0.982 0.000 0.659 0.000 0.000 0.035 0.000 0.081 0.000 0.000 0.000 0.000 0.000 0.000 0.000 0.000
0.000 0.000 0.000 0.000 0.000 0.000 0.000 0.842 0.966 0.000 0.993 0.867 0.228 0.957 0.973 0.953 0.951 0.000 0.000 0.000 0.000 0.000 0.000 0.000 0.000 0.000 0.000 0.031 0.000 0.000 0.000 0.000 0.000 0.000
0.000 0.000 0.000 0.000 0.000 0.000 0.000 0.000 0.826 0.993 0.000 0.985 0.981 0.985 0.986 0.879 0.974 0.000 0.000 0.000 0.000 0.000 0.000 0.000 0.000 0.000 0.000 0.888 0.000 0.000 0.000 0.000 0.000 0.000
0.000 0.000 0.000 0.000 0.000 0.000 0.000 0.000 0.000 0.867 0.985 0.000 0.989 0.891 0.515 0.000 0.034 0.000 0.000 0.000 0.000 0.000 0.000 0.000 0.000 0.000 0.000 0.000 0.000 0.000 0.000 0.000 0.000 0.000
0.000 0.000 0.000 0.000 0.000 0.000 0.000 0.000 0.000 0.228 0.981 0.989 0.000 0.976 0.968 0.000 0.000 0.000 0.000 0.000 0.000 0.000 0.000 0.000 0.000 0.000 0.000 0.162 0.000 0.000 0.000 0.000 0.000 0.001
0.000 0.000 0.000 0.000 0.000 0.000 0.000 0.000 0.000 0.957 0.985 0.891 0.976 0.000 0.990 0.928 0.000 0.000 0.000 0.000 0.000 0.000 0.000 0.000 0.000 0.000 0.000 0.000 0.000 0.000 0.000 0.000 0.000 0.000
0.000 0.000 0.000 0.000 0.000 0.000 0.000 0.001 0.811 0.973 0.986 0.515 0.968 0.990 0.000 0.977 0.930 0.000 0.000 0.000 0.000 0.000 0.000 0.000 0.000 0.000 0.000 0.843 0.003 0.000 0.000 0.000 0.000 0.000
0.000 0.000 0.000 0.000 0.000 0.000 0.000 0.965 0.949 0.953 0.879 0.000 0.000 0.928 0.977 0.000 0.993 0.899 0.000 0.000 0.000 0.000 0.000 0.000 0.000 0.000 0.053 0.936 0.023 0.023 0.000 0.056 0.000 0.000
0.000 0.003 0.000 0.000 0.000 0.000 0.828 0.975 1.000 0.951 0.974 0.034 0.000 0.000 0.930 0.993 0.000 0.983 0.980 0.001 0.000 0.000 0.000 0.001 0.015 0.991 0.958 0.988 0.300 0.000 0.000 0.000 0.000 0.000
0.039 0.973 0.321 0.000 0.000 0.980 0.960 0.978 0.891 0.000 0.000 0.000 0.000 0.000 0.000 0.899 0.983 0.000 0.963 0.879 0.000 0.000 0.000 0.000 0.852 0.935 1.000 0.939 0.998 0.986 0.990 0.610 0.001 0.000
0.000 0.209 0.000 0.000 0.949 0.979 0.999 0.934 0.982 0.000 0.000 0.000 0.000 0.000 0.000 0.000 0.980 0.963 0.000 0.998 0.998 0.085 0.202 0.996 0.999 0.982 0.918 0.000 0.000 0.000 0.090 0.000 0.000 0.000
0.000 0.000 0.072 0.806 1.000 0.999 0.987 0.000 0.000 0.000 0.000 0.000 0.000 0.000 0.000 0.000 0.001 0.879 0.998 0.000 0.999 0.998 0.995 0.955 0.981 0.878 0.742 0.000 0.000 0.000 0.012 0.000 0.000 0.000
0.000 0.000 0.000 0.006 0.962 0.949 0.998 0.000 0.659 0.000 0.000 0.000 0.000 0.000 0.000 0.000 0.000 0.000 0.998 0.999 0.000 0.996 0.979 0.968 0.341 0.000 0.000 0.000 0.000 0.000 0.000 0.000 0.000 0.000
0.000 0.000 0.001 0.496 0.980 0.291 0.000 0.000 0.000 0.000 0.000 0.000 0.000 0.000 0.000 0.000 0.000 0.000 0.085 0.998 0.996 0.000 0.999 0.955 0.021 0.000 0.000 0.000 0.000 0.000 0.000 0.000 0.000 0.000
0.000 0.000 0.000 0.000 0.025 0.000 0.000 0.000 0.000 0.000 0.000 0.000 0.000 0.000 0.000 0.000 0.000 0.000 0.202 0.995 0.979 0.999 0.000 0.995 0.999 0.000 0.000 0.000 0.000 0.000 0.000 0.000 0.000 0.000
0.000 0.000 0.000 0.000 0.000 0.000 0.000 0.000 0.035 0.000 0.000 0.000 0.000 0.000 0.000 0.000 0.001 0.000 0.996 0.955 0.968 0.955 0.995 0.000 0.986 0.919 0.000 0.000 0.000 0.000 0.000 0.000 0.000 0.000
0.000 0.000 0.000 0.000 0.000 0.584 0.000 0.000 0.000 0.000 0.000 0.000 0.000 0.000 0.000 0.000 0.015 0.852 0.999 0.981 0.341 0.021 0.999 0.986 0.000 0.981 0.895 0.000 0.000 0.000 0.000 0.000 0.001 0.005
0.000 0.000 0.000 0.000 0.000 0.372 0.000 0.000 0.081 0.000 0.000 0.000 0.000 0.000 0.000 0.000 0.991 0.935 0.982 0.878 0.000 0.000 0.000 0.919 0.981 0.000 0.987 0.924 0.000 0.000 0.000 0.000 0.000 0.020
0.000 0.000 0.001 0.000 0.000 0.959 0.000 0.000 0.000 0.000 0.000 0.000 0.000 0.000 0.000 0.053 0.958 1.000 0.918 0.742 0.000 0.000 0.000 0.000 0.895 0.987 0.000 0.988 0.998 0.688 0.979 0.018 0.065 0.051
0.000 0.000 0.000 0.000 0.000 0.000 0.000 0.001 0.000 0.031 0.888 0.000 0.162 0.000 0.843 0.936 0.988 0.939 0.000 0.000 0.000 0.000 0.000 0.000 0.000 0.924 0.988 0.000 0.983 0.895 0.011 0.000 0.002 0.019
0.000 0.000 0.003 0.000 0.000 0.063 0.000 0.000 0.000 0.000 0.000 0.000 0.000 0.000 0.003 0.023 0.300 0.998 0.000 0.000 0.000 0.000 0.000 0.000 0.000 0.000 0.998 0.983 0.000 1.000 0.992 0.053 0.785 0.472
0.105 0.464 0.426 0.000 0.000 0.005 0.000 0.020 0.000 0.000 0.000 0.000 0.000 0.000 0.000 0.023 0.000 0.986 0.000 0.000 0.000 0.000 0.000 0.000 0.000 0.000 0.688 0.895 1.000 0.000 0.994 0.999 0.903 0.092
0.059 0.740 0.987 0.030 0.000 0.976 0.129 0.016 0.000 0.000 0.000 0.000 0.000 0.000 0.000 0.000 0.000 0.990 0.090 0.012 0.000 0.000 0.000 0.000 0.000 0.000 0.979 0.011 0.992 0.994 0.000 0.998 0.982 0.154
0.902 0.893 0.983 0.112 0.000 0.018 0.000 0.324 0.000 0.000 0.000 0.000 0.000 0.000 0.000 0.056 0.000 0.610 0.000 0.000 0.000 0.000 0.000 0.000 0.000 0.000 0.018 0.000 0.053 0.999 0.998 0.000 0.999 0.990
0.000 0.000 0.043 0.000 0.000 0.034 0.000 0.000 0.000 0.000 0.000 0.000 0.000 0.000 0.000 0.000 0.000 0.001 0.000 0.000 0.000 0.000 0.000 0.000 0.001 0.000 0.065 0.002 0.785 0.903 0.982 0.999 0.000 0.999
0.000 0.000 0.007 0.000 0.000 0.035 0.000 0.000 0.000 0.000 0.000 0.000 0.001 0.000 0.000 0.000 0.000 0.000 0.000 0.000 0.000 0.000 0.000 0.000 0.005 0.020 0.051 0.019 0.472 0.092 0.154 0.990 0.999 0.000
