0.000 0.999 0.969 0.013 0.000 0.000 0.000 0.012 0.000 0.000 0.000 0.000 0.000 0.000 0.000 0.000 0.000 0.016 0.000 0.000 0.000 0.000 0.000 0.000 0.000 0.000 0.000 0.000 0.000 0.786 0.441 0.405 0.717 0.232
0.999 0.000 0.995 0.936 0.004 0.983 0.887 0.954 0.000 0.000 0.000 0.000 0.000 0.000 0.000 0.000 0.000 0.997 0.148 0.000 0.020 0.000 0.000 0.000 0.000 0.000 0.000 0.000 0.000 0.975 0.970 0.453 0.700 0.047
0.969 0.995 0.000 0.996 0.925 0.999 0.008 0.005 0.000 0.000 0.000 0.000 0.000 0.000 0.000 0.000 0.000 0.035 0.000 0.001 0.014 0.018 0.000 0.000 0.000 0.000 0.000 0.000 0.000 0.404 0.999 0.978 0.982 0.601
0.013 0.936 0.996 0.000 0.995 0.999 0.002 0.000 0.000 0.000 0.000 0.000 0.000 0.000 0.000 0.000 0.000 0.000 0.000 0.049 0.228 0.148 0.000 0.000 0.000 0.000 0.000 0.000 0.000 0.000 0.007 0.024 0.599 0.193
0.000 0.004 0.925 0.995 0.000 0.989 0.845 0.000 0.000 0.000 0.000 0.000 0.000 0.000 0.000 0.000 0.000 0.000 0.806 0.925 0.962 0.797 0.004 0.000 0.001 0.000 0.000 0.000 0.000 0.000 0.000 0.000 0.001 0.001
0.000 0.983 0.999 0.999 0.989 0.000 0.992 0.893 0.000 0.000 0.000 0.000 0.000 0.000 0.000 0.000 0.000 0.990 0.982 0.978 0.924 0.073 0.061 0.007 0.843 0.688 0.978 0.000 0.134 0.027 0.994 0.173 0.054 0.059
0.000 0.887 0.008 0.002 0.845 0.992 0.000 0.997 0.985 0.000 0.000 0.000 0.000 0.000 0.000 0.000 0.863 0.968 0.982 0.841 0.951 0.000 0.000 0.545 0.000 0.000 0.000 0.000 0.000 0.000 0.149 0.000 0.000 0.000
0.012 0.954 0.005 0.000 0.000 0.893 0.997 0.000 0.976 0.917 0.000 0.000 0.000 0.000 0.000 0.987 0.953 0.995 0.872 0.000 0.020 0.000 0.000 0.000 0.000 0.000 0.000 0.000 0.000 0.613 0.022 0.000 0.000 0.000
0.000 0.000 0.000 0.000 0.000 0.000 0.985 0.976 0.000 0.988 0.884 0.000 0.000 0.000 0.882 0.971 1.000 0.931 0.991 0.006 0.237 0.000 0.000 0.630 0.000 0.129 0.000 0.002 0.000 0.000 0.000 0.000 0.000 0.000
0.000 0.000 0.000 0.000 0.000 0.000 0.000 0.917 0.988 0.000 0.996 0.867 0.043 0.607 0.961 0.962 0.968 0.000 0.000 0.000 0.000 0.000 0.000 0.000 0.000 0.000 0.000 0.068 0.000 0.000 0.000 0.000 0.000 0.000
0.000 0.000 0.000 0.000 0.000 0.000 0.000 0.000 0.884 0.996 0.000 0.977 0.997 0.979 0.980 0.907 0.986 0.000 0.000 0.000 0.000 0.000 0.000 0.000 0.000 0.004 0.000 0.924 0.000 0.000 0.000 0.000 0.000 0.000
0.000 0.000 0.000 0.000 0.000 0.000 0.000 0.000 0.000 0.867 0.977 0.000 0.965 0.887 0.580 0.000 0.225 0.000 0.000 0.000 0.000 0.000 0.000 0.000 0.000 0.000 0.000 0.003 0.000 0.000 0.000 0.000 0.000 0.000
0.000 0.000 0.000 0.000 0.000 0.000 0.000 0.000 0.000 0.043 0.997 0.965 0.000 0.980 0.957 0.000 0.022 0.000 0.000 0.000 0.000 0.000 0.000 0.000 0.000 0.015 0.000 0.511 0.000 0.000 0.000 0.000 0.000 0.001
0.000 0.000 0.000 0.000 0.000 0.000 0.000 0.000 0.000 0.607 0.979 0.887 0.980 0.000 0.983 0.877 0.000 0.000 0.000 0.000 0.000 0.000 0.000 0.000 0.000 0.000 0.000 0.000 0.000 0.000 0.000 0.000 0.000 0.000
0.000 0.000 0.000 0.000 0.000 0.000 0.000 0.000 0.882 0.961 0.980 0.580 0.957 0.983 0.000 0.986 0.978 0.004 0.000 0.000 0.000 0.000 0.000 0.000 0.000 0.000 0.000 0.984 0.277 0.000 0.000 0.000 0.000 0.000
0.000 0.000 0.000 0.000 0.000 0.000 0.000 0.987 0.971 0.962 0.907 0.000 0.000 0.877 0.986 0.000 0.997 0.984 0.000 0.000 0.000 0.000 0.000 0.000 0.000 0.000 0.111 0.960 0.010 0.346 0.000 0.000 0.000 0.000
0.000 0.000 0.000 0.000 0.000 0.000 0.863 0.953 1.000 0.968 0.986 0.225 0.022 0.000 0.978 0.997 0.000 0.993 0.998 0.000 0.000 0.000 0.000 0.016 0.048 0.973 0.961 1.000 0.365 0.001 0.000 0.000 0.000 0.000
0.016 0.997 0.035 0.000 0.000 0.990 0.968 0.995 0.931 0.000 0.000 0.000 0.000 0.000 0.004 0.984 0.993 0.000 0.977 0.842 0.000 0.000 0.000 0.000 0.819 0.912 0.995 0.979 0.989 0.996 0.992 0.000 0.011 0.000
0.000 0.148 0.000 0.000 0.806 0.982 0.982 0.872 0.991 0.000 0.000 0.000 0.000 0.000 0.000 0.000 0.998 0.977 0.000 0.965 0.965 0.001 0.010 0.928 0.942 0.966 0.931 0.000 0.000 0.000 0.081 0.000 0.000 0.000
0.000 0.000 0.001 0.049 0.925 0.978 0.841 0.000 0.006 0.000 0.000 0.000 0.000 0.000 0.000 0.000 0.000 0.842 0.965 0.000 0.996 0.983 0.976 0.988 0.983 0.760 0.357 0.000 0.000 0.000 0.003 0.000 0.000 0.000
0.000 0.020 0.014 0.228 0.962 0.924 0.951 0.020 0.237 0.000 0.000 0.000 0.000 0.000 0.000 0.000 0.000 0.000 0.965 0.996 0.000 0.990 0.912 0.993 0.096 0.000 0.000 0.000 0.000 0.000 0.000 0.000 0.000 0.000
0.000 0.000 0.018 0.148 0.797 0.073 0.000 0.000 0.000 0.000 0.000 0.000 0.000 0.000 0.000 0.000 0.000 0.000 0.001 0.983 0.990 0.000 0.996 0.972 0.126 0.000 0.000 0.000 0.000 0.000 0.000 0.000 0.000 0.000
0.000 0.000 0.000 0.000 0.004 0.061 0.000 0.000 0.000 0.000 0.000 0.000 0.000 0.000 0.000 0.000 0.000 0.000 0.010 0.976 0.912 0.996 0.000 0.988 0.992 0.000 0.002 0.000 0.000 0.000 0.000 0.000 0.000 0.000
0.000 0.000 0.000 0.000 0.000 0.007 0.545 0.000 0.630 0.000 0.000 0.000 0.000 0.000 0.000 0.000 0.016 0.000 0.928 0.988 0.993 0.972 0.988 0.000 0.962 0.868 0.000 0.000 0.000 0.000 0.000 0.000 0.000 0.000
0.000 0.000 0.000 0.000 0.001 0.843 0.000 0.000 0.000 0.000 0.000 0.000 0.000 0.000 0.000 0.000 0.048 0.819 0.942 0.983 0.096 0.126 0.992 0.962 0.000 0.989 0.923 0.000 0.001 0.000 0.005 0.000 0.000 0.015
0.000 0.000 0.000 0.000 0.000 0.688 0.000 0.000 0.129 0.000 0.004 0.000 0.015 0.000 0.000 0.000 0.973 0.912 0.966 0.760 0.000 0.000 0.000 0.868 0.989 0.000 0.978 0.948 0.000 0.000 0.000 0.000 0.000 0.000
0.000 0.000 0.000 0.000 0.000 0.978 0.000 0.000 0.000 0.000 0.000 0.000 0.000 0.000 0.000 0.111 0.961 0.995 0.931 0.357 0.000 0.000 0.002 0.000 0.923 0.978 0.000 0.999 0.992 0.674 0.842 0.003 0.000 0.000
0.000 0.000 0.000 0.000 0.000 0.000 0.000 0.000 0.002 0.068 0.924 0.003 0.511 0.000 0.984 0.960 1.000 0.979 0.000 0.000 0.000 0.000 0.000 0.000 0.000 0.948 0.999 0.000 0.993 0.822 0.014 0.000 0.000 0.000
0.000 0.000 0.000 0.000 0.000 0.134 0.000 0.000 0.000 0.000 0.000 0.000 0.000 0.000 0.277 0.010 0.365 0.989 0.000 0.000 0.000 0.000 0.000 0.000 0.001 0.000 0.992 0.993 0.000 0.966 0.969 0.083 0.000 0.000
0.786 0.975 0.404 0.000 0.000 0.027 0.000 0.613 0.000 0.000 0.000 0.000 0.000 0.000 0.000 0.346 0.001 0.996 0.000 0.000 0.000 0.000 0.000 0.000 0.000 0.000 0.674 0.822 0.966 0.000 0.999 0.986 0.210 0.017
0.441 0.970 0.999 0.007 0.000 0.994 0.149 0.022 0.000 0.000 0.000 0.000 0.000 0.000 0.000 0.000 0.000 0.992 0.081 0.003 0.000 0.000 0.000 0.000 0.005 0.000 0.842 0.014 0.969 0.999 0.000 1.000 0.996 0.008
0.405 0.453 0.978 0.024 0.000 0.173 0.000 0.000 0.000 0.000 0.000 0.000 0.000 0.000 0.000 0.000 0.000 0.000 0.000 0.000 0.000 0.000 0.000 0.000 0.000 0.000 0.003 0.000 0.083 0.986 1.000 0.000 1.000 0.985
0.717 0.700 0.982 0.599 0.001 0.054 0.000 0.000 0.000 0.000 0.000 0.000 0.000 0.000 0.000 0.000 0.000 0.011 0.000 0.000 0.000 0.000 0.000 0.000 0.000 0.000 0.000 0.000 0.000 0.210 0.996 1.000 0.000 0.990
0.232 0.047 0.601 0.193 0.001 0.059 0.000 0.000 0.000 0.000 0.000 0.000 0.001 0.000 0.000 0.000 0.000 0.000 0.000 0.000 0.000 0.000 0.000 0.000 0.015 0.000 0.000 0.000 0.000 0.017 0.008 0.985 0.990 0.000
