0.000 0.993 0.958 0.008 0.000 0.000 0.000 0.048 0.000 0.000 0.000 0.004 0.000 0.000 0.000 0.000 0.000 0.003 0.000 0.000 0.000 0.000 0.000 0.000 0.000 0.000 0.000 0.000 0.000 0.020 0.010 0.992 0.033 0.008
0.993 0.000 1.000 0.986 0.006 0.999 0.944 0.979 0.001 0.000 0.000 0.000 0.000 0.000 0.000 0.001 0.001 0.978 0.252 0.000 0.000 0.000 0.000 0.000 0.000 0.000 0.000 0.000 0.000 0.847 0.993 0.992 0.013 0.000
0.958 1.000 0.000 1.000 0.937 0.976 0.000 0.000 0.000 0.000 0.000 0.000 0.000 0.000 0.000 0.000 0.000 0.009 0.000 0.326 0.000 0.000 0.000 0.000 0.000 0.000 0.000 0.000 0.000 0.149 0.994 0.997 0.615 0.011
0.008 0.986 1.000 0.000 0.955 0.970 0.000 0.000 0.000 0.000 0.000 0.000 0.000 0.000 0.000 0.000 0.000 0.000 0.000 0.858 0.030 0.412 0.019 0.000 0.000 0.000 0.000 0.000 0.000 0.000 0.000 0.000 0.083 0.000
0.000 0.006 0.937 0.955 0.000 1.000 0.981 0.000 0.000 0.000 0.000 0.000 0.000 0.000 0.000 0.000 0.000 0.000 0.939 1.000 0.973 0.987 0.107 0.000 0.000 0.000 0.000 0.000 0.000 0.000 0.000 0.000 0.000 0.000
0.000 0.999 0.976 0.970 1.000 0.000 0.997 0.938 0.000 0.000 0.000 0.000 0.000 0.000 0.000 0.000 0.000 0.999 0.993 1.000 0.665 0.288 0.994 0.000 0.989 0.954 1.000 0.000 0.034 0.000 0.997 0.000 0.048 0.007
0.000 0.944 0.000 0.000 0.981 0.997 0.000 1.000 0.996 0.000 0.000 0.000 0.000 0.000 0.000 0.000 0.961 1.000 0.998 0.997 0.422 0.002 0.000 0.000 0.000 0.000 0.000 0.000 0.000 0.000 0.236 0.000 0.000 0.000
0.048 0.979 0.000 0.000 0.000 0.938 1.000 0.000 0.998 0.946 0.000 0.000 0.000 0.000 0.000 0.965 0.978 1.000 0.993 0.000 0.000 0.000 0.000 0.000 0.000 0.000 0.000 0.000 0.000 0.018 0.018 0.471 0.000 0.000
0.000 0.001 0.000 0.000 0.000 0.000 0.996 0.998 0.000 0.992 0.913 0.001 0.000 0.000 0.881 0.993 1.000 0.995 1.000 0.000 0.125 0.000 0.000 0.000 0.000 0.080 0.000 0.003 0.000 0.000 0.000 0.000 0.000 0.000
0.000 0.000 0.000 0.000 0.000 0.000 0.000 0.946 0.992 0.000 0.997 0.897 0.119 0.934 0.986 1.000 0.993 0.000 0.000 0.000 0.000 0.000 0.000 0.000 0.000 0.000 0.000 0.084 0.000 0.000 0.000 0.000 0.000 0.000
0.000 0.000 0.000 0.000 0.000 0.000 0.000 0.000 0.913 0.997 0.000 1.000 0.994 0.980 1.000 0.975 0.991 0.000 0.000 0.000 0.000 0.000 0.000 0.000 0.000 0.000 0.000 1.000 0.000 0.000 0.000 0.000 0.003 0.058
0.004 0.000 0.000 0.000 0.000 0.000 0.000 0.000 0.001 0.897 1.000 0.000 0.998 0.972 0.639 0.000 0.337 0.000 0.000 0.000 0.000 0.000 0.000 0.000 0.000 0.000 0.000 0.077 0.000 0.000 0.000 0.000 0.048 0.100
0.000 0.000 0.000 0.000 0.000 0.000 0.000 0.000 0.000 0.119 0.994 0.998 0.000 0.989 0.999 0.000 0.000 0.000 0.000 0.000 0.000 0.000 0.000 0.000 0.000 0.000 0.000 0.781 0.000 0.000 0.000 0.000 0.013 0.021
0.000 0.000 0.000 0.000 0.000 0.000 0.000 0.000 0.000 0.934 0.980 0.972 0.989 0.000 0.982 0.939 0.000 0.000 0.000 0.000 0.000 0.000 0.000 0.000 0.000 0.000 0.000 0.000 0.000 0.000 0.000 0.000 0.003 0.001
0.000 0.000 0.000 0.000 0.000 0.000 0.000 0.000 0.881 0.986 1.000 0.639 0.999 0.982 0.000 0.986 0.962 0.000 0.000 0.000 0.000 0.000 0.000 0.000 0.000 0.000 0.000 0.998 0.000 0.000 0.000 0.000 0.002 0.004
0.000 0.001 0.000 0.000 0.000 0.000 0.000 0.965 0.993 1.000 0.975 0.000 0.000 0.939 0.986 0.000 0.999 0.996 0.000 0.000 0.000 0.000 0.000 0.000 0.000 0.000 0.224 1.000 0.072 0.057 0.000 0.153 0.000 0.000
0.000 0.001 0.000 0.000 0.000 0.000 0.961 0.978 1.000 0.993 0.991 0.337 0.000 0.000 0.962 0.999 0.000 0.997 0.996 0.000 0.000 0.000 0.000 0.000 0.000 0.999 1.000 0.992 0.486 0.000 0.000 0.000 0.000 0.000
0.003 0.978 0.009 0.000 0.000 0.999 1.000 1.000 0.995 0.000 0.000 0.000 0.000 0.000 0.000 0.996 0.997 0.000 1.000 0.998 0.000 0.000 0.002 0.000 0.997 0.994 1.000 0.988 0.975 0.942 0.964 0.607 0.000 0.000
0.000 0.252 0.000 0.000 0.939 0.993 0.998 0.993 1.000 0.000 0.000 0.000 0.000 0.000 0.000 0.000 0.996 1.000 0.000 1.000 1.000 0.001 0.005 0.271 1.000 1.000 0.999 0.000 0.000 0.000 0.132 0.000 0.000 0.000
0.000 0.000 0.326 0.858 1.000 1.000 0.997 0.000 0.000 0.000 0.000 0.000 0.000 0.000 0.000 0.000 0.000 0.998 1.000 0.000 1.000 1.000 1.000 0.999 1.000 0.985 0.068 0.000 0.000 0.000 0.035 0.000 0.000 0.000
0.000 0.000 0.000 0.030 0.973 0.665 0.422 0.000 0.125 0.000 0.000 0.000 0.000 0.000 0.000 0.000 0.000 0.000 1.000 1.000 0.000 0.999 0.989 1.000 0.963 0.002 0.000 0.000 0.000 0.000 0.000 0.000 0.000 0.000
0.000 0.000 0.000 0.412 0.987 0.288 0.002 0.000 0.000 0.000 0.000 0.000 0.000 0.000 0.000 0.000 0.000 0.000 0.001 1.000 0.999 0.000 1.000 0.973 0.142 0.000 0.000 0.000 0.000 0.000 0.000 0.000 0.000 0.000
0.000 0.000 0.000 0.019 0.107 0.994 0.000 0.000 0.000 0.000 0.000 0.000 0.000 0.000 0.000 0.000 0.000 0.002 0.005 1.000 0.989 1.000 0.000 0.992 1.000 0.005 0.104 0.000 0.000 0.000 0.000 0.000 0.001 0.000
0.000 0.000 0.000 0.000 0.000 0.000 0.000 0.000 0.000 0.000 0.000 0.000 0.000 0.000 0.000 0.000 0.000 0.000 0.271 0.999 1.000 0.973 0.992 0.000 1.000 0.998 0.000 0.000 0.000 0.000 0.000 0.000 0.000 0.010
0.000 0.000 0.000 0.000 0.000 0.989 0.000 0.000 0.000 0.000 0.000 0.000 0.000 0.000 0.000 0.000 0.000 0.997 1.000 1.000 0.963 0.142 1.000 1.000 0.000 0.997 1.000 0.006 0.061 0.000 0.020 0.000 0.002 0.008
0.000 0.000 0.000 0.000 0.000 0.954 0.000 0.000 0.080 0.000 0.000 0.000 0.000 0.000 0.000 0.000 0.999 0.994 1.000 0.985 0.002 0.000 0.005 0.998 0.997 0.000 0.999 0.979 0.000 0.000 0.000 0.000 0.000 0.000
0.000 0.000 0.000 0.000 0.000 1.000 0.000 0.000 0.000 0.000 0.000 0.000 0.000 0.000 0.000 0.224 1.000 1.000 0.999 0.068 0.000 0.000 0.104 0.000 1.000 0.999 0.000 0.987 1.000 0.981 0.990 0.019 0.131 0.019
0.000 0.000 0.000 0.000 0.000 0.000 0.000 0.000 0.003 0.084 1.000 0.077 0.781 0.000 0.998 1.000 0.992 0.988 0.000 0.000 0.000 0.000 0.000 0.000 0.006 0.979 0.987 0.000 0.967 0.829 0.018 0.000 0.000 0.000
0.000 0.000 0.000 0.000 0.000 0.034 0.000 0.000 0.000 0.000 0.000 0.000 0.000 0.000 0.000 0.072 0.486 0.975 0.000 0.000 0.000 0.000 0.000 0.000 0.061 0.000 1.000 0.967 0.000 0.986 0.973 0.001 0.165 0.032
0.020 0.847 0.149 0.000 0.000 0.000 0.000 0.018 0.000 0.000 0.000 0.000 0.000 0.000 0.000 0.057 0.000 0.942 0.000 0.000 0.000 0.000 0.000 0.000 0.000 0.000 0.981 0.829 0.986 0.000 1.000 0.992 0.358 0.235
0.010 0.993 0.994 0.000 0.000 0.997 0.236 0.018 0.000 0.000 0.000 0.000 0.000 0.000 0.000 0.000 0.000 0.964 0.132 0.035 0.000 0.000 0.000 0.000 0.020 0.000 0.990 0.018 0.973 1.000 0.000 0.991 0.938 0.106
0.992 0.992 0.997 0.000 0.000 0.000 0.000 0.471 0.000 0.000 0.000 0.000 0.000 0.000 0.000 0.153 0.000 0.607 0.000 0.000 0.000 0.000 0.000 0.000 0.000 0.000 0.019 0.000 0.001 0.992 0.991 0.000 0.993 0.990
0.033 0.013 0.615 0.083 0.000 0.048 0.000 0.000 0.000 0.000 0.003 0.048 0.013 0.003 0.002 0.000 0.000 0.000 0.000 0.000 0.000 0.000 0.001 0.000 0.002 0.000 0.131 0.000 0.165 0.358 0.938 0.993 0.000 0.997
0.008 0.000 0.011 0.000 0.000 0.007 0.000 0.000 0.000 0.000 0.058 0.100 0.021 0.001 0.004 0.000 0.000 0.000 0.000 0.000 0.000 0.000 0.000 0.010 0.008 0.000 0.019 0.000 0.032 0.235 0.106 0.990 0.997 0.000
