0.000 0.999 0.990 0.268 0.637 0.692 0.442 0.059 0.000 0.000 0.004 0.000 0.000 0.000 0.022 0.000 0.258 0.110 0.045 0.510 0.056 0.000 0.000 0.000 0.000 0.000 0.000 0.001 0.244 0.252 0.026 0.280 0.125
0.999 0.000 1.000 0.988 0.535 0.145 0.044 0.001 0.000 0.000 0.011 0.011 0.000 0.001 0.001 0.000 0.006 0.000 0.000 0.329 0.025 0.000 0.000 0.000 0.000 0.000 0.000 0.000 0.066 0.024 0.002 0.385 0.483
0.990 1.000 0.000 0.999 0.962 0.194 0.000 0.000 0.000 0.000 0.000 0.000 0.000 0.000 0.000 0.000 0.000 0.000 0.006 0.818 0.154 0.000 0.000 0.000 0.000 0.000 0.000 0.000 0.000 0.001 0.000 0.377 0.491
0.268 0.988 0.999 0.000 0.999 0.965 0.000 0.000 0.000 0.000 0.000 0.000 0.000 0.000 0.000 0.000 0.000 0.943 0.996 0.998 1.000 0.838 0.000 0.001 0.000 0.000 0.000 0.000 0.000 0.001 0.003 0.587 0.434
0.637 0.535 0.962 0.999 0.000 1.000 0.983 0.008 0.000 0.000 0.000 0.000 0.000 0.000 0.000 0.003 0.997 1.000 1.000 0.994 0.007 0.657 0.000 0.934 0.906 0.989 0.000 0.008 0.008 1.000 0.367 0.942 0.445
0.692 0.145 0.194 0.965 1.000 0.000 1.000 1.000 0.000 0.000 0.000 0.000 0.000 0.000 0.000 0.979 0.996 1.000 0.990 0.984 0.000 0.000 0.008 0.000 0.000 0.000 0.000 0.000 0.000 0.269 0.000 0.006 0.018
0.442 0.044 0.000 0.000 0.983 1.000 0.000 1.000 0.936 0.000 0.000 0.000 0.000 0.000 0.993 0.990 1.000 1.000 0.000 0.001 0.000 0.000 0.000 0.000 0.000 0.000 0.000 0.000 0.372 0.050 0.000 0.012 0.060
0.059 0.001 0.000 0.000 0.008 1.000 1.000 0.000 0.991 0.945 0.018 0.000 0.000 0.949 0.999 1.000 1.000 0.993 0.021 0.222 0.000 0.000 0.000 0.000 0.024 0.000 0.000 0.000 0.000 0.000 0.000 0.000 0.000
0.000 0.000 0.000 0.000 0.000 0.000 0.936 0.991 0.000 0.997 0.972 0.070 0.998 0.999 1.000 1.000 0.000 0.000 0.000 0.000 0.000 0.000 0.000 0.000 0.000 0.000 0.066 0.000 0.000 0.000 0.000 0.000 0.000
0.000 0.000 0.000 0.000 0.000 0.000 0.000 0.945 0.997 0.000 0.995 0.995 1.000 1.000 0.990 0.987 0.000 0.000 0.000 0.000 0.000 0.000 0.000 0.000 0.000 0.000 0.984 0.000 0.000 0.000 0.000 0.000 0.001
0.004 0.011 0.000 0.000 0.000 0.000 0.000 0.018 0.972 0.995 0.000 1.000 0.990 0.576 0.000 0.554 0.000 0.000 0.000 0.000 0.000 0.000 0.000 0.000 0.000 0.000 0.001 0.000 0.000 0.000 0.000 0.002 0.012
0.000 0.011 0.000 0.000 0.000 0.000 0.000 0.000 0.070 0.995 1.000 0.000 0.995 0.988 0.000 0.000 0.000 0.000 0.000 0.000 0.000 0.000 0.000 0.000 0.000 0.000 0.009 0.000 0.000 0.000 0.000 0.001 0.009
0.000 0.000 0.000 0.000 0.000 0.000 0.000 0.000 0.998 1.000 0.990 0.995 0.000 1.000 0.992 0.000 0.000 0.000 0.000 0.000 0.000 0.000 0.000 0.000 0.000 0.000 0.000 0.000 0.000 0.000 0.000 0.000 0.000
0.000 0.001 0.000 0.000 0.000 0.000 0.000 0.949 0.999 1.000 0.576 0.988 1.000 0.000 0.995 0.989 0.001 0.000 0.000 0.000 0.000 0.000 0.000 0.000 0.000 0.000 0.957 0.037 0.000 0.000 0.000 0.000 0.004
0.022 0.001 0.000 0.000 0.000 0.000 0.993 0.999 1.000 0.990 0.000 0.000 0.992 0.995 0.000 1.000 1.000 0.000 0.000 0.000 0.000 0.000 0.000 0.000 0.000 0.192 0.999 0.015 0.556 0.000 0.000 0.000 0.009
0.000 0.000 0.000 0.000 0.003 0.979 0.990 1.000 1.000 0.987 0.554 0.000 0.000 0.989 1.000 0.000 0.999 0.995 0.000 0.000 0.000 0.000 0.000 0.005 0.996 1.000 1.000 0.302 0.000 0.000 0.000 0.000 0.000
0.258 0.006 0.000 0.000 0.997 0.996 1.000 1.000 0.000 0.000 0.000 0.000 0.000 0.001 1.000 0.999 0.000 1.000 0.980 0.000 0.000 0.000 0.000 0.978 1.000 1.000 0.970 0.999 1.000 0.999 0.000 0.028 0.019
0.110 0.000 0.000 0.943 1.000 1.000 1.000 0.993 0.000 0.000 0.000 0.000 0.000 0.000 0.000 0.995 1.000 0.000 1.000 0.982 0.017 0.001 0.995 0.995 0.996 0.991 0.000 0.000 0.000 0.196 0.000 0.000 0.000
0.045 0.000 0.006 0.996 1.000 0.990 0.000 0.021 0.000 0.000 0.000 0.000 0.000 0.000 0.000 0.000 0.980 1.000 0.000 1.000 0.999 0.993 0.998 0.999 0.979 0.172 0.000 0.000 0.000 0.075 0.000 0.168 0.018
0.510 0.329 0.818 0.998 0.994 0.984 0.001 0.222 0.000 0.000 0.000 0.000 0.000 0.000 0.000 0.000 0.000 0.982 1.000 0.000 0.983 0.951 0.996 0.144 0.000 0.000 0.000 0.000 0.000 0.000 0.000 0.000 0.003
0.056 0.025 0.154 1.000 0.007 0.000 0.000 0.000 0.000 0.000 0.000 0.000 0.000 0.000 0.000 0.000 0.000 0.017 0.999 0.983 0.000 0.999 0.980 0.096 0.000 0.000 0.000 0.000 0.000 0.000 0.000 0.000 0.003
0.000 0.000 0.000 0.838 0.657 0.000 0.000 0.000 0.000 0.000 0.000 0.000 0.000 0.000 0.000 0.000 0.000 0.001 0.993 0.951 0.999 0.000 0.989 0.993 0.002 0.019 0.000 0.000 0.000 0.000 0.000 0.000 0.007
0.000 0.000 0.000 0.000 0.000 0.008 0.000 0.000 0.000 0.000 0.000 0.000 0.000 0.000 0.000 0.000 0.000 0.995 0.998 0.996 0.980 0.989 0.000 1.000 0.978 0.000 0.000 0.000 0.000 0.000 0.000 0.000 0.000
0.000 0.000 0.000 0.001 0.934 0.000 0.000 0.000 0.000 0.000 0.000 0.000 0.000 0.000 0.000 0.005 0.978 0.995 0.999 0.144 0.096 0.993 1.000 0.000 0.994 0.980 0.001 0.000 0.000 0.000 0.000 0.003 0.000
0.000 0.000 0.000 0.000 0.906 0.000 0.000 0.024 0.000 0.000 0.000 0.000 0.000 0.000 0.000 0.996 1.000 0.996 0.979 0.000 0.000 0.002 0.978 0.994 0.000 1.000 0.971 0.000 0.000 0.000 0.000 0.000 0.000
0.000 0.000 0.000 0.000 0.989 0.000 0.000 0.000 0.000 0.000 0.000 0.000 0.000 0.000 0.192 1.000 1.000 0.991 0.172 0.000 0.000 0.019 0.000 0.980 1.000 0.000 0.990 1.000 0.927 0.964 0.819 0.024 0.000
0.000 0.000 0.000 0.000 0.000 0.000 0.000 0.000 0.066 0.984 0.001 0.009 0.000 0.957 0.999 1.000 0.970 0.000 0.000 0.000 0.000 0.000 0.000 0.001 0.971 0.990 0.000 0.999 0.955 0.013 0.000 0.000 0.000
0.001 0.000 0.000 0.000 0.008 0.000 0.000 0.000 0.000 0.000 0.000 0.000 0.000 0.037 0.015 0.302 0.999 0.000 0.000 0.000 0.000 0.000 0.000 0.000 0.000 1.000 0.999 0.000 0.999 0.986 0.101 0.000 0.000
0.244 0.066 0.000 0.000 0.008 0.000 0.372 0.000 0.000 0.000 0.000 0.000 0.000 0.000 0.556 0.000 1.000 0.000 0.000 0.000 0.000 0.000 0.000 0.000 0.000 0.927 0.955 0.999 0.000 1.000 0.960 0.350 0.203
0.252 0.024 0.001 0.001 1.000 0.269 0.050 0.000 0.000 0.000 0.000 0.000 0.000 0.000 0.000 0.000 0.999 0.196 0.075 0.000 0.000 0.000 0.000 0.000 0.000 0.964 0.013 0.986 1.000 0.000 0.992 0.957 0.291
0.026 0.002 0.000 0.003 0.367 0.000 0.000 0.000 0.000 0.000 0.000 0.000 0.000 0.000 0.000 0.000 0.000 0.000 0.000 0.000 0.000 0.000 0.000 0.000 0.000 0.819 0.000 0.101 0.960 0.992 0.000 0.998 0.973
0.280 0.385 0.377 0.587 0.942 0.006 0.012 0.000 0.000 0.000 0.002 0.001 0.000 0.000 0.000 0.000 0.028 0.000 0.168 0.000 0.000 0.000 0.000 0.003 0.000 0.024 0.000 0.000 0.350 0.957 0.998 0.000 1.000
0.125 0.483 0.491 0.434 0.445 0.018 0.060 0.000 0.000 0.001 0.012 0.009 0.000 0.004 0.009 0.000 0.019 0.000 0.018 0.003 0.003 0.007 0.000 0.000 0.000 0.000 0.000 0.000 0.203 0.291 0.973 1.000 0.000
