0.000 0.993 0.915 0.000 0.002 0.014 0.015 0.105 0.000 0.000 0.000 0.000 0.004 0.000 0.000 0.000 0.000 0.013 0.000 0.000 0.000 0.000 0.000 0.000 0.000 0.000 0.000 0.000 0.000 0.841 0.399 0.196 0.780 0.008
0.993 0.000 0.999 0.978 0.082 0.992 0.994 0.985 0.001 0.000 0.000 0.000 0.000 0.000 0.000 0.001 0.001 1.000 0.242 0.000 0.003 0.000 0.000 0.000 0.000 0.000 0.000 0.000 0.000 0.993 0.999 0.500 0.862 0.031
0.915 0.999 0.000 0.996 0.983 1.000 0.002 0.000 0.000 0.000 0.000 0.000 0.000 0.000 0.000 0.000 0.000 0.001 0.000 0.144 0.005 0.002 0.000 0.000 0.000 0.000 0.000 0.000 0.000 0.332 1.000 0.995 0.997 0.738
0.000 0.978 0.996 0.000 1.000 1.000 0.000 0.000 0.000 0.000 0.000 0.000 0.000 0.000 0.000 0.000 0.000 0.000 0.000 0.708 0.143 0.162 0.039 0.000 0.000 0.000 0.000 0.000 0.000 0.000 0.040 0.034 0.642 0.131
0.002 0.082 0.983 1.000 0.000 0.992 0.982 0.000 0.000 0.000 0.000 0.000 0.000 0.000 0.000 0.000 0.000 0.000 0.990 0.999 0.996 0.922 0.101 0.000 0.000 0.000 0.000 0.000 0.000 0.000 0.000 0.000 0.002 0.001
0.014 0.992 1.000 1.000 0.992 0.000 0.999 0.928 0.000 0.000 0.000 0.000 0.000 0.000 0.000 0.000 0.002 0.985 1.000 0.999 0.943 0.022 0.215 0.000 0.973 0.963 0.992 0.000 0.057 0.003 0.992 0.063 0.017 0.038
0.015 0.994 0.002 0.000 0.982 0.999 0.000 0.986 0.998 0.000 0.000 0.000 0.000 0.000 0.000 0.000 0.906 1.000 1.000 0.985 0.878 0.000 0.000 0.011 0.000 0.000 0.000 0.000 0.000 0.000 0.266 0.000 0.000 0.000
0.105 0.985 0.000 0.000 0.000 0.928 0.986 0.000 1.000 0.919 0.000 0.000 0.000 0.000 0.000 0.988 0.999 0.995 0.961 0.000 0.001 0.000 0.000 0.000 0.000 0.000 0.000 0.000 0.000 0.629 0.048 0.000 0.000 0.000
0.000 0.001 0.000 0.000 0.000 0.000 0.998 1.000 0.000 0.984 0.941 0.000 0.000 0.000 0.838 0.986 1.000 0.964 0.977 0.002 0.513 0.000 0.000 0.089 0.000 0.110 0.000 0.002 0.000 0.000 0.000 0.000 0.000 0.000
0.000 0.000 0.000 0.000 0.000 0.000 0.000 0.919 0.984 0.000 0.996 0.824 0.052 0.319 0.898 0.984 0.965 0.004 0.000 0.000 0.000 0.000 0.000 0.000 0.000 0.000 0.000 0.016 0.000 0.017 0.000 0.000 0.000 0.000
0.000 0.000 0.000 0.000 0.000 0.000 0.000 0.000 0.941 0.996 0.000 0.983 0.986 0.999 0.976 0.956 0.969 0.000 0.000 0.000 0.000 0.000 0.000 0.000 0.000 0.000 0.000 0.458 0.000 0.000 0.000 0.000 0.000 0.000
0.000 0.000 0.000 0.000 0.000 0.000 0.000 0.000 0.000 0.824 0.983 0.000 0.997 0.918 0.205 0.000 0.109 0.000 0.000 0.000 0.000 0.000 0.000 0.000 0.000 0.000 0.000 0.004 0.000 0.000 0.000 0.000 0.000 0.000
0.004 0.000 0.000 0.000 0.000 0.000 0.000 0.000 0.000 0.052 0.986 0.997 0.000 0.972 0.771 0.000 0.002 0.000 0.000 0.000 0.000 0.000 0.000 0.000 0.000 0.000 0.000 0.021 0.000 0.000 0.000 0.001 0.027 0.034
0.000 0.000 0.000 0.000 0.000 0.000 0.000 0.000 0.000 0.319 0.999 0.918 0.972 0.000 0.973 0.936 0.014 0.000 0.000 0.000 0.000 0.000 0.000 0.000 0.000 0.000 0.000 0.203 0.000 0.000 0.000 0.000 0.000 0.000
0.000 0.000 0.000 0.000 0.000 0.000 0.000 0.000 0.838 0.898 0.976 0.205 0.771 0.973 0.000 1.000 0.988 0.006 0.000 0.000 0.000 0.000 0.000 0.001 0.000 0.000 0.000 0.984 0.131 0.001 0.000 0.000 0.000 0.000
0.000 0.001 0.000 0.000 0.000 0.000 0.000 0.988 0.986 0.984 0.956 0.000 0.000 0.936 1.000 0.000 0.991 0.955 0.000 0.000 0.000 0.000 0.000 0.000 0.000 0.000 0.209 0.994 0.019 0.457 0.000 0.000 0.000 0.000
0.000 0.001 0.000 0.000 0.000 0.002 0.906 0.999 1.000 0.965 0.969 0.109 0.002 0.014 0.988 0.991 0.000 0.991 0.975 0.000 0.000 0.000 0.000 0.000 0.003 0.967 0.965 1.000 0.298 0.000 0.000 0.000 0.000 0.000
0.013 1.000 0.001 0.000 0.000 0.985 1.000 0.995 0.964 0.004 0.000 0.000 0.000 0.000 0.006 0.955 0.991 0.000 0.996 0.971 0.000 0.000 0.000 0.000 0.971 0.997 1.000 0.999 1.000 1.000 1.000 0.000 0.000 0.000
0.000 0.242 0.000 0.000 0.990 1.000 1.000 0.961 0.977 0.000 0.000 0.000 0.000 0.000 0.000 0.000 0.975 0.996 0.000 1.000 0.982 0.000 0.016 0.812 0.999 1.000 0.992 0.001 0.000 0.000 0.119 0.000 0.000 0.000
0.000 0.000 0.144 0.708 0.999 0.999 0.985 0.000 0.002 0.000 0.000 0.000 0.000 0.000 0.000 0.000 0.000 0.971 1.000 0.000 0.996 0.967 0.988 0.994 1.000 0.958 0.132 0.000 0.000 0.000 0.043 0.000 0.003 0.001
0.000 0.003 0.005 0.143 0.996 0.943 0.878 0.001 0.513 0.000 0.000 0.000 0.000 0.000 0.000 0.000 0.000 0.000 0.982 0.996 0.000 1.000 0.990 0.997 0.298 0.000 0.000 0.000 0.000 0.000 0.000 0.000 0.000 0.000
0.000 0.000 0.002 0.162 0.922 0.022 0.000 0.000 0.000 0.000 0.000 0.000 0.000 0.000 0.000 0.000 0.000 0.000 0.000 0.967 1.000 0.000 0.995 1.000 0.083 0.000 0.000 0.000 0.000 0.000 0.000 0.000 0.000 0.000
0.000 0.000 0.000 0.039 0.101 0.215 0.000 0.000 0.000 0.000 0.000 0.000 0.000 0.000 0.000 0.000 0.000 0.000 0.016 0.988 0.990 0.995 0.000 1.000 0.990 0.000 0.001 0.000 0.000 0.000 0.000 0.000 0.002 0.003
0.000 0.000 0.000 0.000 0.000 0.000 0.011 0.000 0.089 0.000 0.000 0.000 0.000 0.000 0.001 0.000 0.000 0.000 0.812 0.994 0.997 1.000 1.000 0.000 0.985 0.956 0.000 0.000 0.000 0.000 0.000 0.000 0.000 0.002
0.000 0.000 0.000 0.000 0.000 0.973 0.000 0.000 0.000 0.000 0.000 0.000 0.000 0.000 0.000 0.000 0.003 0.971 0.999 1.000 0.298 0.083 0.990 0.985 0.000 0.999 0.975 0.000 0.000 0.000 0.000 0.000 0.000 0.000
0.000 0.000 0.000 0.000 0.000 0.963 0.000 0.000 0.110 0.000 0.000 0.000 0.000 0.000 0.000 0.000 0.967 0.997 1.000 0.958 0.000 0.000 0.000 0.956 0.999 0.000 0.995 0.952 0.000 0.000 0.000 0.000 0.000 0.000
0.000 0.000 0.000 0.000 0.000 0.992 0.000 0.000 0.000 0.000 0.000 0.000 0.000 0.000 0.000 0.209 0.965 1.000 0.992 0.132 0.000 0.000 0.001 0.000 0.975 0.995 0.000 0.983 0.982 0.899 0.994 0.004 0.000 0.000
0.000 0.000 0.000 0.000 0.000 0.000 0.000 0.000 0.002 0.016 0.458 0.004 0.021 0.203 0.984 0.994 1.000 0.999 0.001 0.000 0.000 0.000 0.000 0.000 0.000 0.952 0.983 0.000 0.996 0.983 0.015 0.000 0.000 0.000
0.000 0.000 0.000 0.000 0.000 0.057 0.000 0.000 0.000 0.000 0.000 0.000 0.000 0.000 0.131 0.019 0.298 1.000 0.000 0.000 0.000 0.000 0.000 0.000 0.000 0.000 0.982 0.996 0.000 1.000 0.994 0.217 0.000 0.000
0.841 0.993 0.332 0.000 0.000 0.003 0.000 0.629 0.000 0.017 0.000 0.000 0.000 0.000 0.001 0.457 0.000 1.000 0.000 0.000 0.000 0.000 0.000 0.000 0.000 0.000 0.899 0.983 1.000 0.000 0.993 0.988 0.238 0.005
0.399 0.999 1.000 0.040 0.000 0.992 0.266 0.048 0.000 0.000 0.000 0.000 0.000 0.000 0.000 0.000 0.000 1.000 0.119 0.043 0.000 0.000 0.000 0.000 0.000 0.000 0.994 0.015 0.994 0.993 0.000 1.000 0.999 0.018
0.196 0.500 0.995 0.034 0.000 0.063 0.000 0.000 0.000 0.000 0.000 0.000 0.001 0.000 0.000 0.000 0.000 0.000 0.000 0.000 0.000 0.000 0.000 0.000 0.000 0.000 0.004 0.000 0.217 0.988 1.000 0.000 1.000 0.998
0.780 0.862 0.997 0.642 0.002 0.017 0.000 0.000 0.000 0.000 0.000 0.000 0.027 0.000 0.000 0.000 0.000 0.000 0.000 0.003 0.000 0.000 0.002 0.000 0.000 0.000 0.000 0.000 0.000 0.238 0.999 1.000 0.000 0.998
0.008 0.031 0.738 0.131 0.001 0.038 0.000 0.000 0.000 0.000 0.000 0.000 0.034 0.000 0.000 0.000 0.000 0.000 0.000 0.001 0.000 0.000 0.003 0.002 0.000 0.000 0.000 0.000 0.000 0.005 0.018 0.998 0.998 0.000
