0.000 0.995 0.959 0.558 0.493 0.084 0.036 0.323 0.224 0.000 0.000 0.000 0.004 0.000 0.000 0.000 0.000 0.000 0.001 0.000 0.000 0.000 0.188 0.000 0.447 0.278 0.000 0.057 0.000 0.000 0.000 0.000 0.000 0.047 0.104 0.303 0.000
0.995 0.000 0.995 0.991 0.640 0.205 0.043 0.187 0.149 0.000 0.000 0.000 0.000 0.000 0.001 0.000 0.000 0.000 0.000 0.000 0.000 0.000 0.189 0.000 0.292 0.163 0.000 0.017 0.000 0.000 0.000 0.000 0.000 0.011 0.042 0.379 0.012
0.959 0.995 0.000 0.991 0.972 0.266 0.273 0.092 0.102 0.000 0.000 0.000 0.000 0.000 0.000 0.000 0.000 0.000 0.000 0.000 0.000 0.000 0.096 0.001 0.141 0.069 0.000 0.001 0.000 0.000 0.000 0.000 0.000 0.007 0.007 0.090 0.000
0.558 0.991 0.991 0.000 1.000 0.998 0.994 0.988 0.476 0.000 0.000 0.000 0.000 0.000 0.000 0.000 0.000 0.000 0.000 0.000 0.000 0.000 0.462 0.008 0.877 0.094 0.000 0.000 0.000 0.000 0.000 0.000 0.000 0.002 0.000 0.218 0.000
0.493 0.640 0.972 1.000 0.000 1.000 1.000 0.998 0.988 0.000 0.000 0.000 0.000 0.000 0.000 0.000 0.000 0.000 0.000 0.000 0.000 0.000 0.623 0.000 0.118 0.014 0.000 0.000 0.000 0.000 0.000 0.000 0.000 0.195 0.068 0.961 0.443
0.084 0.205 0.266 0.998 1.000 0.000 1.000 0.999 0.987 0.062 0.000 0.000 0.000 0.000 0.000 0.000 0.000 0.000 0.000 0.000 0.001 0.000 0.026 0.000 0.000 0.000 0.000 0.000 0.000 0.000 0.000 0.000 0.000 0.242 0.069 0.985 0.993
0.036 0.043 0.273 0.994 1.000 1.000 0.000 0.996 0.981 0.478 0.000 0.000 0.000 0.000 0.000 0.002 0.001 0.002 0.000 0.000 0.000 0.000 0.002 0.798 0.218 0.000 0.000 0.000 0.000 0.000 0.000 0.000 0.000 0.001 0.000 0.218 0.226
0.323 0.187 0.092 0.988 0.998 0.999 0.996 0.000 1.000 1.000 0.000 0.000 0.000 0.000 0.000 0.000 0.000 0.000 0.000 0.000 0.000 1.000 1.000 1.000 1.000 0.766 0.000 0.000 0.000 0.000 0.000 0.000 0.000 0.002 0.000 0.117 0.020
0.224 0.149 0.102 0.476 0.988 0.987 0.981 1.000 0.000 1.000 1.000 0.001 0.000 0.000 0.000 0.000 0.000 0.000 0.000 0.006 1.000 1.000 1.000 0.998 0.029 0.631 0.000 0.967 0.971 1.000 0.000 0.074 0.042 1.000 0.220 0.799 0.973
0.000 0.000 0.000 0.000 0.000 0.062 0.478 1.000 1.000 0.000 1.000 1.000 0.000 0.000 0.000 0.000 0.000 0.000 0.000 0.999 1.000 1.000 1.000 0.996 0.000 0.000 0.000 0.000 0.000 0.000 0.000 0.000 0.000 0.172 0.000 0.000 0.602
0.000 0.000 0.000 0.000 0.000 0.000 0.000 0.000 1.000 1.000 0.000 1.000 0.993 0.000 0.000 0.000 0.000 0.000 0.981 1.000 1.000 1.000 0.000 0.000 0.000 0.000 0.000 0.000 0.000 0.000 0.000 0.000 0.299 0.017 0.000 0.000 0.817
0.000 0.000 0.000 0.000 0.000 0.000 0.000 0.000 0.001 1.000 1.000 0.000 0.996 0.979 0.082 0.000 0.000 0.994 1.000 1.000 1.000 0.947 0.001 0.213 0.000 0.000 0.000 0.000 0.068 0.006 0.020 0.000 0.000 0.000 0.000 0.000 0.003
0.004 0.000 0.000 0.000 0.000 0.000 0.000 0.000 0.000 0.000 0.993 0.996 0.000 1.000 0.938 0.039 0.934 1.000 0.994 0.999 0.004 0.000 0.000 0.000 0.000 0.000 0.000 0.000 0.000 0.000 0.226 0.000 0.000 0.000 0.000 0.000 0.000
0.000 0.000 0.000 0.000 0.000 0.000 0.000 0.000 0.000 0.000 0.000 0.979 1.000 0.000 0.976 0.971 0.971 1.000 0.978 0.983 0.000 0.000 0.000 0.000 0.000 0.000 0.000 0.000 0.000 0.000 0.988 0.000 0.000 0.000 0.000 0.000 0.000
0.000 0.001 0.000 0.000 0.000 0.000 0.000 0.000 0.000 0.000 0.000 0.082 0.938 0.976 0.000 0.996 0.969 0.656 0.000 0.654 0.000 0.000 0.000 0.000 0.000 0.000 0.000 0.000 0.000 0.000 0.397 0.000 0.000 0.000 0.000 0.000 0.000
0.000 0.000 0.000 0.000 0.000 0.000 0.002 0.000 0.000 0.000 0.000 0.000 0.039 0.971 0.996 0.000 0.993 0.992 0.000 0.000 0.000 0.000 0.000 0.000 0.000 0.000 0.000 0.000 0.000 0.000 0.668 0.000 0.000 0.000 0.000 0.000 0.000
0.000 0.000 0.000 0.000 0.000 0.000 0.001 0.000 0.000 0.000 0.000 0.000 0.934 0.971 0.969 0.993 0.000 0.990 0.903 0.000 0.000 0.000 0.000 0.000 0.000 0.000 0.000 0.000 0.000 0.000 0.001 0.000 0.000 0.000 0.000 0.000 0.000
0.000 0.000 0.000 0.000 0.000 0.000 0.002 0.000 0.000 0.000 0.000 0.994 1.000 1.000 0.656 0.992 0.990 0.000 0.997 0.999 0.000 0.000 0.000 0.000 0.000 0.000 0.000 0.000 0.000 0.000 1.000 0.002 0.000 0.000 0.000 0.000 0.000
0.001 0.000 0.000 0.000 0.000 0.000 0.000 0.000 0.000 0.000 0.981 1.000 0.994 0.978 0.000 0.000 0.903 0.997 0.000 1.000 1.000 0.000 0.000 0.000 0.000 0.000 0.000 0.000 0.000 0.249 1.000 0.063 0.080 0.000 0.000 0.000 0.002
0.000 0.000 0.000 0.000 0.000 0.000 0.000 0.000 0.006 0.999 1.000 1.000 0.999 0.983 0.654 0.000 0.000 0.999 1.000 0.000 1.000 1.000 0.000 0.000 0.000 0.000 0.000 0.010 0.997 1.000 1.000 0.477 0.000 0.000 0.000 0.000 0.002
0.000 0.000 0.000 0.000 0.000 0.001 0.000 0.000 1.000 1.000 1.000 1.000 0.004 0.000 0.000 0.000 0.000 0.000 1.000 1.000 0.000 1.000 1.000 0.000 0.000 0.000 0.000 1.000 1.000 1.000 1.000 1.000 1.000 0.999 0.000 0.000 0.987
0.000 0.000 0.000 0.000 0.000 0.000 0.000 1.000 1.000 1.000 1.000 0.947 0.000 0.000 0.000 0.000 0.000 0.000 0.000 1.000 1.000 0.000 1.000 1.000 0.016 0.000 1.000 1.000 1.000 1.000 0.000 0.000 0.000 0.086 0.000 0.000 0.093
0.188 0.189 0.096 0.462 0.623 0.026 0.002 1.000 1.000 1.000 0.000 0.001 0.000 0.000 0.000 0.000 0.000 0.000 0.000 0.000 1.000 1.000 0.000 1.000 1.000 1.000 1.000 1.000 1.000 0.189 0.000 0.000 0.000 0.135 0.000 0.206 0.001
0.000 0.000 0.001 0.008 0.000 0.000 0.798 1.000 0.998 0.996 0.000 0.213 0.000 0.000 0.000 0.000 0.000 0.000 0.000 0.000 0.000 1.000 1.000 0.000 1.000 1.000 1.000 0.275 0.000 0.000 0.000 0.000 0.000 0.000 0.000 0.000 0.000
0.447 0.292 0.141 0.877 0.118 0.000 0.218 1.000 0.029 0.000 0.000 0.000 0.000 0.000 0.000 0.000 0.000 0.000 0.000 0.000 0.000 0.016 1.000 1.000 0.000 1.000 1.000 0.108 0.000 0.000 0.000 0.000 0.000 0.000 0.000 0.000 0.000
0.278 0.163 0.069 0.094 0.014 0.000 0.000 0.766 0.631 0.000 0.000 0.000 0.000 0.000 0.000 0.000 0.000 0.000 0.000 0.000 0.000 0.000 1.000 1.000 1.000 0.000 1.000 1.000 0.002 0.000 0.000 0.000 0.000 0.000 0.000 0.001 0.000
0.000 0.000 0.000 0.000 0.000 0.000 0.000 0.000 0.000 0.000 0.000 0.000 0.000 0.000 0.000 0.000 0.000 0.000 0.000 0.000 0.000 1.000 1.000 1.000 1.000 1.000 0.000 1.000 1.000 0.000 0.000 0.000 0.000 0.000 0.000 0.000 0.000
0.057 0.017 0.001 0.000 0.000 0.000 0.000 0.000 0.967 0.000 0.000 0.000 0.000 0.000 0.000 0.000 0.000 0.000 0.000 0.010 1.000 1.000 1.000 0.275 0.108 1.000 1.000 0.000 1.000 1.000 0.000 0.000 0.000 0.010 0.000 0.011 0.000
0.000 0.000 0.000 0.000 0.000 0.000 0.000 0.000 0.971 0.000 0.000 0.068 0.000 0.000 0.000 0.000 0.000 0.000 0.000 0.997 1.000 1.000 1.000 0.000 0.000 0.002 1.000 1.000 0.000 1.000 1.000 0.000 0.000 0.002 0.000 0.000 0.000
0.000 0.000 0.000 0.000 0.000 0.000 0.000 0.000 1.000 0.000 0.000 0.006 0.000 0.000 0.000 0.000 0.000 0.000 0.249 1.000 1.000 1.000 0.189 0.000 0.000 0.000 0.000 1.000 1.000 0.000 1.000 1.000 0.951 0.920 0.021 0.000 0.000
0.000 0.000 0.000 0.000 0.000 0.000 0.000 0.000 0.000 0.000 0.000 0.020 0.226 0.988 0.397 0.668 0.001 1.000 1.000 1.000 1.000 0.000 0.000 0.000 0.000 0.000 0.000 0.000 1.000 1.000 0.000 1.000 1.000 0.011 0.000 0.000 0.000
0.000 0.000 0.000 0.000 0.000 0.000 0.000 0.000 0.074 0.000 0.000 0.000 0.000 0.000 0.000 0.000 0.000 0.002 0.063 0.477 1.000 0.000 0.000 0.000 0.000 0.000 0.000 0.000 0.000 1.000 1.000 0.000 1.000 1.000 0.007 0.000 0.000
0.000 0.000 0.000 0.000 0.000 0.000 0.000 0.000 0.042 0.000 0.299 0.000 0.000 0.000 0.000 0.000 0.000 0.000 0.080 0.000 1.000 0.000 0.000 0.000 0.000 0.000 0.000 0.000 0.000 0.951 1.000 1.000 0.000 1.000 0.987 0.094 1.000
0.047 0.011 0.007 0.002 0.195 0.242 0.001 0.002 1.000 0.172 0.017 0.000 0.000 0.000 0.000 0.000 0.000 0.000 0.000 0.000 0.999 0.086 0.135 0.000 0.000 0.000 0.000 0.010 0.002 0.920 0.011 1.000 1.000 0.000 0.992 0.978 1.000
0.104 0.042 0.007 0.000 0.068 0.069 0.000 0.000 0.220 0.000 0.000 0.000 0.000 0.000 0.000 0.000 0.000 0.000 0.000 0.000 0.000 0.000 0.000 0.000 0.000 0.000 0.000 0.000 0.000 0.021 0.000 0.007 0.987 0.992 0.000 1.000 1.000
0.303 0.379 0.090 0.218 0.961 0.985 0.218 0.117 0.799 0.000 0.000 0.000 0.000 0.000 0.000 0.000 0.000 0.000 0.000 0.000 0.000 0.000 0.206 0.000 0.000 0.001 0.000 0.011 0.000 0.000 0.000 0.000 0.094 0.978 1.000 0.000 0.996
0.000 0.012 0.000 0.000 0.443 0.993 0.226 0.020 0.973 0.602 0.817 0.003 0.000 0.000 0.000 0.000 0.000 0.000 0.002 0.002 0.987 0.093 0.001 0.000 0.000 0.000 0.000 0.000 0.000 0.000 0.000 0.000 1.000 1.000 1.000 0.996 0.000
