0.000 0.988 0.886 0.020 0.000 0.003 0.001 0.017 0.000 0.000 0.000 0.004 0.002 0.000 0.000 0.000 0.000 0.005 0.000 0.000 0.000 0.000 0.000 0.000 0.000 0.000 0.000 0.000 0.000 0.052 0.055 0.966 0.013 0.025
0.988 0.000 0.991 0.971 0.010 0.994 0.964 0.963 0.001 0.001 0.000 0.000 0.000 0.000 0.000 0.000 0.001 0.989 0.230 0.000 0.007 0.000 0.000 0.000 0.000 0.000 0.000 0.000 0.000 0.829 0.959 0.973 0.003 0.005
0.886 0.991 0.000 0.998 0.980 0.989 0.005 0.004 0.000 0.000 0.000 0.000 0.004 0.000 0.000 0.000 0.000 0.033 0.000 0.000 0.003 0.211 0.000 0.000 0.000 0.000 0.000 0.000 0.000 0.144 0.991 0.969 0.206 0.167
0.020 0.971 0.998 0.000 0.989 0.992 0.000 0.000 0.000 0.000 0.000 0.006 0.009 0.000 0.000 0.000 0.000 0.000 0.000 0.340 0.068 0.814 0.000 0.000 0.000 0.000 0.000 0.000 0.000 0.000 0.002 0.010 0.001 0.018
0.000 0.010 0.980 0.989 0.000 0.999 0.928 0.000 0.000 0.000 0.000 0.000 0.000 0.000 0.000 0.000 0.000 0.000 0.943 0.994 0.986 0.989 0.005 0.000 0.000 0.000 0.000 0.000 0.000 0.000 0.000 0.000 0.000 0.000
0.003 0.994 0.989 0.992 0.999 0.000 0.982 0.855 0.000 0.000 0.000 0.000 0.000 0.000 0.000 0.000 0.000 0.965 0.982 0.998 0.966 0.566 0.366 0.000 0.639 0.662 0.992 0.000 0.441 0.131 0.999 0.002 0.064 0.178
0.001 0.964 0.005 0.000 0.928 0.982 0.000 0.987 0.998 0.000 0.000 0.000 0.000 0.000 0.000 0.000 0.925 1.000 1.000 0.933 0.814 0.000 0.000 0.013 0.000 0.000 0.000 0.000 0.000 0.000 0.252 0.000 0.000 0.000
0.017 0.963 0.004 0.000 0.000 0.855 0.987 0.000 1.000 0.999 0.000 0.000 0.000 0.000 0.026 0.964 0.997 1.000 0.956 0.000 0.001 0.000 0.000 0.000 0.000 0.000 0.000 0.002 0.000 0.117 0.040 0.494 0.006 0.000
0.000 0.001 0.000 0.000 0.000 0.000 0.998 1.000 0.000 1.000 0.894 0.000 0.000 0.000 0.882 0.919 1.000 0.978 0.990 0.001 0.520 0.000 0.000 0.095 0.000 0.179 0.000 0.000 0.000 0.000 0.000 0.000 0.000 0.003
0.000 0.001 0.000 0.000 0.000 0.000 0.000 0.999 1.000 0.000 0.993 0.892 0.021 0.949 0.988 1.000 0.989 0.001 0.000 0.000 0.000 0.000 0.000 0.000 0.000 0.000 0.000 0.046 0.000 0.000 0.000 0.017 0.000 0.000
0.000 0.000 0.000 0.000 0.000 0.000 0.000 0.000 0.894 0.993 0.000 0.990 0.972 0.989 1.000 0.984 0.981 0.000 0.000 0.000 0.000 0.000 0.000 0.000 0.000 0.000 0.000 0.984 0.000 0.000 0.000 0.000 0.000 0.001
0.004 0.000 0.000 0.006 0.000 0.000 0.000 0.000 0.000 0.892 0.990 0.000 0.996 0.982 0.582 0.000 0.508 0.000 0.000 0.000 0.000 0.001 0.000 0.001 0.000 0.000 0.000 0.000 0.000 0.000 0.000 0.000 0.000 0.023
0.002 0.000 0.004 0.009 0.000 0.000 0.000 0.000 0.000 0.021 0.972 0.996 0.000 0.988 0.945 0.000 0.000 0.000 0.000 0.000 0.000 0.005 0.007 0.028 0.000 0.000 0.000 0.044 0.000 0.000 0.000 0.000 0.000 0.019
0.000 0.000 0.000 0.000 0.000 0.000 0.000 0.000 0.000 0.949 0.989 0.982 0.988 0.000 0.988 0.938 0.000 0.000 0.000 0.000 0.000 0.000 0.000 0.002 0.000 0.000 0.000 0.000 0.000 0.000 0.000 0.000 0.000 0.000
0.000 0.000 0.000 0.000 0.000 0.000 0.000 0.026 0.882 0.988 1.000 0.582 0.945 0.988 0.000 0.999 0.946 0.001 0.000 0.000 0.000 0.000 0.000 0.000 0.000 0.000 0.000 0.993 0.147 0.000 0.000 0.000 0.000 0.009
0.000 0.000 0.000 0.000 0.000 0.000 0.000 0.964 0.919 1.000 0.984 0.000 0.000 0.938 0.999 0.000 0.968 0.968 0.000 0.000 0.000 0.000 0.000 0.000 0.000 0.000 0.065 0.970 0.007 0.040 0.000 0.044 0.010 0.007
0.000 0.001 0.000 0.000 0.000 0.000 0.925 0.997 1.000 0.989 0.981 0.508 0.000 0.000 0.946 0.968 0.000 0.996 0.965 0.000 0.000 0.000 0.000 0.000 0.001 0.957 0.951 0.989 0.505 0.000 0.000 0.000 0.000 0.000
0.005 0.989 0.033 0.000 0.000 0.965 1.000 1.000 0.978 0.001 0.000 0.000 0.000 0.000 0.001 0.968 0.996 0.000 1.000 0.920 0.000 0.000 0.000 0.000 0.930 0.998 0.999 0.970 0.986 0.970 0.975 0.643 0.060 0.061
0.000 0.230 0.000 0.000 0.943 0.982 1.000 0.956 0.990 0.000 0.000 0.000 0.000 0.000 0.000 0.000 0.965 1.000 0.000 0.975 0.980 0.001 0.004 0.736 0.974 0.999 0.987 0.000 0.000 0.000 0.109 0.000 0.000 0.000
0.000 0.000 0.000 0.340 0.994 0.998 0.933 0.000 0.001 0.000 0.000 0.000 0.000 0.000 0.000 0.000 0.000 0.920 0.975 0.000 0.999 0.988 1.000 0.999 1.000 0.978 0.474 0.000 0.000 0.000 0.007 0.000 0.001 0.018
0.000 0.007 0.003 0.068 0.986 0.966 0.814 0.001 0.520 0.000 0.000 0.000 0.000 0.000 0.000 0.000 0.000 0.000 0.980 0.999 0.000 0.998 0.998 0.999 0.576 0.000 0.000 0.000 0.000 0.000 0.000 0.000 0.000 0.001
0.000 0.000 0.211 0.814 0.989 0.566 0.000 0.000 0.000 0.000 0.000 0.001 0.005 0.000 0.000 0.000 0.000 0.000 0.001 0.988 0.998 0.000 0.999 0.991 0.144 0.000 0.000 0.000 0.000 0.000 0.000 0.000 0.000 0.000
0.000 0.000 0.000 0.000 0.005 0.366 0.000 0.000 0.000 0.000 0.000 0.000 0.007 0.000 0.000 0.000 0.000 0.000 0.004 1.000 0.998 0.999 0.000 1.000 0.999 0.000 0.000 0.000 0.000 0.000 0.000 0.000 0.000 0.000
0.000 0.000 0.000 0.000 0.000 0.000 0.013 0.000 0.095 0.000 0.000 0.001 0.028 0.002 0.000 0.000 0.000 0.000 0.736 0.999 0.999 0.991 1.000 0.000 1.000 0.985 0.000 0.000 0.000 0.000 0.000 0.000 0.000 0.001
0.000 0.000 0.000 0.000 0.000 0.639 0.000 0.000 0.000 0.000 0.000 0.000 0.000 0.000 0.000 0.000 0.001 0.930 0.974 1.000 0.576 0.144 0.999 1.000 0.000 0.995 0.977 0.000 0.000 0.000 0.000 0.000 0.006 0.001
0.000 0.000 0.000 0.000 0.000 0.662 0.000 0.000 0.179 0.000 0.000 0.000 0.000 0.000 0.000 0.000 0.957 0.998 0.999 0.978 0.000 0.000 0.000 0.985 0.995 0.000 1.000 0.845 0.000 0.000 0.000 0.000 0.004 0.000
0.000 0.000 0.000 0.000 0.000 0.992 0.000 0.000 0.000 0.000 0.000 0.000 0.000 0.000 0.000 0.065 0.951 0.999 0.987 0.474 0.000 0.000 0.000 0.000 0.977 1.000 0.000 0.965 0.996 0.681 0.941 0.000 0.103 0.124
0.000 0.000 0.000 0.000 0.000 0.000 0.000 0.002 0.000 0.046 0.984 0.000 0.044 0.000 0.993 0.970 0.989 0.970 0.000 0.000 0.000 0.000 0.000 0.000 0.000 0.845 0.965 0.000 0.994 0.899 0.005 0.000 0.012 0.077
0.000 0.000 0.000 0.000 0.000 0.441 0.000 0.000 0.000 0.000 0.000 0.000 0.000 0.000 0.147 0.007 0.505 0.986 0.000 0.000 0.000 0.000 0.000 0.000 0.000 0.000 0.996 0.994 0.000 0.998 0.964 0.005 0.518 0.329
0.052 0.829 0.144 0.000 0.000 0.131 0.000 0.117 0.000 0.000 0.000 0.000 0.000 0.000 0.000 0.040 0.000 0.970 0.000 0.000 0.000 0.000 0.000 0.000 0.000 0.000 0.681 0.899 0.998 0.000 0.983 1.000 0.882 0.407
0.055 0.959 0.991 0.002 0.000 0.999 0.252 0.040 0.000 0.000 0.000 0.000 0.000 0.000 0.000 0.000 0.000 0.975 0.109 0.007 0.000 0.000 0.000 0.000 0.000 0.000 0.941 0.005 0.964 0.983 0.000 0.983 0.919 0.465
0.966 0.973 0.969 0.010 0.000 0.002 0.000 0.494 0.000 0.017 0.000 0.000 0.000 0.000 0.000 0.044 0.000 0.643 0.000 0.000 0.000 0.000 0.000 0.000 0.000 0.000 0.000 0.000 0.005 1.000 0.983 0.000 0.996 0.936
0.013 0.003 0.206 0.001 0.000 0.064 0.000 0.006 0.000 0.000 0.000 0.000 0.000 0.000 0.000 0.010 0.000 0.060 0.000 0.001 0.000 0.000 0.000 0.000 0.006 0.004 0.103 0.012 0.518 0.882 0.919 0.996 0.000 0.995
0.025 0.005 0.167 0.018 0.000 0.178 0.000 0.000 0.003 0.000 0.001 0.023 0.019 0.000 0.009 0.007 0.000 0.061 0.000 0.018 0.001 0.000 0.000 0.001 0.001 0.000 0.124 0.077 0.329 0.407 0.465 0.936 0.995 0.000
