0.000 0.989 0.881 0.003 0.000 0.000 0.000 0.017 0.000 0.000 0.000 0.000 0.000 0.000 0.000 0.002 0.000 0.010 0.000 0.000 0.000 0.000 0.000 0.000 0.000 0.000 0.000 0.000 0.000 0.106 0.037 0.922 0.084 0.000
0.989 0.000 0.996 0.944 0.009 0.985 0.918 0.905 0.001 0.002 0.000 0.000 0.000 0.000 0.000 0.010 0.001 0.943 0.155 0.000 0.002 0.000 0.000 0.000 0.000 0.000 0.000 0.000 0.000 0.757 0.945 0.934 0.051 0.000
0.881 0.996 0.000 0.998 0.957 0.993 0.001 0.000 0.000 0.000 0.000 0.000 0.000 0.000 0.000 0.000 0.000 0.036 0.000 0.000 0.000 0.000 0.000 0.000 0.203 0.000 0.000 0.000 0.000 0.249 0.958 0.972 0.796 0.000
0.003 0.944 0.998 0.000 0.989 0.993 0.000 0.000 0.000 0.000 0.000 0.000 0.000 0.000 0.000 0.000 0.000 0.000 0.000 0.644 0.008 0.064 0.003 0.000 0.528 0.000 0.000 0.000 0.000 0.000 0.006 0.010 0.008 0.000
0.000 0.009 0.957 0.989 0.000 0.990 0.893 0.000 0.000 0.000 0.000 0.000 0.000 0.000 0.000 0.000 0.000 0.000 0.814 0.963 0.744 0.674 0.282 0.000 0.503 0.000 0.000 0.000 0.000 0.000 0.000 0.000 0.000 0.000
0.000 0.985 0.993 0.993 0.990 0.000 0.978 0.831 0.000 0.000 0.000 0.000 0.000 0.000 0.000 0.000 0.000 0.998 0.982 0.990 0.454 0.069 0.038 0.000 0.994 0.952 0.981 0.000 0.005 0.000 0.992 0.002 0.008 0.000
0.000 0.918 0.001 0.000 0.893 0.978 0.000 0.989 0.999 0.000 0.000 0.000 0.000 0.000 0.000 0.000 0.863 0.978 0.999 0.931 0.684 0.003 0.000 0.012 0.000 0.000 0.000 0.000 0.000 0.000 0.088 0.000 0.000 0.000
0.017 0.905 0.000 0.000 0.000 0.831 0.989 0.000 0.996 0.998 0.000 0.000 0.000 0.000 0.000 0.965 0.939 0.985 0.931 0.000 0.000 0.000 0.000 0.000 0.000 0.000 0.000 0.000 0.000 0.013 0.003 0.154 0.000 0.000
0.000 0.001 0.000 0.000 0.000 0.000 0.999 0.996 0.000 0.999 0.836 0.000 0.000 0.000 0.846 0.976 0.995 0.970 0.999 0.001 0.564 0.000 0.000 0.020 0.000 0.029 0.000 0.000 0.000 0.000 0.000 0.000 0.000 0.000
0.000 0.002 0.000 0.000 0.000 0.000 0.000 0.998 0.999 0.000 0.972 0.692 0.008 0.833 0.959 0.999 0.986 0.000 0.000 0.000 0.000 0.000 0.000 0.000 0.000 0.000 0.000 0.001 0.000 0.000 0.000 0.003 0.000 0.000
0.000 0.000 0.000 0.000 0.000 0.000 0.000 0.000 0.836 0.972 0.000 0.959 0.960 0.984 0.991 0.939 0.949 0.000 0.000 0.000 0.000 0.000 0.000 0.000 0.000 0.000 0.000 0.748 0.000 0.000 0.000 0.000 0.000 0.000
0.000 0.000 0.000 0.000 0.000 0.000 0.000 0.000 0.000 0.692 0.959 0.000 0.986 0.910 0.589 0.000 0.035 0.000 0.000 0.000 0.000 0.000 0.000 0.000 0.000 0.000 0.000 0.000 0.000 0.000 0.000 0.000 0.000 0.002
0.000 0.000 0.000 0.000 0.000 0.000 0.000 0.000 0.000 0.008 0.960 0.986 0.000 0.971 0.931 0.000 0.000 0.000 0.000 0.000 0.000 0.000 0.000 0.000 0.000 0.000 0.000 0.010 0.000 0.000 0.000 0.000 0.000 0.000
0.000 0.000 0.000 0.000 0.000 0.000 0.000 0.000 0.000 0.833 0.984 0.910 0.971 0.000 0.992 0.856 0.000 0.000 0.000 0.000 0.000 0.000 0.000 0.000 0.000 0.000 0.000 0.000 0.000 0.000 0.000 0.000 0.000 0.000
0.000 0.000 0.000 0.000 0.000 0.000 0.000 0.000 0.846 0.959 0.991 0.589 0.931 0.992 0.000 0.991 0.944 0.000 0.000 0.000 0.000 0.000 0.000 0.000 0.000 0.000 0.000 0.614 0.000 0.000 0.000 0.000 0.000 0.000
0.002 0.010 0.000 0.000 0.000 0.000 0.000 0.965 0.976 0.999 0.939 0.000 0.000 0.856 0.991 0.000 0.996 0.991 0.000 0.000 0.000 0.000 0.000 0.000 0.000 0.000 0.072 0.924 0.543 0.666 0.013 0.304 0.000 0.000
0.000 0.001 0.000 0.000 0.000 0.000 0.863 0.939 0.995 0.986 0.949 0.035 0.000 0.000 0.944 0.996 0.000 0.998 0.985 0.000 0.002 0.000 0.000 0.000 0.000 0.956 0.932 0.986 0.431 0.000 0.000 0.000 0.000 0.000
0.010 0.943 0.036 0.000 0.000 0.998 0.978 0.985 0.970 0.000 0.000 0.000 0.000 0.000 0.000 0.991 0.998 0.000 0.996 0.887 0.000 0.000 0.000 0.000 0.845 0.939 0.984 0.941 0.935 0.946 0.965 0.326 0.000 0.000
0.000 0.155 0.000 0.000 0.814 0.982 0.999 0.931 0.999 0.000 0.000 0.000 0.000 0.000 0.000 0.000 0.985 0.996 0.000 0.980 0.932 0.018 0.000 0.256 0.913 0.953 0.916 0.000 0.000 0.000 0.043 0.000 0.000 0.000
0.000 0.000 0.000 0.644 0.963 0.990 0.931 0.000 0.001 0.000 0.000 0.000 0.000 0.000 0.000 0.000 0.000 0.887 0.980 0.000 0.979 0.941 0.973 0.861 0.994 0.905 0.060 0.000 0.000 0.000 0.000 0.000 0.000 0.000
0.000 0.002 0.000 0.008 0.744 0.454 0.684 0.000 0.564 0.000 0.000 0.000 0.000 0.000 0.000 0.000 0.002 0.000 0.932 0.979 0.000 0.982 0.937 0.985 0.764 0.017 0.000 0.000 0.000 0.000 0.000 0.000 0.000 0.000
0.000 0.000 0.000 0.064 0.674 0.069 0.003 0.000 0.000 0.000 0.000 0.000 0.000 0.000 0.000 0.000 0.000 0.000 0.018 0.941 0.982 0.000 0.989 0.953 0.240 0.000 0.000 0.000 0.000 0.000 0.000 0.000 0.000 0.000
0.000 0.000 0.000 0.003 0.282 0.038 0.000 0.000 0.000 0.000 0.000 0.000 0.000 0.000 0.000 0.000 0.000 0.000 0.000 0.973 0.937 0.989 0.000 0.996 0.989 0.000 0.000 0.000 0.000 0.000 0.000 0.000 0.000 0.000
0.000 0.000 0.000 0.000 0.000 0.000 0.012 0.000 0.020 0.000 0.000 0.000 0.000 0.000 0.000 0.000 0.000 0.000 0.256 0.861 0.985 0.953 0.996 0.000 0.946 0.821 0.000 0.000 0.000 0.000 0.000 0.000 0.000 0.000
0.000 0.000 0.203 0.528 0.503 0.994 0.000 0.000 0.000 0.000 0.000 0.000 0.000 0.000 0.000 0.000 0.000 0.845 0.913 0.994 0.764 0.240 0.989 0.946 0.000 0.998 0.928 0.000 0.000 0.000 0.045 0.000 0.004 0.000
0.000 0.000 0.000 0.000 0.000 0.952 0.000 0.000 0.029 0.000 0.000 0.000 0.000 0.000 0.000 0.000 0.956 0.939 0.953 0.905 0.017 0.000 0.000 0.821 0.998 0.000 0.988 0.972 0.000 0.000 0.000 0.000 0.000 0.000
0.000 0.000 0.000 0.000 0.000 0.981 0.000 0.000 0.000 0.000 0.000 0.000 0.000 0.000 0.000 0.072 0.932 0.984 0.916 0.060 0.000 0.000 0.000 0.000 0.928 0.988 0.000 0.992 0.982 0.778 0.921 0.001 0.000 0.000
0.000 0.000 0.000 0.000 0.000 0.000 0.000 0.000 0.000 0.001 0.748 0.000 0.010 0.000 0.614 0.924 0.986 0.941 0.000 0.000 0.000 0.000 0.000 0.000 0.000 0.972 0.992 0.000 0.977 0.830 0.014 0.000 0.000 0.000
0.000 0.000 0.000 0.000 0.000 0.005 0.000 0.000 0.000 0.000 0.000 0.000 0.000 0.000 0.000 0.543 0.431 0.935 0.000 0.000 0.000 0.000 0.000 0.000 0.000 0.000 0.982 0.977 0.000 0.994 0.931 0.014 0.001 0.001
0.106 0.757 0.249 0.000 0.000 0.000 0.000 0.013 0.000 0.000 0.000 0.000 0.000 0.000 0.000 0.666 0.000 0.946 0.000 0.000 0.000 0.000 0.000 0.000 0.000 0.000 0.778 0.830 0.994 0.000 0.984 0.990 0.054 0.008
0.037 0.945 0.958 0.006 0.000 0.992 0.088 0.003 0.000 0.000 0.000 0.000 0.000 0.000 0.000 0.013 0.000 0.965 0.043 0.000 0.000 0.000 0.000 0.000 0.045 0.000 0.921 0.014 0.931 0.984 0.000 0.983 0.931 0.001
0.922 0.934 0.972 0.010 0.000 0.002 0.000 0.154 0.000 0.003 0.000 0.000 0.000 0.000 0.000 0.304 0.000 0.326 0.000 0.000 0.000 0.000 0.000 0.000 0.000 0.000 0.001 0.000 0.014 0.990 0.983 0.000 0.998 0.877
0.084 0.051 0.796 0.008 0.000 0.008 0.000 0.000 0.000 0.000 0.000 0.000 0.000 0.000 0.000 0.000 0.000 0.000 0.000 0.000 0.000 0.000 0.000 0.000 0.004 0.000 0.000 0.000 0.001 0.054 0.931 0.998 0.000 0.976
0.000 0.000 0.000 0.000 0.000 0.000 0.000 0.000 0.000 0.000 0.000 0.002 0.000 0.000 0.000 0.000 0.000 0.000 0.000 0.000 0.000 0.000 0.000 0.000 0.000 0.000 0.000 0.000 0.001 0.008 0.001 0.877 0.976 0.000
