0.000 0.999 0.965 0.030 0.000 0.000 0.000 0.027 0.000 0.000 0.000 0.000 0.000 0.000 0.000 0.000 0.000 0.030 0.000 0.000 0.000 0.000 0.000 0.000 0.000 0.000 0.000 0.000 0.000 0.329 0.098 0.982 0.127 0.000
0.999 0.000 0.995 0.971 0.013 0.875 0.858 0.906 0.001 0.003 0.000 0.000 0.000 0.000 0.000 0.000 0.005 0.934 0.261 0.000 0.026 0.000 0.000 0.000 0.000 0.000 0.001 0.000 0.002 0.814 0.825 0.986 0.038 0.000
0.965 0.995 0.000 0.998 0.994 1.000 0.068 0.053 0.000 0.000 0.000 0.000 0.000 0.000 0.000 0.000 0.000 0.141 0.000 0.000 0.052 0.017 0.000 0.000 0.000 0.000 0.002 0.000 0.006 0.402 0.995 0.997 0.008 0.004
0.030 0.971 0.998 0.000 1.000 0.999 0.020 0.000 0.000 0.000 0.000 0.004 0.011 0.000 0.000 0.000 0.000 0.000 0.000 0.019 0.549 0.308 0.000 0.000 0.000 0.000 0.000 0.000 0.000 0.000 0.003 0.126 0.000 0.000
0.000 0.013 0.994 1.000 0.000 0.998 0.929 0.000 0.000 0.000 0.000 0.000 0.000 0.000 0.000 0.000 0.000 0.000 0.911 0.987 0.993 0.917 0.002 0.000 0.000 0.000 0.000 0.000 0.000 0.000 0.002 0.009 0.000 0.000
0.000 0.875 1.000 0.999 0.998 0.000 0.985 0.898 0.000 0.000 0.000 0.000 0.000 0.000 0.000 0.000 0.004 0.968 0.983 0.998 0.998 0.096 0.143 0.000 0.917 0.850 0.990 0.000 0.214 0.032 1.000 0.021 0.000 0.002
0.000 0.858 0.068 0.020 0.929 0.985 0.000 0.987 0.992 0.000 0.000 0.000 0.000 0.000 0.000 0.000 0.919 0.997 1.000 0.939 0.953 0.000 0.000 0.044 0.000 0.000 0.000 0.000 0.000 0.000 0.158 0.000 0.000 0.000
0.027 0.906 0.053 0.000 0.000 0.898 0.987 0.000 0.998 0.979 0.000 0.000 0.000 0.000 0.005 0.973 0.994 0.995 0.975 0.000 0.008 0.000 0.000 0.000 0.000 0.000 0.000 0.003 0.000 0.059 0.037 0.284 0.000 0.000
0.000 0.001 0.000 0.000 0.000 0.000 0.992 0.998 0.000 0.998 0.920 0.000 0.000 0.000 0.943 0.997 1.000 0.934 0.988 0.006 0.445 0.000 0.000 0.299 0.000 0.189 0.000 0.000 0.000 0.000 0.000 0.000 0.000 0.000
0.000 0.003 0.000 0.000 0.000 0.000 0.000 0.979 0.998 0.000 0.998 0.931 0.015 0.986 0.999 1.000 0.997 0.001 0.000 0.000 0.000 0.000 0.000 0.000 0.000 0.000 0.000 0.044 0.000 0.000 0.000 0.005 0.000 0.000
0.000 0.000 0.000 0.000 0.000 0.000 0.000 0.000 0.920 0.998 0.000 0.989 0.995 0.990 0.999 0.942 0.966 0.000 0.000 0.000 0.000 0.000 0.000 0.000 0.000 0.001 0.000 0.984 0.000 0.000 0.000 0.000 0.000 0.000
0.000 0.000 0.000 0.004 0.000 0.000 0.000 0.000 0.000 0.931 0.989 0.000 0.994 0.969 0.643 0.000 0.085 0.000 0.000 0.000 0.000 0.000 0.000 0.000 0.000 0.000 0.000 0.000 0.000 0.000 0.000 0.000 0.000 0.001
0.000 0.000 0.000 0.011 0.000 0.000 0.000 0.000 0.000 0.015 0.995 0.994 0.000 1.000 0.967 0.000 0.000 0.000 0.000 0.000 0.000 0.003 0.000 0.000 0.000 0.000 0.000 0.190 0.000 0.000 0.000 0.000 0.000 0.000
0.000 0.000 0.000 0.000 0.000 0.000 0.000 0.000 0.000 0.986 0.990 0.969 1.000 0.000 0.998 0.946 0.000 0.000 0.000 0.000 0.000 0.000 0.000 0.000 0.000 0.000 0.000 0.000 0.000 0.000 0.000 0.000 0.000 0.000
0.000 0.000 0.000 0.000 0.000 0.000 0.000 0.005 0.943 0.999 0.999 0.643 0.967 0.998 0.000 0.998 0.963 0.001 0.000 0.000 0.000 0.000 0.000 0.000 0.000 0.000 0.000 0.991 0.166 0.000 0.000 0.000 0.000 0.000
0.000 0.000 0.000 0.000 0.000 0.000 0.000 0.973 0.997 1.000 0.942 0.000 0.000 0.946 0.998 0.000 1.000 0.938 0.000 0.000 0.000 0.000 0.000 0.000 0.000 0.000 0.123 0.999 0.005 0.015 0.000 0.029 0.000 0.000
0.000 0.005 0.000 0.000 0.000 0.004 0.919 0.994 1.000 0.997 0.966 0.085 0.000 0.000 0.963 1.000 0.000 0.991 0.953 0.000 0.000 0.000 0.000 0.018 0.002 0.973 0.966 1.000 0.521 0.000 0.000 0.000 0.000 0.000
0.030 0.934 0.141 0.000 0.000 0.968 0.997 0.995 0.934 0.001 0.000 0.000 0.000 0.000 0.001 0.938 0.991 0.000 0.997 0.896 0.000 0.000 0.000 0.000 0.855 0.988 0.997 0.989 0.977 0.991 0.969 0.484 0.007 0.002
0.000 0.261 0.000 0.000 0.911 0.983 1.000 0.975 0.988 0.000 0.000 0.000 0.000 0.000 0.000 0.000 0.953 0.997 0.000 0.976 0.985 0.001 0.004 0.920 0.943 0.997 0.982 0.000 0.000 0.000 0.087 0.000 0.000 0.000
0.000 0.000 0.000 0.019 0.987 0.998 0.939 0.000 0.006 0.000 0.000 0.000 0.000 0.000 0.000 0.000 0.000 0.896 0.976 0.000 0.999 0.999 0.984 0.996 1.000 0.974 0.345 0.000 0.000 0.000 0.002 0.000 0.000 0.000
0.000 0.026 0.052 0.549 0.993 0.998 0.953 0.008 0.445 0.000 0.000 0.000 0.000 0.000 0.000 0.000 0.000 0.000 0.985 0.999 0.000 0.992 0.938 0.980 0.143 0.000 0.000 0.000 0.000 0.000 0.000 0.000 0.000 0.000
0.000 0.000 0.017 0.308 0.917 0.096 0.000 0.000 0.000 0.000 0.000 0.000 0.003 0.000 0.000 0.000 0.000 0.000 0.001 0.999 0.992 0.000 1.000 0.994 0.217 0.000 0.000 0.000 0.000 0.000 0.000 0.000 0.000 0.000
0.000 0.000 0.000 0.000 0.002 0.143 0.000 0.000 0.000 0.000 0.000 0.000 0.000 0.000 0.000 0.000 0.000 0.000 0.004 0.984 0.938 1.000 0.000 0.993 0.997 0.000 0.000 0.000 0.000 0.000 0.000 0.000 0.000 0.000
0.000 0.000 0.000 0.000 0.000 0.000 0.044 0.000 0.299 0.000 0.000 0.000 0.000 0.000 0.000 0.000 0.018 0.000 0.920 0.996 0.980 0.994 0.993 0.000 0.991 0.977 0.000 0.000 0.000 0.000 0.000 0.000 0.000 0.000
0.000 0.000 0.000 0.000 0.000 0.917 0.000 0.000 0.000 0.000 0.000 0.000 0.000 0.000 0.000 0.000 0.002 0.855 0.943 1.000 0.143 0.217 0.997 0.991 0.000 0.991 0.944 0.000 0.000 0.000 0.002 0.000 0.000 0.000
0.000 0.000 0.000 0.000 0.000 0.850 0.000 0.000 0.189 0.000 0.001 0.000 0.000 0.000 0.000 0.000 0.973 0.988 0.997 0.974 0.000 0.000 0.000 0.977 0.991 0.000 0.998 0.944 0.000 0.000 0.000 0.000 0.000 0.000
0.000 0.001 0.002 0.000 0.000 0.990 0.000 0.000 0.000 0.000 0.000 0.000 0.000 0.000 0.000 0.123 0.966 0.997 0.982 0.345 0.000 0.000 0.000 0.000 0.944 0.998 0.000 0.995 1.000 0.790 0.914 0.000 0.029 0.013
0.000 0.000 0.000 0.000 0.000 0.000 0.000 0.003 0.000 0.044 0.984 0.000 0.190 0.000 0.991 0.999 1.000 0.989 0.000 0.000 0.000 0.000 0.000 0.000 0.000 0.944 0.995 0.000 0.983 0.932 0.002 0.000 0.000 0.001
0.000 0.002 0.006 0.000 0.000 0.214 0.000 0.000 0.000 0.000 0.000 0.000 0.000 0.000 0.166 0.005 0.521 0.977 0.000 0.000 0.000 0.000 0.000 0.000 0.000 0.000 1.000 0.983 0.000 0.999 0.985 0.008 0.696 0.302
0.329 0.814 0.402 0.000 0.000 0.032 0.000 0.059 0.000 0.000 0.000 0.000 0.000 0.000 0.000 0.015 0.000 0.991 0.000 0.000 0.000 0.000 0.000 0.000 0.000 0.000 0.790 0.932 0.999 0.000 0.998 0.991 1.000 0.313
0.098 0.825 0.995 0.003 0.002 1.000 0.158 0.037 0.000 0.000 0.000 0.000 0.000 0.000 0.000 0.000 0.000 0.969 0.087 0.002 0.000 0.000 0.000 0.000 0.002 0.000 0.914 0.002 0.985 0.998 0.000 1.000 0.997 0.294
0.982 0.986 0.997 0.126 0.009 0.021 0.000 0.284 0.000 0.005 0.000 0.000 0.000 0.000 0.000 0.029 0.000 0.484 0.000 0.000 0.000 0.000 0.000 0.000 0.000 0.000 0.000 0.000 0.008 0.991 1.000 0.000 0.997 0.972
0.127 0.038 0.008 0.000 0.000 0.000 0.000 0.000 0.000 0.000 0.000 0.000 0.000 0.000 0.000 0.000 0.000 0.007 0.000 0.000 0.000 0.000 0.000 0.000 0.000 0.000 0.029 0.000 0.696 1.000 0.997 0.997 0.000 0.994
0.000 0.000 0.004 0.000 0.000 0.002 0.000 0.000 0.000 0.000 0.000 0.001 0.000 0.000 0.000 0.000 0.000 0.002 0.000 0.000 0.000 0.000 0.000 0.000 0.000 0.000 0.013 0.001 0.302 0.313 0.294 0.972 0.994 0.000
