0.000 0.998 0.981 0.005 0.000 0.000 0.000 0.054 0.000 0.000 0.000 0.001 0.000 0.000 0.000 0.000 0.000 0.008 0.000 0.000 0.000 0.000 0.000 0.000 0.000 0.000 0.000 0.000 0.000 0.618 0.283 0.320 0.539 0.005
0.998 0.000 0.994 0.961 0.005 0.996 0.987 0.998 0.001 0.000 0.000 0.000 0.000 0.000 0.000 0.005 0.002 0.999 0.240 0.000 0.039 0.000 0.000 0.000 0.000 0.000 0.000 0.000 0.000 0.969 0.952 0.481 0.612 0.013
0.981 0.994 0.000 0.993 0.948 1.000 0.000 0.000 0.000 0.000 0.000 0.000 0.000 0.000 0.000 0.000 0.000 0.009 0.000 0.001 0.013 0.000 0.000 0.000 0.001 0.000 0.000 0.000 0.000 0.503 0.999 0.989 0.994 0.726
0.005 0.961 0.993 0.000 1.000 0.993 0.000 0.000 0.000 0.000 0.000 0.000 0.000 0.000 0.000 0.000 0.000 0.000 0.000 0.111 0.267 0.076 0.000 0.000 0.000 0.000 0.000 0.000 0.000 0.000 0.001 0.010 0.751 0.320
0.000 0.005 0.948 1.000 0.000 0.980 0.926 0.000 0.000 0.000 0.000 0.000 0.000 0.000 0.000 0.000 0.000 0.000 0.933 0.965 0.999 0.840 0.005 0.040 0.009 0.000 0.000 0.000 0.000 0.000 0.000 0.000 0.000 0.007
0.000 0.996 1.000 0.993 0.980 0.000 0.999 0.988 0.000 0.000 0.000 0.000 0.000 0.000 0.000 0.000 0.001 0.998 1.000 0.999 0.953 0.021 0.057 0.010 0.996 0.939 1.000 0.000 0.027 0.003 1.000 0.165 0.044 0.126
0.000 0.987 0.000 0.000 0.926 0.999 0.000 1.000 1.000 0.000 0.000 0.000 0.000 0.000 0.000 0.000 0.963 0.981 0.980 0.913 0.776 0.000 0.000 0.114 0.000 0.000 0.000 0.000 0.000 0.000 0.251 0.000 0.000 0.000
0.054 0.998 0.000 0.000 0.000 0.988 1.000 0.000 1.000 0.989 0.000 0.000 0.000 0.000 0.000 0.999 0.969 0.996 0.947 0.000 0.016 0.000 0.000 0.000 0.000 0.000 0.000 0.000 0.000 0.355 0.019 0.000 0.000 0.000
0.000 0.001 0.000 0.000 0.000 0.000 1.000 1.000 0.000 0.990 0.940 0.000 0.000 0.000 0.942 0.998 0.994 0.985 0.990 0.020 0.207 0.000 0.000 0.320 0.000 0.183 0.000 0.001 0.000 0.000 0.000 0.000 0.000 0.000
0.000 0.000 0.000 0.000 0.000 0.000 0.000 0.989 0.990 0.000 0.988 0.882 0.052 0.676 0.970 0.989 0.957 0.000 0.000 0.000 0.000 0.000 0.000 0.000 0.000 0.000 0.000 0.054 0.000 0.000 0.000 0.000 0.000 0.000
0.000 0.000 0.000 0.000 0.000 0.000 0.000 0.000 0.940 0.988 0.000 0.989 0.994 0.988 1.000 0.968 0.989 0.000 0.000 0.000 0.000 0.000 0.000 0.000 0.000 0.000 0.000 0.957 0.000 0.000 0.000 0.000 0.000 0.000
0.001 0.000 0.000 0.000 0.000 0.000 0.000 0.000 0.000 0.882 0.989 0.000 0.988 0.972 0.829 0.000 0.336 0.000 0.000 0.000 0.000 0.000 0.000 0.000 0.000 0.000 0.000 0.060 0.000 0.000 0.000 0.000 0.002 0.017
0.000 0.000 0.000 0.000 0.000 0.000 0.000 0.000 0.000 0.052 0.994 0.988 0.000 0.984 0.995 0.000 0.000 0.000 0.000 0.000 0.000 0.000 0.000 0.000 0.000 0.000 0.000 0.142 0.000 0.000 0.000 0.000 0.001 0.014
0.000 0.000 0.000 0.000 0.000 0.000 0.000 0.000 0.000 0.676 0.988 0.972 0.984 0.000 0.986 0.916 0.000 0.000 0.000 0.000 0.000 0.000 0.000 0.000 0.000 0.000 0.000 0.001 0.000 0.000 0.000 0.000 0.000 0.000
0.000 0.000 0.000 0.000 0.000 0.000 0.000 0.000 0.942 0.970 1.000 0.829 0.995 0.986 0.000 0.993 0.991 0.000 0.000 0.000 0.000 0.000 0.000 0.000 0.000 0.000 0.000 0.966 0.001 0.000 0.000 0.000 0.000 0.000
0.000 0.005 0.000 0.000 0.000 0.000 0.000 0.999 0.998 0.989 0.968 0.000 0.000 0.916 0.993 0.000 1.000 1.000 0.000 0.000 0.000 0.000 0.000 0.000 0.000 0.000 0.229 0.986 0.037 0.212 0.000 0.000 0.000 0.000
0.000 0.002 0.000 0.000 0.000 0.001 0.963 0.969 0.994 0.957 0.989 0.336 0.000 0.000 0.991 1.000 0.000 1.000 0.999 0.000 0.000 0.000 0.000 0.001 0.004 0.984 0.983 0.998 0.351 0.000 0.000 0.000 0.000 0.000
0.008 0.999 0.009 0.000 0.000 0.998 0.981 0.996 0.985 0.000 0.000 0.000 0.000 0.000 0.000 1.000 1.000 0.000 1.000 0.973 0.000 0.000 0.000 0.000 0.952 0.990 0.995 0.993 0.993 1.000 0.999 0.000 0.000 0.000
0.000 0.240 0.000 0.000 0.933 1.000 0.980 0.947 0.990 0.000 0.000 0.000 0.000 0.000 0.000 0.000 0.999 1.000 0.000 0.991 0.954 0.002 0.006 0.964 0.969 0.989 0.980 0.000 0.000 0.000 0.205 0.000 0.000 0.000
0.000 0.000 0.001 0.111 0.965 0.999 0.913 0.000 0.020 0.000 0.000 0.000 0.000 0.000 0.000 0.000 0.000 0.973 0.991 0.000 0.985 0.980 0.999 0.998 0.998 0.969 0.346 0.000 0.000 0.000 0.002 0.000 0.000 0.000
0.000 0.039 0.013 0.267 0.999 0.953 0.776 0.016 0.207 0.000 0.000 0.000 0.000 0.000 0.000 0.000 0.000 0.000 0.954 0.985 0.000 0.994 0.950 0.992 0.047 0.000 0.000 0.000 0.000 0.000 0.000 0.000 0.000 0.002
0.000 0.000 0.000 0.076 0.840 0.021 0.000 0.000 0.000 0.000 0.000 0.000 0.000 0.000 0.000 0.000 0.000 0.000 0.002 0.980 0.994 0.000 0.989 0.999 0.125 0.000 0.000 0.000 0.000 0.000 0.000 0.000 0.000 0.001
0.000 0.000 0.000 0.000 0.005 0.057 0.000 0.000 0.000 0.000 0.000 0.000 0.000 0.000 0.000 0.000 0.000 0.000 0.006 0.999 0.950 0.989 0.000 0.999 0.985 0.000 0.001 0.000 0.000 0.000 0.000 0.000 0.000 0.004
0.000 0.000 0.000 0.000 0.040 0.010 0.114 0.000 0.320 0.000 0.000 0.000 0.000 0.000 0.000 0.000 0.001 0.000 0.964 0.998 0.992 0.999 0.999 0.000 0.990 0.974 0.000 0.000 0.000 0.000 0.000 0.000 0.000 0.000
0.000 0.000 0.001 0.000 0.009 0.996 0.000 0.000 0.000 0.000 0.000 0.000 0.000 0.000 0.000 0.000 0.004 0.952 0.969 0.998 0.047 0.125 0.985 0.990 0.000 0.998 0.991 0.003 0.014 0.000 0.047 0.008 0.000 0.035
0.000 0.000 0.000 0.000 0.000 0.939 0.000 0.000 0.183 0.000 0.000 0.000 0.000 0.000 0.000 0.000 0.984 0.990 0.989 0.969 0.000 0.000 0.000 0.974 0.998 0.000 0.998 0.997 0.000 0.000 0.000 0.000 0.000 0.000
0.000 0.000 0.000 0.000 0.000 1.000 0.000 0.000 0.000 0.000 0.000 0.000 0.000 0.000 0.000 0.229 0.983 0.995 0.980 0.346 0.000 0.000 0.001 0.000 0.991 0.998 0.000 1.000 1.000 0.664 0.985 0.005 0.000 0.000
0.000 0.000 0.000 0.000 0.000 0.000 0.000 0.000 0.001 0.054 0.957 0.060 0.142 0.001 0.966 0.986 0.998 0.993 0.000 0.000 0.000 0.000 0.000 0.000 0.003 0.997 1.000 0.000 1.000 0.999 0.010 0.000 0.000 0.000
0.000 0.000 0.000 0.000 0.000 0.027 0.000 0.000 0.000 0.000 0.000 0.000 0.000 0.000 0.001 0.037 0.351 0.993 0.000 0.000 0.000 0.000 0.000 0.000 0.014 0.000 1.000 1.000 0.000 1.000 1.000 0.005 0.000 0.000
0.618 0.969 0.503 0.000 0.000 0.003 0.000 0.355 0.000 0.000 0.000 0.000 0.000 0.000 0.000 0.212 0.000 1.000 0.000 0.000 0.000 0.000 0.000 0.000 0.000 0.000 0.664 0.999 1.000 0.000 1.000 1.000 0.345 0.000
0.283 0.952 0.999 0.001 0.000 1.000 0.251 0.019 0.000 0.000 0.000 0.000 0.000 0.000 0.000 0.000 0.000 0.999 0.205 0.002 0.000 0.000 0.000 0.000 0.047 0.000 0.985 0.010 1.000 1.000 0.000 1.000 0.993 0.014
0.320 0.481 0.989 0.010 0.000 0.165 0.000 0.000 0.000 0.000 0.000 0.000 0.000 0.000 0.000 0.000 0.000 0.000 0.000 0.000 0.000 0.000 0.000 0.000 0.008 0.000 0.005 0.000 0.005 1.000 1.000 0.000 1.000 0.963
0.539 0.612 0.994 0.751 0.000 0.044 0.000 0.000 0.000 0.000 0.000 0.002 0.001 0.000 0.000 0.000 0.000 0.000 0.000 0.000 0.000 0.000 0.000 0.000 0.000 0.000 0.000 0.000 0.000 0.345 0.993 1.000 0.000 0.987
0.005 0.013 0.726 0.320 0.007 0.126 0.000 0.000 0.000 0.000 0.000 0.017 0.014 0.000 0.000 0.000 0.000 0.000 0.000 0.000 0.002 0.001 0.004 0.000 0.035 0.000 0.000 0.000 0.000 0.000 0.014 0.963 0.987 0.000
