0.000 0.992 0.937 0.005 0.000 0.000 0.002 0.025 0.000 0.000 0.000 0.000 0.000 0.000 0.000 0.000 0.000 0.000 0.006 0.000 0.000 0.000 0.000 0.000 0.000 0.000 0.000 0.000 0.000 0.000 0.067 0.165 0.139 0.140 0.034
0.992 0.000 0.989 0.931 0.001 0.968 0.943 0.962 0.001 0.000 0.000 0.000 0.000 0.000 0.000 0.000 0.000 0.015 0.971 0.541 0.000 0.000 0.000 0.000 0.000 0.000 0.000 0.003 0.000 0.002 0.942 0.941 0.244 0.168 0.022
0.937 0.989 0.000 0.997 0.936 0.981 0.011 0.000 0.000 0.000 0.000 0.000 0.000 0.000 0.000 0.000 0.000 0.000 0.007 0.000 0.002 0.000 0.000 0.000 0.000 0.000 0.000 0.000 0.000 0.000 0.178 0.954 0.862 0.906 0.587
0.005 0.931 0.997 0.000 0.990 0.976 0.093 0.000 0.000 0.000 0.000 0.000 0.000 0.000 0.000 0.000 0.000 0.000 0.000 0.000 0.114 0.153 0.195 0.000 0.000 0.000 0.000 0.000 0.000 0.000 0.000 0.001 0.005 0.223 0.375
0.000 0.001 0.936 0.990 0.000 1.000 0.923 0.000 0.000 0.000 0.000 0.000 0.000 0.000 0.000 0.000 0.000 0.000 0.000 0.924 0.985 0.987 0.993 0.938 0.000 0.000 0.000 0.000 0.000 0.000 0.000 0.001 0.001 0.068 0.255
0.000 0.968 0.981 0.976 1.000 0.000 0.992 0.903 0.000 0.000 0.000 0.000 0.000 0.000 0.000 0.000 0.000 0.011 0.975 0.997 1.000 0.976 0.002 0.663 0.000 0.993 0.997 1.000 0.000 0.003 0.035 0.998 0.124 0.333 0.259
0.002 0.943 0.011 0.093 0.923 0.992 0.000 0.998 1.000 0.000 0.000 0.000 0.000 0.000 0.000 0.000 0.000 0.945 0.936 0.994 0.903 0.981 0.000 0.000 0.000 0.000 0.000 0.000 0.000 0.000 0.000 0.072 0.000 0.000 0.000
0.025 0.962 0.000 0.000 0.000 0.903 0.998 0.000 0.996 0.990 0.000 0.000 0.000 0.000 0.000 0.000 0.974 0.964 0.949 0.927 0.000 0.000 0.000 0.000 0.000 0.000 0.000 0.000 0.000 0.000 0.012 0.004 0.000 0.000 0.000
0.000 0.001 0.000 0.000 0.000 0.000 1.000 0.996 0.000 1.000 0.947 0.087 0.000 0.000 0.000 0.897 0.952 0.995 0.900 0.996 0.001 0.394 0.000 0.000 0.021 0.000 0.065 0.000 0.000 0.000 0.000 0.000 0.000 0.000 0.000
0.000 0.000 0.000 0.000 0.000 0.000 0.000 0.990 1.000 0.000 0.991 0.975 0.006 0.019 0.910 0.957 0.979 0.989 0.000 0.000 0.000 0.000 0.000 0.000 0.000 0.000 0.000 0.000 0.003 0.000 0.000 0.000 0.000 0.000 0.000
0.000 0.000 0.000 0.000 0.000 0.000 0.000 0.000 0.947 0.991 0.000 0.995 0.964 0.981 0.992 0.988 0.966 0.988 0.000 0.000 0.000 0.000 0.000 0.000 0.000 0.000 0.000 0.000 0.760 0.000 0.000 0.000 0.000 0.000 0.000
0.000 0.000 0.000 0.000 0.000 0.000 0.000 0.000 0.087 0.975 0.995 0.000 0.987 0.943 0.974 0.413 0.000 0.646 0.000 0.000 0.000 0.000 0.000 0.000 0.000 0.000 0.000 0.000 0.003 0.000 0.000 0.000 0.000 0.000 0.011
0.000 0.000 0.000 0.000 0.000 0.000 0.000 0.000 0.000 0.006 0.964 0.987 0.000 0.997 0.953 0.067 0.000 0.002 0.000 0.000 0.000 0.000 0.000 0.000 0.000 0.000 0.000 0.000 0.165 0.000 0.000 0.000 0.000 0.000 0.007
0.000 0.000 0.000 0.000 0.000 0.000 0.000 0.000 0.000 0.019 0.981 0.943 0.997 0.000 0.988 0.983 0.006 0.030 0.000 0.000 0.000 0.000 0.000 0.000 0.000 0.000 0.000 0.000 0.464 0.001 0.000 0.000 0.000 0.000 0.003
0.000 0.000 0.000 0.000 0.000 0.000 0.000 0.000 0.000 0.910 0.992 0.974 0.953 0.988 0.000 0.995 0.942 0.000 0.000 0.000 0.000 0.000 0.000 0.000 0.000 0.000 0.000 0.000 0.009 0.000 0.000 0.000 0.000 0.000 0.009
0.000 0.000 0.000 0.000 0.000 0.000 0.000 0.000 0.897 0.957 0.988 0.413 0.067 0.983 0.995 0.000 1.000 0.983 0.081 0.000 0.000 0.000 0.000 0.000 0.000 0.000 0.000 0.002 0.695 0.209 0.024 0.000 0.000 0.000 0.000
0.000 0.000 0.000 0.000 0.000 0.000 0.000 0.974 0.952 0.979 0.966 0.000 0.000 0.006 0.942 1.000 0.000 0.993 0.970 0.000 0.000 0.000 0.000 0.000 0.000 0.000 0.000 0.035 0.951 0.006 0.017 0.000 0.000 0.000 0.000
0.000 0.015 0.000 0.000 0.000 0.011 0.945 0.964 0.995 0.989 0.988 0.646 0.002 0.030 0.000 0.983 0.993 0.000 1.000 0.999 0.004 0.000 0.000 0.000 0.001 0.092 0.980 0.981 0.998 0.200 0.001 0.000 0.000 0.000 0.000
0.006 0.971 0.007 0.000 0.000 0.975 0.936 0.949 0.900 0.000 0.000 0.000 0.000 0.000 0.000 0.081 0.970 1.000 0.000 0.991 0.906 0.000 0.000 0.000 0.000 0.917 0.983 0.999 0.994 0.996 0.997 0.970 0.000 0.000 0.000
0.000 0.541 0.000 0.000 0.924 0.997 0.994 0.927 0.996 0.000 0.000 0.000 0.000 0.000 0.000 0.000 0.000 0.999 0.991 0.000 0.989 0.992 0.021 0.000 0.969 0.958 0.963 0.934 0.000 0.000 0.000 0.092 0.000 0.000 0.000
0.000 0.000 0.002 0.114 0.985 1.000 0.903 0.000 0.001 0.000 0.000 0.000 0.000 0.000 0.000 0.000 0.000 0.004 0.906 0.989 0.000 0.986 1.000 0.997 0.998 0.997 0.959 0.130 0.000 0.000 0.000 0.036 0.000 0.019 0.111
0.000 0.000 0.000 0.153 0.987 0.976 0.981 0.000 0.394 0.000 0.000 0.000 0.000 0.000 0.000 0.000 0.000 0.000 0.000 0.992 0.986 0.000 0.993 0.941 0.994 0.064 0.000 0.000 0.000 0.000 0.000 0.000 0.000 0.000 0.000
0.000 0.000 0.000 0.195 0.993 0.002 0.000 0.000 0.000 0.000 0.000 0.000 0.000 0.000 0.000 0.000 0.000 0.000 0.000 0.021 1.000 0.993 0.000 0.992 0.996 0.169 0.000 0.000 0.000 0.000 0.000 0.000 0.000 0.000 0.009
0.000 0.000 0.000 0.000 0.938 0.663 0.000 0.000 0.000 0.000 0.000 0.000 0.000 0.000 0.000 0.000 0.000 0.000 0.000 0.000 0.997 0.941 0.992 0.000 0.994 0.995 0.000 0.000 0.000 0.000 0.000 0.000 0.000 0.000 0.010
0.000 0.000 0.000 0.000 0.000 0.000 0.000 0.000 0.021 0.000 0.000 0.000 0.000 0.000 0.000 0.000 0.000 0.001 0.000 0.969 0.998 0.994 0.996 0.994 0.000 0.982 0.950 0.000 0.000 0.000 0.000 0.000 0.000 0.000 0.000
0.000 0.000 0.000 0.000 0.000 0.993 0.000 0.000 0.000 0.000 0.000 0.000 0.000 0.000 0.000 0.000 0.000 0.092 0.917 0.958 0.997 0.064 0.169 0.995 0.982 0.000 0.999 0.979 0.021 0.000 0.000 0.001 0.000 0.000 0.001
0.000 0.000 0.000 0.000 0.000 0.997 0.000 0.000 0.065 0.000 0.000 0.000 0.000 0.000 0.000 0.000 0.000 0.980 0.983 0.963 0.959 0.000 0.000 0.000 0.950 0.999 0.000 0.997 0.987 0.000 0.000 0.000 0.000 0.000 0.000
0.000 0.003 0.000 0.000 0.000 1.000 0.000 0.000 0.000 0.000 0.000 0.000 0.000 0.000 0.000 0.002 0.035 0.981 0.999 0.934 0.130 0.000 0.000 0.000 0.000 0.979 0.997 0.000 0.994 0.975 0.808 0.988 0.237 0.008 0.001
0.000 0.000 0.000 0.000 0.000 0.000 0.000 0.000 0.000 0.003 0.760 0.003 0.165 0.464 0.009 0.695 0.951 0.998 0.994 0.000 0.000 0.000 0.000 0.000 0.000 0.021 0.987 0.994 0.000 1.000 0.971 0.010 0.000 0.000 0.000
0.000 0.002 0.000 0.000 0.000 0.003 0.000 0.000 0.000 0.000 0.000 0.000 0.000 0.001 0.000 0.209 0.006 0.200 0.996 0.000 0.000 0.000 0.000 0.000 0.000 0.000 0.000 0.975 1.000 0.000 0.998 0.995 0.008 0.000 0.000
0.067 0.942 0.178 0.000 0.000 0.035 0.000 0.012 0.000 0.000 0.000 0.000 0.000 0.000 0.000 0.024 0.017 0.001 0.997 0.000 0.000 0.000 0.000 0.000 0.000 0.000 0.000 0.808 0.971 0.998 0.000 0.999 0.927 0.006 0.001
0.165 0.941 0.954 0.001 0.001 0.998 0.072 0.004 0.000 0.000 0.000 0.000 0.000 0.000 0.000 0.000 0.000 0.000 0.970 0.092 0.036 0.000 0.000 0.000 0.000 0.001 0.000 0.988 0.010 0.995 0.999 0.000 0.997 0.957 0.082
0.139 0.244 0.862 0.005 0.001 0.124 0.000 0.000 0.000 0.000 0.000 0.000 0.000 0.000 0.000 0.000 0.000 0.000 0.000 0.000 0.000 0.000 0.000 0.000 0.000 0.000 0.000 0.237 0.000 0.008 0.927 0.997 0.000 0.989 0.925
0.140 0.168 0.906 0.223 0.068 0.333 0.000 0.000 0.000 0.000 0.000 0.000 0.000 0.000 0.000 0.000 0.000 0.000 0.000 0.000 0.019 0.000 0.000 0.000 0.000 0.000 0.000 0.008 0.000 0.000 0.006 0.957 0.989 0.000 0.990
0.034 0.022 0.587 0.375 0.255 0.259 0.000 0.000 0.000 0.000 0.000 0.011 0.007 0.003 0.009 0.000 0.000 0.000 0.000 0.000 0.111 0.000 0.009 0.010 0.000 0.001 0.000 0.001 0.000 0.000 0.001 0.082 0.925 0.990 0.000
