0.000 0.988 0.887 0.199 0.039 0.009 0.000 0.000 0.000 0.000 0.008 0.009 0.000 0.000 0.000 0.000 0.000 0.000 0.007 0.119 0.133 0.017 0.000 0.000 0.000 0.000 0.000 0.000 0.000 0.033 0.082 0.003 0.023
0.988 0.000 0.992 0.941 0.094 0.001 0.000 0.000 0.000 0.000 0.002 0.002 0.000 0.000 0.000 0.000 0.000 0.000 0.109 0.203 0.255 0.020 0.003 0.002 0.000 0.000 0.000 0.000 0.000 0.008 0.090 0.000 0.007
0.887 0.992 0.000 0.986 0.972 0.002 0.000 0.000 0.000 0.000 0.000 0.000 0.000 0.000 0.000 0.000 0.001 0.000 0.437 0.333 0.327 0.025 0.000 0.001 0.000 0.000 0.000 0.000 0.006 0.274 0.151 0.000 0.014
0.199 0.941 0.986 0.000 0.992 0.841 0.000 0.000 0.000 0.000 0.000 0.000 0.000 0.000 0.000 0.000 0.000 0.681 0.842 0.981 0.842 0.005 0.000 0.000 0.000 0.000 0.000 0.000 0.000 0.037 0.026 0.000 0.000
0.039 0.094 0.972 0.992 0.000 0.986 0.850 0.000 0.000 0.000 0.000 0.000 0.000 0.000 0.000 0.002 0.956 0.977 0.991 0.974 0.025 0.035 0.000 0.903 0.839 0.931 0.000 0.058 0.021 0.939 0.139 0.000 0.122
0.009 0.001 0.002 0.841 0.986 0.000 0.999 0.912 0.000 0.000 0.000 0.000 0.000 0.000 0.000 0.870 0.953 0.985 0.949 0.950 0.000 0.000 0.363 0.000 0.000 0.000 0.000 0.000 0.000 0.195 0.030 0.000 0.000
0.000 0.000 0.000 0.000 0.850 0.999 0.000 0.987 0.969 0.000 0.000 0.000 0.000 0.001 0.998 0.972 0.999 0.969 0.000 0.009 0.000 0.000 0.000 0.000 0.000 0.000 0.000 0.000 0.053 0.065 0.237 0.000 0.000
0.000 0.000 0.000 0.000 0.000 0.912 0.987 0.000 0.999 0.990 0.000 0.000 0.000 0.970 0.984 1.000 0.976 0.985 0.000 0.000 0.000 0.000 0.002 0.000 0.019 0.000 0.000 0.000 0.000 0.000 0.000 0.000 0.000
0.000 0.000 0.000 0.000 0.000 0.000 0.969 0.999 0.000 1.000 0.988 0.063 0.948 0.993 0.996 0.990 0.000 0.015 0.000 0.000 0.000 0.000 0.000 0.000 0.000 0.000 0.003 0.000 0.000 0.000 0.001 0.000 0.000
0.000 0.000 0.000 0.000 0.000 0.000 0.000 0.990 1.000 0.000 0.989 1.000 0.992 0.992 0.977 0.998 0.000 0.000 0.000 0.000 0.000 0.000 0.000 0.000 0.000 0.000 0.933 0.000 0.000 0.000 0.000 0.000 0.000
0.008 0.002 0.000 0.000 0.000 0.000 0.000 0.000 0.988 0.989 0.000 0.994 0.970 0.748 0.000 0.063 0.000 0.000 0.000 0.000 0.000 0.000 0.000 0.000 0.000 0.000 0.008 0.000 0.000 0.000 0.000 0.000 0.000
0.009 0.002 0.000 0.000 0.000 0.000 0.000 0.000 0.063 1.000 0.994 0.000 0.999 0.999 0.000 0.000 0.000 0.000 0.000 0.000 0.000 0.000 0.000 0.000 0.000 0.000 0.130 0.000 0.000 0.000 0.000 0.000 0.000
0.000 0.000 0.000 0.000 0.000 0.000 0.000 0.000 0.948 0.992 0.970 0.999 0.000 0.997 0.983 0.000 0.000 0.000 0.000 0.000 0.000 0.000 0.000 0.000 0.000 0.000 0.000 0.000 0.000 0.000 0.000 0.000 0.000
0.000 0.000 0.000 0.000 0.000 0.000 0.001 0.970 0.993 0.992 0.748 0.999 0.997 0.000 0.999 0.995 0.000 0.000 0.000 0.000 0.000 0.000 0.000 0.000 0.000 0.000 0.731 0.005 0.000 0.000 0.000 0.000 0.000
0.000 0.000 0.000 0.000 0.000 0.000 0.998 0.984 0.996 0.977 0.000 0.000 0.983 0.999 0.000 0.998 0.997 0.000 0.000 0.000 0.000 0.000 0.000 0.000 0.000 0.118 0.970 0.059 0.173 0.000 0.082 0.001 0.000
0.000 0.000 0.000 0.000 0.002 0.870 0.972 1.000 0.990 0.998 0.063 0.000 0.000 0.995 0.998 0.000 0.994 0.983 0.000 0.000 0.000 0.000 0.044 0.006 0.997 0.986 1.000 0.342 0.016 0.004 0.000 0.000 0.000
0.000 0.000 0.001 0.000 0.956 0.953 0.999 0.976 0.000 0.000 0.000 0.000 0.000 0.000 0.997 0.994 0.000 0.992 0.910 0.000 0.000 0.000 0.000 0.961 0.993 1.000 0.998 0.962 0.966 0.946 0.627 0.010 0.001
0.000 0.000 0.000 0.681 0.977 0.985 0.969 0.985 0.015 0.000 0.000 0.000 0.000 0.000 0.000 0.983 0.992 0.000 0.996 0.876 0.003 0.019 0.977 0.999 0.996 0.980 0.002 0.000 0.000 0.114 0.000 0.000 0.000
0.007 0.109 0.437 0.842 0.991 0.949 0.000 0.000 0.000 0.000 0.000 0.000 0.000 0.000 0.000 0.000 0.910 0.996 0.000 0.970 0.926 0.978 0.983 0.993 0.905 0.429 0.000 0.000 0.000 0.024 0.000 0.000 0.000
0.119 0.203 0.333 0.981 0.974 0.950 0.009 0.000 0.000 0.000 0.000 0.000 0.000 0.000 0.000 0.000 0.000 0.876 0.970 0.000 0.990 0.927 0.965 0.029 0.000 0.000 0.000 0.000 0.000 0.000 0.000 0.000 0.000
0.133 0.255 0.327 0.842 0.025 0.000 0.000 0.000 0.000 0.000 0.000 0.000 0.000 0.000 0.000 0.000 0.000 0.003 0.926 0.990 0.000 0.969 0.950 0.115 0.000 0.000 0.000 0.000 0.000 0.000 0.000 0.000 0.000
0.017 0.020 0.025 0.005 0.035 0.000 0.000 0.000 0.000 0.000 0.000 0.000 0.000 0.000 0.000 0.000 0.000 0.019 0.978 0.927 0.969 0.000 0.987 0.959 0.000 0.000 0.000 0.000 0.000 0.000 0.000 0.000 0.000
0.000 0.003 0.000 0.000 0.000 0.363 0.000 0.002 0.000 0.000 0.000 0.000 0.000 0.000 0.000 0.044 0.000 0.977 0.983 0.965 0.950 0.987 0.000 0.997 0.921 0.000 0.000 0.000 0.000 0.000 0.000 0.000 0.000
0.000 0.002 0.001 0.000 0.903 0.000 0.000 0.000 0.000 0.000 0.000 0.000 0.000 0.000 0.000 0.006 0.961 0.999 0.993 0.029 0.115 0.959 0.997 0.000 0.994 0.983 0.000 0.000 0.000 0.001 0.000 0.000 0.000
0.000 0.000 0.000 0.000 0.839 0.000 0.000 0.019 0.000 0.000 0.000 0.000 0.000 0.000 0.000 0.997 0.993 0.996 0.905 0.000 0.000 0.000 0.921 0.994 0.000 0.997 0.979 0.000 0.000 0.000 0.000 0.000 0.000
0.000 0.000 0.000 0.000 0.931 0.000 0.000 0.000 0.000 0.000 0.000 0.000 0.000 0.000 0.118 0.986 1.000 0.980 0.429 0.000 0.000 0.000 0.000 0.983 0.997 0.000 1.000 0.996 0.354 0.739 0.000 0.002 0.267
0.000 0.000 0.000 0.000 0.000 0.000 0.000 0.000 0.003 0.933 0.008 0.130 0.000 0.731 0.970 1.000 0.998 0.002 0.000 0.000 0.000 0.000 0.000 0.000 0.979 1.000 0.000 0.980 0.917 0.017 0.000 0.005 0.003
0.000 0.000 0.000 0.000 0.058 0.000 0.000 0.000 0.000 0.000 0.000 0.000 0.000 0.005 0.059 0.342 0.962 0.000 0.000 0.000 0.000 0.000 0.000 0.000 0.000 0.996 0.980 0.000 0.993 0.946 0.003 0.754 0.520
0.000 0.000 0.006 0.000 0.021 0.000 0.053 0.000 0.000 0.000 0.000 0.000 0.000 0.000 0.173 0.016 0.966 0.000 0.000 0.000 0.000 0.000 0.000 0.000 0.000 0.354 0.917 0.993 0.000 0.996 0.996 0.979 0.594
0.033 0.008 0.274 0.037 0.939 0.195 0.065 0.000 0.000 0.000 0.000 0.000 0.000 0.000 0.000 0.004 0.946 0.114 0.024 0.000 0.000 0.000 0.000 0.001 0.000 0.739 0.017 0.946 0.996 0.000 0.993 0.981 0.650
0.082 0.090 0.151 0.026 0.139 0.030 0.237 0.000 0.001 0.000 0.000 0.000 0.000 0.000 0.082 0.000 0.627 0.000 0.000 0.000 0.000 0.000 0.000 0.000 0.000 0.000 0.000 0.003 0.996 0.993 0.000 0.997 0.924
0.003 0.000 0.000 0.000 0.000 0.000 0.000 0.000 0.000 0.000 0.000 0.000 0.000 0.000 0.001 0.000 0.010 0.000 0.000 0.000 0.000 0.000 0.000 0.000 0.000 0.002 0.005 0.754 0.979 0.981 0.997 0.000 0.990
0.023 0.007 0.014 0.000 0.122 0.000 0.000 0.000 0.000 0.000 0.000 0.000 0.000 0.000 0.000 0.000 0.001 0.000 0.000 0.000 0.000 0.000 0.000 0.000 0.000 0.267 0.003 0.520 0.594 0.650 0.924 0.990 0.000
