0.000 0.982 0.860 0.007 0.000 0.000 0.000 0.070 0.000 0.000 0.000 0.000 0.002 0.000 0.000 0.000 0.000 0.009 0.000 0.000 0.000 0.000 0.000 0.000 0.000 0.000 0.000 0.000 0.000 0.054 0.016 0.852 0.000 0.000
0.982 0.000 0.993 0.935 0.009 0.967 0.946 0.967 0.000 0.000 0.000 0.000 0.000 0.000 0.000 0.002 0.001 0.982 0.156 0.000 0.012 0.000 0.000 0.000 0.000 0.000 0.000 0.000 0.000 0.704 0.877 0.897 0.000 0.001
0.860 0.993 0.000 0.999 0.951 0.990 0.020 0.019 0.000 0.000 0.000 0.000 0.000 0.000 0.000 0.000 0.000 0.113 0.000 0.177 0.004 0.019 0.000 0.000 0.000 0.000 0.000 0.000 0.000 0.376 0.985 0.944 0.013 0.149
0.007 0.935 0.999 0.000 0.989 0.992 0.000 0.000 0.000 0.000 0.000 0.000 0.000 0.000 0.000 0.000 0.000 0.000 0.000 0.748 0.078 0.304 0.013 0.000 0.000 0.000 0.000 0.000 0.000 0.000 0.012 0.034 0.000 0.006
0.000 0.009 0.951 0.989 0.000 0.991 0.948 0.000 0.000 0.000 0.000 0.000 0.000 0.000 0.000 0.000 0.000 0.000 0.954 0.989 0.976 0.925 0.142 0.000 0.000 0.000 0.000 0.000 0.000 0.000 0.000 0.000 0.000 0.000
0.000 0.967 0.990 0.992 0.991 0.000 0.992 0.885 0.000 0.000 0.000 0.000 0.000 0.000 0.000 0.000 0.000 0.991 0.977 0.998 0.913 0.062 0.577 0.000 0.954 0.917 0.995 0.000 0.070 0.008 0.990 0.001 0.000 0.253
0.000 0.946 0.020 0.000 0.948 0.992 0.000 0.992 0.998 0.000 0.000 0.000 0.000 0.000 0.000 0.000 0.871 0.980 1.000 0.930 0.933 0.000 0.000 0.013 0.000 0.000 0.000 0.000 0.000 0.000 0.239 0.000 0.000 0.000
0.070 0.967 0.019 0.000 0.000 0.885 0.992 0.000 1.000 0.946 0.000 0.000 0.000 0.000 0.000 0.980 0.987 0.977 0.917 0.000 0.002 0.000 0.000 0.000 0.000 0.000 0.000 0.000 0.000 0.061 0.022 0.302 0.000 0.000
0.000 0.000 0.000 0.000 0.000 0.000 0.998 1.000 0.000 0.993 0.917 0.000 0.000 0.000 0.890 0.924 1.000 0.886 0.966 0.001 0.589 0.000 0.000 0.053 0.000 0.106 0.000 0.001 0.000 0.000 0.000 0.000 0.000 0.000
0.000 0.000 0.000 0.000 0.000 0.000 0.000 0.946 0.993 0.000 0.997 0.966 0.061 0.889 0.954 0.940 0.959 0.000 0.000 0.000 0.000 0.000 0.000 0.000 0.000 0.000 0.000 0.121 0.000 0.000 0.000 0.000 0.000 0.000
0.000 0.000 0.000 0.000 0.000 0.000 0.000 0.000 0.917 0.997 0.000 0.998 0.977 0.971 0.990 0.872 0.982 0.000 0.000 0.000 0.000 0.000 0.000 0.000 0.000 0.000 0.000 0.898 0.000 0.000 0.000 0.000 0.000 0.000
0.000 0.000 0.000 0.000 0.000 0.000 0.000 0.000 0.000 0.966 0.998 0.000 0.981 0.971 0.821 0.000 0.366 0.000 0.000 0.000 0.000 0.000 0.000 0.000 0.000 0.000 0.000 0.019 0.000 0.000 0.000 0.000 0.000 0.005
0.002 0.000 0.000 0.000 0.000 0.000 0.000 0.000 0.000 0.061 0.977 0.981 0.000 0.997 0.999 0.000 0.000 0.000 0.000 0.000 0.000 0.000 0.000 0.000 0.000 0.000 0.000 0.647 0.000 0.000 0.000 0.000 0.000 0.000
0.000 0.000 0.000 0.000 0.000 0.000 0.000 0.000 0.000 0.889 0.971 0.971 0.997 0.000 0.992 0.868 0.000 0.000 0.000 0.000 0.000 0.002 0.000 0.000 0.000 0.000 0.000 0.000 0.000 0.000 0.000 0.000 0.000 0.000
0.000 0.000 0.000 0.000 0.000 0.000 0.000 0.000 0.890 0.954 0.990 0.821 0.999 0.992 0.000 0.988 0.958 0.000 0.000 0.000 0.000 0.000 0.000 0.000 0.000 0.000 0.000 0.991 0.001 0.000 0.000 0.000 0.000 0.000
0.000 0.002 0.000 0.000 0.000 0.000 0.000 0.980 0.924 0.940 0.872 0.000 0.000 0.868 0.988 0.000 0.990 0.953 0.000 0.000 0.000 0.000 0.000 0.000 0.000 0.000 0.195 0.978 0.111 0.040 0.000 0.027 0.000 0.000
0.000 0.001 0.000 0.000 0.000 0.000 0.871 0.987 1.000 0.959 0.982 0.366 0.000 0.000 0.958 0.990 0.000 0.986 0.975 0.000 0.000 0.000 0.000 0.000 0.000 0.953 0.931 0.992 0.579 0.000 0.000 0.000 0.000 0.000
0.009 0.982 0.113 0.000 0.000 0.991 0.980 0.977 0.886 0.000 0.000 0.000 0.000 0.000 0.000 0.953 0.986 0.000 0.982 0.903 0.000 0.000 0.000 0.000 0.900 0.985 0.989 0.975 0.981 1.000 0.998 0.601 0.000 0.000
0.000 0.156 0.000 0.000 0.954 0.977 1.000 0.917 0.966 0.000 0.000 0.000 0.000 0.000 0.000 0.000 0.975 0.982 0.000 0.994 0.989 0.000 0.000 0.738 0.956 0.976 0.879 0.000 0.000 0.000 0.101 0.000 0.000 0.000
0.000 0.000 0.177 0.748 0.989 0.998 0.930 0.000 0.001 0.000 0.000 0.000 0.000 0.000 0.000 0.000 0.000 0.903 0.994 0.000 0.998 0.997 0.996 0.984 0.993 0.944 0.172 0.000 0.000 0.000 0.105 0.000 0.000 0.017
0.000 0.012 0.004 0.078 0.976 0.913 0.933 0.002 0.589 0.000 0.000 0.000 0.000 0.000 0.000 0.000 0.000 0.000 0.989 0.998 0.000 0.997 0.973 0.989 0.251 0.002 0.000 0.000 0.000 0.000 0.000 0.000 0.000 0.000
0.000 0.000 0.019 0.304 0.925 0.062 0.000 0.000 0.000 0.000 0.000 0.000 0.000 0.002 0.000 0.000 0.000 0.000 0.000 0.997 0.997 0.000 0.999 0.998 0.140 0.000 0.000 0.000 0.000 0.000 0.000 0.000 0.000 0.000
0.000 0.000 0.000 0.013 0.142 0.577 0.000 0.000 0.000 0.000 0.000 0.000 0.000 0.000 0.000 0.000 0.000 0.000 0.000 0.996 0.973 0.999 0.000 0.995 1.000 0.001 0.000 0.000 0.000 0.000 0.000 0.000 0.000 0.004
0.000 0.000 0.000 0.000 0.000 0.000 0.013 0.000 0.053 0.000 0.000 0.000 0.000 0.000 0.000 0.000 0.000 0.000 0.738 0.984 0.989 0.998 0.995 0.000 0.976 0.920 0.000 0.000 0.000 0.000 0.000 0.000 0.000 0.000
0.000 0.000 0.000 0.000 0.000 0.954 0.000 0.000 0.000 0.000 0.000 0.000 0.000 0.000 0.000 0.000 0.000 0.900 0.956 0.993 0.251 0.140 1.000 0.976 0.000 0.991 0.977 0.000 0.000 0.000 0.002 0.000 0.000 0.053
0.000 0.000 0.000 0.000 0.000 0.917 0.000 0.000 0.106 0.000 0.000 0.000 0.000 0.000 0.000 0.000 0.953 0.985 0.976 0.944 0.002 0.000 0.001 0.920 0.991 0.000 0.993 0.909 0.000 0.000 0.000 0.000 0.000 0.000
0.000 0.000 0.000 0.000 0.000 0.995 0.000 0.000 0.000 0.000 0.000 0.000 0.000 0.000 0.000 0.195 0.931 0.989 0.879 0.172 0.000 0.000 0.000 0.000 0.977 0.993 0.000 0.972 0.989 0.952 0.994 0.071 0.482 0.327
0.000 0.000 0.000 0.000 0.000 0.000 0.000 0.000 0.001 0.121 0.898 0.019 0.647 0.000 0.991 0.978 0.992 0.975 0.000 0.000 0.000 0.000 0.000 0.000 0.000 0.909 0.972 0.000 0.999 0.974 0.012 0.000 0.000 0.000
0.000 0.000 0.000 0.000 0.000 0.070 0.000 0.000 0.000 0.000 0.000 0.000 0.000 0.000 0.001 0.111 0.579 0.981 0.000 0.000 0.000 0.000 0.000 0.000 0.000 0.000 0.989 0.999 0.000 0.998 0.955 0.009 0.837 0.172
0.054 0.704 0.376 0.000 0.000 0.008 0.000 0.061 0.000 0.000 0.000 0.000 0.000 0.000 0.000 0.040 0.000 1.000 0.000 0.000 0.000 0.000 0.000 0.000 0.000 0.000 0.952 0.974 0.998 0.000 0.986 0.999 0.987 0.326
0.016 0.877 0.985 0.012 0.000 0.990 0.239 0.022 0.000 0.000 0.000 0.000 0.000 0.000 0.000 0.000 0.000 0.998 0.101 0.105 0.000 0.000 0.000 0.000 0.002 0.000 0.994 0.012 0.955 0.986 0.000 0.990 0.960 0.642
0.852 0.897 0.944 0.034 0.000 0.001 0.000 0.302 0.000 0.000 0.000 0.000 0.000 0.000 0.000 0.027 0.000 0.601 0.000 0.000 0.000 0.000 0.000 0.000 0.000 0.000 0.071 0.000 0.009 0.999 0.990 0.000 0.994 0.976
0.000 0.000 0.013 0.000 0.000 0.000 0.000 0.000 0.000 0.000 0.000 0.000 0.000 0.000 0.000 0.000 0.000 0.000 0.000 0.000 0.000 0.000 0.000 0.000 0.000 0.000 0.482 0.000 0.837 0.987 0.960 0.994 0.000 0.994
0.000 0.001 0.149 0.006 0.000 0.253 0.000 0.000 0.000 0.000 0.000 0.005 0.000 0.000 0.000 0.000 0.000 0.000 0.000 0.017 0.000 0.000 0.004 0.000 0.053 0.000 0.327 0.000 0.172 0.326 0.642 0.976 0.994 0.000
