0.000 0.979 0.939 0.012 0.000 0.000 0.000 0.116 0.000 0.000 0.000 0.000 0.000 0.000 0.000 0.000 0.000 0.028 0.000 0.000 0.000 0.000 0.000 0.000 0.000 0.000 0.000 0.000 0.000 0.078 0.041 0.934 0.000 0.000
0.979 0.000 0.999 0.908 0.010 0.993 0.995 0.996 0.003 0.000 0.000 0.000 0.000 0.000 0.000 0.003 0.003 0.959 0.271 0.000 0.114 0.000 0.000 0.000 0.000 0.000 0.000 0.000 0.000 0.766 0.887 0.986 0.000 0.000
0.939 0.999 0.000 0.966 0.927 0.998 0.092 0.099 0.000 0.000 0.000 0.000 0.000 0.000 0.000 0.000 0.000 0.119 0.003 0.000 0.055 0.015 0.000 0.000 0.000 0.000 0.000 0.000 0.000 0.359 0.977 0.992 0.016 0.121
0.012 0.908 0.966 0.000 0.997 0.948 0.000 0.000 0.000 0.000 0.000 0.000 0.000 0.000 0.000 0.000 0.000 0.000 0.000 0.245 0.112 0.214 0.003 0.000 0.000 0.000 0.000 0.000 0.000 0.002 0.079 0.091 0.000 0.012
0.000 0.010 0.927 0.997 0.000 0.968 0.859 0.000 0.000 0.000 0.000 0.000 0.000 0.000 0.000 0.000 0.000 0.000 0.863 0.966 0.991 0.871 0.117 0.000 0.000 0.000 0.000 0.000 0.000 0.000 0.000 0.000 0.000 0.000
0.000 0.993 0.998 0.948 0.968 0.000 1.000 0.970 0.000 0.000 0.000 0.000 0.000 0.000 0.000 0.000 0.000 0.998 1.000 0.999 0.863 0.110 0.189 0.000 0.978 0.932 0.999 0.000 0.081 0.002 1.000 0.001 0.000 0.359
0.000 0.995 0.092 0.000 0.859 1.000 0.000 1.000 1.000 0.000 0.000 0.000 0.000 0.000 0.000 0.000 1.000 1.000 1.000 0.929 0.790 0.001 0.000 0.054 0.000 0.000 0.000 0.000 0.000 0.000 0.190 0.000 0.000 0.000
0.116 0.996 0.099 0.000 0.000 0.970 1.000 0.000 1.000 0.984 0.000 0.000 0.000 0.000 0.000 1.000 1.000 1.000 1.000 0.000 0.010 0.000 0.000 0.000 0.000 0.000 0.000 0.000 0.000 0.011 0.076 0.570 0.000 0.000
0.000 0.003 0.000 0.000 0.000 0.000 1.000 1.000 0.000 0.997 0.979 0.000 0.000 0.000 0.993 1.000 1.000 1.000 1.000 0.000 0.406 0.000 0.000 0.084 0.000 0.072 0.000 0.003 0.000 0.000 0.000 0.000 0.000 0.000
0.000 0.000 0.000 0.000 0.000 0.000 0.000 0.984 0.997 0.000 1.000 0.963 0.040 0.993 1.000 0.991 0.997 0.000 0.000 0.000 0.000 0.000 0.000 0.000 0.000 0.000 0.000 0.065 0.000 0.000 0.000 0.000 0.000 0.000
0.000 0.000 0.000 0.000 0.000 0.000 0.000 0.000 0.979 1.000 0.000 0.994 0.997 0.996 0.998 0.982 0.995 0.000 0.001 0.000 0.000 0.000 0.000 0.000 0.000 0.021 0.000 0.974 0.000 0.000 0.000 0.000 0.000 0.000
0.000 0.000 0.000 0.000 0.000 0.000 0.000 0.000 0.000 0.963 0.994 0.000 0.996 0.981 0.699 0.000 0.395 0.000 0.000 0.000 0.000 0.000 0.000 0.000 0.000 0.000 0.000 0.060 0.000 0.000 0.000 0.000 0.000 0.001
0.000 0.000 0.000 0.000 0.000 0.000 0.000 0.000 0.000 0.040 0.997 0.996 0.000 0.994 0.980 0.000 0.000 0.000 0.000 0.000 0.000 0.000 0.000 0.000 0.000 0.000 0.000 0.434 0.000 0.000 0.000 0.000 0.000 0.000
0.000 0.000 0.000 0.000 0.000 0.000 0.000 0.000 0.000 0.993 0.996 0.981 0.994 0.000 0.991 0.966 0.000 0.000 0.000 0.000 0.000 0.000 0.000 0.000 0.000 0.000 0.000 0.010 0.000 0.000 0.000 0.000 0.000 0.000
0.000 0.000 0.000 0.000 0.000 0.000 0.000 0.000 0.993 1.000 0.998 0.699 0.980 0.991 0.000 1.000 0.998 0.053 0.000 0.000 0.000 0.000 0.000 0.000 0.000 0.000 0.005 0.994 0.133 0.022 0.000 0.000 0.000 0.000
0.000 0.003 0.000 0.000 0.000 0.000 0.000 1.000 1.000 0.991 0.982 0.000 0.000 0.966 1.000 0.000 1.000 1.000 0.000 0.000 0.000 0.000 0.000 0.000 0.000 0.000 0.270 0.997 0.060 0.039 0.000 0.356 0.000 0.000
0.000 0.003 0.000 0.000 0.000 0.000 1.000 1.000 1.000 0.997 0.995 0.395 0.000 0.000 0.998 1.000 0.000 1.000 1.000 0.000 0.001 0.000 0.000 0.001 0.000 0.950 0.982 0.997 0.418 0.000 0.000 0.000 0.000 0.000
0.028 0.959 0.119 0.000 0.000 0.998 1.000 1.000 1.000 0.000 0.000 0.000 0.000 0.000 0.053 1.000 1.000 0.000 1.000 0.943 0.000 0.000 0.000 0.000 0.920 0.966 0.997 0.994 0.974 0.998 1.000 0.772 0.004 0.000
0.000 0.271 0.003 0.000 0.863 1.000 1.000 1.000 1.000 0.000 0.001 0.000 0.000 0.000 0.000 0.000 1.000 1.000 0.000 0.993 0.911 0.012 0.006 0.650 0.965 0.992 0.982 0.001 0.000 0.000 0.103 0.000 0.000 0.000
0.000 0.000 0.000 0.245 0.966 0.999 0.929 0.000 0.000 0.000 0.000 0.000 0.000 0.000 0.000 0.000 0.000 0.943 0.993 0.000 0.984 0.953 0.987 0.991 0.990 0.979 0.325 0.000 0.000 0.000 0.001 0.000 0.000 0.003
0.000 0.114 0.055 0.112 0.991 0.863 0.790 0.010 0.406 0.000 0.000 0.000 0.000 0.000 0.000 0.000 0.001 0.000 0.911 0.984 0.000 0.992 0.956 0.975 0.391 0.010 0.000 0.000 0.000 0.000 0.000 0.000 0.000 0.000
0.000 0.000 0.015 0.214 0.871 0.110 0.001 0.000 0.000 0.000 0.000 0.000 0.000 0.000 0.000 0.000 0.000 0.000 0.012 0.953 0.992 0.000 0.992 0.987 0.064 0.000 0.000 0.000 0.000 0.000 0.000 0.000 0.000 0.000
0.000 0.000 0.000 0.003 0.117 0.189 0.000 0.000 0.000 0.000 0.000 0.000 0.000 0.000 0.000 0.000 0.000 0.000 0.006 0.987 0.956 0.992 0.000 0.994 0.958 0.000 0.002 0.000 0.000 0.000 0.000 0.000 0.000 0.000
0.000 0.000 0.000 0.000 0.000 0.000 0.054 0.000 0.084 0.000 0.000 0.000 0.000 0.000 0.000 0.000 0.001 0.000 0.650 0.991 0.975 0.987 0.994 0.000 0.995 0.942 0.000 0.000 0.000 0.000 0.000 0.000 0.000 0.000
0.000 0.000 0.000 0.000 0.000 0.978 0.000 0.000 0.000 0.000 0.000 0.000 0.000 0.000 0.000 0.000 0.000 0.920 0.965 0.990 0.391 0.064 0.958 0.995 0.000 0.998 0.985 0.000 0.000 0.000 0.003 0.000 0.000 0.035
0.000 0.000 0.000 0.000 0.000 0.932 0.000 0.000 0.072 0.000 0.021 0.000 0.000 0.000 0.000 0.000 0.950 0.966 0.992 0.979 0.010 0.000 0.000 0.942 0.998 0.000 0.999 0.989 0.000 0.000 0.000 0.000 0.000 0.000
0.000 0.000 0.000 0.000 0.000 0.999 0.000 0.000 0.000 0.000 0.000 0.000 0.000 0.000 0.005 0.270 0.982 0.997 0.982 0.325 0.000 0.000 0.002 0.000 0.985 0.999 0.000 1.000 1.000 0.976 0.995 0.025 0.173 0.517
0.000 0.000 0.000 0.000 0.000 0.000 0.000 0.000 0.003 0.065 0.974 0.060 0.434 0.010 0.994 0.997 0.997 0.994 0.001 0.000 0.000 0.000 0.000 0.000 0.000 0.989 1.000 0.000 0.997 0.983 0.025 0.000 0.000 0.001
0.000 0.000 0.000 0.000 0.000 0.081 0.000 0.000 0.000 0.000 0.000 0.000 0.000 0.000 0.133 0.060 0.418 0.974 0.000 0.000 0.000 0.000 0.000 0.000 0.000 0.000 1.000 0.997 0.000 0.996 0.998 0.001 0.609 0.444
0.078 0.766 0.359 0.002 0.000 0.002 0.000 0.011 0.000 0.000 0.000 0.000 0.000 0.000 0.022 0.039 0.000 0.998 0.000 0.000 0.000 0.000 0.000 0.000 0.000 0.000 0.976 0.983 0.996 0.000 1.000 1.000 0.931 0.525
0.041 0.887 0.977 0.079 0.000 1.000 0.190 0.076 0.000 0.000 0.000 0.000 0.000 0.000 0.000 0.000 0.000 1.000 0.103 0.001 0.000 0.000 0.000 0.000 0.003 0.000 0.995 0.025 0.998 1.000 0.000 1.000 0.933 0.669
0.934 0.986 0.992 0.091 0.000 0.001 0.000 0.570 0.000 0.000 0.000 0.000 0.000 0.000 0.000 0.356 0.000 0.772 0.000 0.000 0.000 0.000 0.000 0.000 0.000 0.000 0.025 0.000 0.001 1.000 1.000 0.000 0.999 0.903
0.000 0.000 0.016 0.000 0.000 0.000 0.000 0.000 0.000 0.000 0.000 0.000 0.000 0.000 0.000 0.000 0.000 0.004 0.000 0.000 0.000 0.000 0.000 0.000 0.000 0.000 0.173 0.000 0.609 0.931 0.933 0.999 0.000 0.984
0.000 0.000 0.121 0.012 0.000 0.359 0.000 0.000 0.000 0.000 0.000 0.001 0.000 0.000 0.000 0.000 0.000 0.000 0.000 0.003 0.000 0.000 0.000 0.000 0.035 0.000 0.517 0.001 0.444 0.525 0.669 0.903 0.984 0.000
