0.000 1.000 1.000 0.003 0.000 0.000 0.000 0.035 0.000 0.000 0.000 0.000 0.000 0.000 0.000 0.000 0.000 0.001 0.000 0.000 0.000 0.000 0.000 0.000 0.000 0.000 0.000 0.000 0.000 0.738 0.141 0.087 0.897 0.045
1.000 0.000 1.000 1.000 0.015 1.000 0.993 0.997 0.001 0.000 0.000 0.000 0.000 0.000 0.000 0.000 0.001 1.000 0.309 0.000 0.000 0.000 0.000 0.000 0.000 0.000 0.000 0.000 0.000 0.995 0.999 0.215 0.931 0.007
1.000 1.000 0.000 1.000 0.995 1.000 0.000 0.000 0.000 0.000 0.000 0.000 0.000 0.000 0.000 0.000 0.000 0.005 0.000 0.259 0.000 0.000 0.001 0.000 0.000 0.000 0.000 0.000 0.000 0.597 1.000 1.000 1.000 0.595
0.003 1.000 1.000 0.000 1.000 1.000 0.000 0.000 0.000 0.000 0.000 0.000 0.000 0.000 0.000 0.000 0.000 0.000 0.000 0.967 0.000 0.112 0.062 0.000 0.000 0.000 0.000 0.000 0.000 0.000 0.000 0.034 0.972 0.269
0.000 0.015 0.995 1.000 0.000 0.995 0.996 0.000 0.000 0.000 0.000 0.000 0.000 0.000 0.000 0.000 0.000 0.000 0.996 1.000 0.982 0.894 0.157 0.000 0.000 0.000 0.000 0.000 0.000 0.000 0.000 0.000 0.000 0.000
0.000 1.000 1.000 1.000 0.995 0.000 1.000 1.000 0.001 0.000 0.000 0.000 0.000 0.000 0.000 0.000 0.113 1.000 1.000 0.994 0.711 0.006 0.933 0.000 0.984 0.977 1.000 0.000 0.025 0.001 1.000 0.227 0.029 0.118
0.000 0.993 0.000 0.000 0.996 1.000 0.000 1.000 1.000 0.000 0.000 0.000 0.000 0.000 0.000 0.000 1.000 1.000 1.000 0.995 0.776 0.000 0.000 0.000 0.000 0.000 0.000 0.000 0.000 0.000 0.252 0.000 0.000 0.000
0.035 0.997 0.000 0.000 0.000 1.000 1.000 0.000 1.000 0.997 0.000 0.000 0.000 0.000 0.000 0.650 1.000 1.000 1.000 0.000 0.000 0.000 0.000 0.000 0.000 0.000 0.000 0.000 0.000 0.276 0.006 0.000 0.000 0.000
0.000 0.001 0.000 0.000 0.000 0.001 1.000 1.000 0.000 1.000 0.990 0.067 0.000 0.000 0.980 1.000 1.000 1.000 0.961 0.003 0.009 0.000 0.000 0.000 0.000 0.041 0.001 0.000 0.000 0.000 0.000 0.000 0.000 0.000
0.000 0.000 0.000 0.000 0.000 0.000 0.000 0.997 1.000 0.000 1.000 0.994 0.041 0.990 1.000 1.000 0.997 0.000 0.000 0.000 0.000 0.000 0.000 0.000 0.000 0.000 0.000 0.007 0.000 0.001 0.000 0.000 0.000 0.000
0.000 0.000 0.000 0.000 0.000 0.000 0.000 0.000 0.990 1.000 0.000 0.999 0.986 0.978 1.000 0.997 0.999 0.000 0.000 0.000 0.000 0.000 0.000 0.000 0.000 0.001 0.000 0.882 0.000 0.000 0.000 0.000 0.000 0.000
0.000 0.000 0.000 0.000 0.000 0.000 0.000 0.000 0.067 0.994 0.999 0.000 1.000 0.999 0.823 0.000 0.831 0.000 0.000 0.000 0.000 0.000 0.000 0.000 0.000 0.000 0.000 0.113 0.000 0.000 0.000 0.000 0.000 0.000
0.000 0.000 0.000 0.000 0.000 0.000 0.000 0.000 0.000 0.041 0.986 1.000 0.000 0.999 0.999 0.000 0.002 0.000 0.000 0.000 0.000 0.000 0.000 0.000 0.000 0.000 0.000 0.446 0.000 0.000 0.000 0.000 0.000 0.000
0.000 0.000 0.000 0.000 0.000 0.000 0.000 0.000 0.000 0.990 0.978 0.999 0.999 0.000 0.995 0.959 0.000 0.000 0.000 0.000 0.000 0.000 0.000 0.000 0.000 0.000 0.000 0.000 0.000 0.000 0.000 0.000 0.000 0.000
0.000 0.000 0.000 0.000 0.000 0.000 0.000 0.000 0.980 1.000 1.000 0.823 0.999 0.995 0.000 1.000 0.998 0.001 0.000 0.000 0.000 0.000 0.000 0.000 0.000 0.000 0.000 0.971 0.001 0.000 0.000 0.000 0.000 0.000
0.000 0.000 0.000 0.000 0.000 0.000 0.000 0.650 1.000 1.000 0.997 0.000 0.000 0.959 1.000 0.000 1.000 1.000 0.000 0.000 0.000 0.000 0.000 0.000 0.000 0.000 0.059 0.997 0.005 0.041 0.000 0.000 0.000 0.000
0.000 0.001 0.000 0.000 0.000 0.113 1.000 1.000 1.000 0.997 0.999 0.831 0.002 0.000 0.998 1.000 0.000 1.000 1.000 0.040 0.000 0.000 0.000 0.000 0.173 0.999 1.000 1.000 0.264 0.001 0.000 0.000 0.000 0.000
0.001 1.000 0.005 0.000 0.000 1.000 1.000 1.000 1.000 0.000 0.000 0.000 0.000 0.000 0.001 1.000 1.000 0.000 1.000 0.990 0.000 0.000 0.000 0.000 0.988 1.000 1.000 1.000 1.000 1.000 1.000 0.000 0.000 0.000
0.000 0.309 0.000 0.000 0.996 1.000 1.000 1.000 0.961 0.000 0.000 0.000 0.000 0.000 0.000 0.000 1.000 1.000 0.000 1.000 1.000 0.002 0.003 1.000 1.000 1.000 1.000 0.000 0.000 0.000 0.164 0.000 0.000 0.000
0.000 0.000 0.259 0.967 1.000 0.994 0.995 0.000 0.003 0.000 0.000 0.000 0.000 0.000 0.000 0.000 0.040 0.990 1.000 0.000 0.996 0.989 1.000 0.992 1.000 0.965 0.028 0.000 0.000 0.000 0.038 0.000 0.001 0.002
0.000 0.000 0.000 0.000 0.982 0.711 0.776 0.000 0.009 0.000 0.000 0.000 0.000 0.000 0.000 0.000 0.000 0.000 1.000 0.996 0.000 1.000 0.999 1.000 0.895 0.000 0.000 0.000 0.000 0.000 0.000 0.000 0.000 0.000
0.000 0.000 0.000 0.112 0.894 0.006 0.000 0.000 0.000 0.000 0.000 0.000 0.000 0.000 0.000 0.000 0.000 0.000 0.002 0.989 1.000 0.000 0.994 1.000 0.111 0.000 0.000 0.000 0.000 0.000 0.000 0.000 0.000 0.000
0.000 0.000 0.001 0.062 0.157 0.933 0.000 0.000 0.000 0.000 0.000 0.000 0.000 0.000 0.000 0.000 0.000 0.000 0.003 1.000 0.999 0.994 0.000 1.000 0.999 0.002 0.006 0.000 0.000 0.000 0.000 0.000 0.001 0.026
0.000 0.000 0.000 0.000 0.000 0.000 0.000 0.000 0.000 0.000 0.000 0.000 0.000 0.000 0.000 0.000 0.000 0.000 1.000 0.992 1.000 1.000 1.000 0.000 0.997 0.980 0.000 0.000 0.000 0.000 0.000 0.000 0.000 0.000
0.000 0.000 0.000 0.000 0.000 0.984 0.000 0.000 0.000 0.000 0.000 0.000 0.000 0.000 0.000 0.000 0.173 0.988 1.000 1.000 0.895 0.111 0.999 0.997 0.000 0.999 0.992 0.001 0.002 0.000 0.012 0.001 0.001 0.011
0.000 0.000 0.000 0.000 0.000 0.977 0.000 0.000 0.041 0.000 0.001 0.000 0.000 0.000 0.000 0.000 0.999 1.000 1.000 0.965 0.000 0.000 0.002 0.980 0.999 0.000 1.000 1.000 0.000 0.000 0.000 0.000 0.000 0.000
0.000 0.000 0.000 0.000 0.000 1.000 0.000 0.000 0.001 0.000 0.000 0.000 0.000 0.000 0.000 0.059 1.000 1.000 1.000 0.028 0.000 0.000 0.006 0.000 0.992 1.000 0.000 1.000 1.000 0.951 0.998 0.057 0.001 0.000
0.000 0.000 0.000 0.000 0.000 0.000 0.000 0.000 0.000 0.007 0.882 0.113 0.446 0.000 0.971 0.997 1.000 1.000 0.000 0.000 0.000 0.000 0.000 0.000 0.001 1.000 1.000 0.000 1.000 1.000 0.021 0.000 0.000 0.000
0.000 0.000 0.000 0.000 0.000 0.025 0.000 0.000 0.000 0.000 0.000 0.000 0.000 0.000 0.001 0.005 0.264 1.000 0.000 0.000 0.000 0.000 0.000 0.000 0.002 0.000 1.000 1.000 0.000 1.000 1.000 0.049 0.000 0.000
0.738 0.995 0.597 0.000 0.000 0.001 0.000 0.276 0.000 0.001 0.000 0.000 0.000 0.000 0.000 0.041 0.001 1.000 0.000 0.000 0.000 0.000 0.000 0.000 0.000 0.000 0.951 1.000 1.000 0.000 1.000 1.000 0.413 0.047
0.141 0.999 1.000 0.000 0.000 1.000 0.252 0.006 0.000 0.000 0.000 0.000 0.000 0.000 0.000 0.000 0.000 1.000 0.164 0.038 0.000 0.000 0.000 0.000 0.012 0.000 0.998 0.021 1.000 1.000 0.000 1.000 1.000 0.013
0.087 0.215 1.000 0.034 0.000 0.227 0.000 0.000 0.000 0.000 0.000 0.000 0.000 0.000 0.000 0.000 0.000 0.000 0.000 0.000 0.000 0.000 0.000 0.000 0.001 0.000 0.057 0.000 0.049 1.000 1.000 0.000 1.000 1.000
0.897 0.931 1.000 0.972 0.000 0.029 0.000 0.000 0.000 0.000 0.000 0.000 0.000 0.000 0.000 0.000 0.000 0.000 0.000 0.001 0.000 0.000 0.001 0.000 0.001 0.000 0.001 0.000 0.000 0.413 1.000 1.000 0.000 1.000
0.045 0.007 0.595 0.269 0.000 0.118 0.000 0.000 0.000 0.000 0.000 0.000 0.000 0.000 0.000 0.000 0.000 0.000 0.000 0.002 0.000 0.000 0.026 0.000 0.011 0.000 0.000 0.000 0.000 0.047 0.013 1.000 1.000 0.000
