0.000 0.996 0.986 0.032 0.043 0.003 0.170 0.111 0.003 0.000 0.000 0.000 0.000 0.000 0.001 0.000 0.000 0.002 0.000 0.007 0.080 0.163 0.002 0.009 0.000 0.000 0.000 0.000 0.000 0.000 0.000 0.000 0.004 0.030
0.996 0.000 1.000 0.996 0.349 0.234 0.329 0.126 0.000 0.000 0.000 0.000 0.000 0.000 0.000 0.000 0.000 0.009 0.000 0.006 0.151 0.177 0.000 0.000 0.000 0.000 0.000 0.000 0.000 0.001 0.000 0.000 0.045 0.241
0.986 1.000 0.000 0.994 0.949 0.022 0.243 0.001 0.000 0.000 0.000 0.000 0.000 0.000 0.000 0.000 0.000 0.000 0.000 0.000 0.046 0.200 0.000 0.000 0.000 0.000 0.000 0.000 0.000 0.000 0.000 0.000 0.095 0.091
0.032 0.996 0.994 0.000 1.000 0.992 0.659 0.000 0.000 0.000 0.000 0.000 0.000 0.000 0.000 0.000 0.000 0.001 0.000 0.021 0.405 0.162 0.000 0.000 0.000 0.000 0.000 0.000 0.000 0.000 0.142 0.019 0.874 0.958
0.043 0.349 0.949 1.000 0.000 1.000 0.999 0.000 0.023 0.000 0.000 0.000 0.000 0.000 0.000 0.000 0.000 0.000 0.964 0.988 0.991 0.992 0.731 0.000 0.000 0.000 0.000 0.000 0.000 0.000 0.003 0.000 0.790 0.217
0.003 0.234 0.022 0.992 1.000 0.000 0.998 0.977 0.096 0.000 0.000 0.000 0.000 0.000 0.000 0.000 0.008 1.000 0.994 1.000 0.959 0.023 0.867 0.000 0.995 0.949 0.999 0.000 0.001 0.001 0.999 0.142 0.988 0.999
0.170 0.329 0.243 0.659 0.999 0.998 0.000 1.000 0.985 0.000 0.000 0.000 0.000 0.000 0.000 0.000 0.882 0.958 0.990 0.965 0.900 0.014 0.000 0.000 0.000 0.000 0.000 0.000 0.000 0.000 0.197 0.000 0.000 0.863
0.111 0.126 0.001 0.000 0.000 0.977 1.000 0.000 0.994 0.897 0.000 0.000 0.000 0.000 0.000 0.736 0.945 0.983 0.951 0.000 0.000 0.000 0.000 0.000 0.000 0.000 0.000 0.000 0.000 0.365 0.033 0.000 0.000 0.897
0.003 0.000 0.000 0.000 0.023 0.096 0.985 0.994 0.000 0.979 0.907 0.000 0.000 0.000 0.871 0.960 0.995 0.918 0.993 0.161 0.349 0.000 0.000 0.000 0.000 0.007 0.000 0.000 0.000 0.000 0.000 0.000 0.000 0.000
0.000 0.000 0.000 0.000 0.000 0.000 0.000 0.897 0.979 0.000 0.997 0.964 0.032 0.979 0.948 0.966 0.989 0.001 0.000 0.000 0.000 0.000 0.000 0.000 0.000 0.000 0.000 0.096 0.000 0.000 0.000 0.000 0.000 0.000
0.000 0.000 0.000 0.000 0.000 0.000 0.000 0.000 0.907 0.997 0.000 0.996 0.993 0.993 0.992 0.919 0.987 0.000 0.000 0.000 0.000 0.000 0.000 0.000 0.000 0.000 0.000 0.629 0.000 0.000 0.000 0.000 0.000 0.000
0.000 0.000 0.000 0.000 0.000 0.000 0.000 0.000 0.000 0.964 0.996 0.000 0.986 0.983 0.688 0.000 0.305 0.000 0.000 0.000 0.000 0.000 0.000 0.000 0.000 0.000 0.000 0.056 0.000 0.000 0.000 0.000 0.000 0.000
0.000 0.000 0.000 0.000 0.000 0.000 0.000 0.000 0.000 0.032 0.993 0.986 0.000 0.991 0.995 0.000 0.000 0.000 0.000 0.000 0.000 0.000 0.000 0.000 0.000 0.000 0.000 0.205 0.000 0.000 0.000 0.000 0.000 0.000
0.000 0.000 0.000 0.000 0.000 0.000 0.000 0.000 0.000 0.979 0.993 0.983 0.991 0.000 0.984 0.928 0.000 0.000 0.000 0.000 0.000 0.000 0.000 0.000 0.000 0.000 0.000 0.001 0.000 0.000 0.000 0.000 0.000 0.000
0.001 0.000 0.000 0.000 0.000 0.000 0.000 0.000 0.871 0.948 0.992 0.688 0.995 0.984 0.000 0.988 0.980 0.000 0.000 0.000 0.000 0.000 0.000 0.000 0.000 0.000 0.000 0.810 0.002 0.000 0.000 0.000 0.000 0.000
0.000 0.000 0.000 0.000 0.000 0.000 0.000 0.736 0.960 0.966 0.919 0.000 0.000 0.928 0.988 0.000 1.000 0.969 0.000 0.000 0.000 0.000 0.000 0.000 0.000 0.000 0.168 0.974 0.014 0.014 0.000 0.000 0.000 0.000
0.000 0.000 0.000 0.000 0.000 0.008 0.882 0.945 0.995 0.989 0.987 0.305 0.000 0.000 0.980 1.000 0.000 0.989 0.999 0.000 0.000 0.000 0.000 0.000 0.012 0.994 0.980 0.998 0.209 0.000 0.000 0.000 0.000 0.000
0.002 0.009 0.000 0.001 0.000 1.000 0.958 0.983 0.918 0.001 0.000 0.000 0.000 0.000 0.000 0.969 0.989 0.000 0.979 0.950 0.000 0.000 0.000 0.000 0.962 0.983 1.000 0.999 0.998 1.000 1.000 0.000 0.000 0.997
0.000 0.000 0.000 0.000 0.964 0.994 0.990 0.951 0.993 0.000 0.000 0.000 0.000 0.000 0.000 0.000 0.999 0.979 0.000 1.000 0.998 0.019 0.001 1.000 0.991 0.992 0.952 0.001 0.000 0.000 0.164 0.000 0.000 0.111
0.007 0.006 0.000 0.021 0.988 1.000 0.965 0.000 0.161 0.000 0.000 0.000 0.000 0.000 0.000 0.000 0.000 0.950 1.000 0.000 0.989 1.000 1.000 0.994 0.988 0.937 0.192 0.000 0.000 0.000 0.061 0.000 0.343 0.000
0.080 0.151 0.046 0.405 0.991 0.959 0.900 0.000 0.349 0.000 0.000 0.000 0.000 0.000 0.000 0.000 0.000 0.000 0.998 0.989 0.000 0.998 0.940 0.959 0.211 0.000 0.000 0.000 0.000 0.000 0.000 0.000 0.000 0.000
0.163 0.177 0.200 0.162 0.992 0.023 0.014 0.000 0.000 0.000 0.000 0.000 0.000 0.000 0.000 0.000 0.000 0.000 0.019 1.000 0.998 0.000 0.993 0.978 0.157 0.000 0.000 0.000 0.000 0.000 0.000 0.000 0.004 0.000
0.002 0.000 0.000 0.000 0.731 0.867 0.000 0.000 0.000 0.000 0.000 0.000 0.000 0.000 0.000 0.000 0.000 0.000 0.001 1.000 0.940 0.993 0.000 0.998 1.000 0.000 0.168 0.000 0.000 0.000 0.000 0.000 0.001 0.000
0.009 0.000 0.000 0.000 0.000 0.000 0.000 0.000 0.000 0.000 0.000 0.000 0.000 0.000 0.000 0.000 0.000 0.000 1.000 0.994 0.959 0.978 0.998 0.000 0.995 0.986 0.000 0.000 0.000 0.000 0.000 0.000 0.000 0.000
0.000 0.000 0.000 0.000 0.000 0.995 0.000 0.000 0.000 0.000 0.000 0.000 0.000 0.000 0.000 0.000 0.012 0.962 0.991 0.988 0.211 0.157 1.000 0.995 0.000 0.997 1.000 0.000 0.000 0.000 0.003 0.000 0.009 0.000
0.000 0.000 0.000 0.000 0.000 0.949 0.000 0.000 0.007 0.000 0.000 0.000 0.000 0.000 0.000 0.000 0.994 0.983 0.992 0.937 0.000 0.000 0.000 0.986 0.997 0.000 0.992 0.980 0.000 0.000 0.000 0.000 0.000 0.000
0.000 0.000 0.000 0.000 0.000 0.999 0.000 0.000 0.000 0.000 0.000 0.000 0.000 0.000 0.000 0.168 0.980 1.000 0.952 0.192 0.000 0.000 0.168 0.000 1.000 0.992 0.000 1.000 0.999 0.768 0.996 0.713 0.274 0.000
0.000 0.000 0.000 0.000 0.000 0.000 0.000 0.000 0.000 0.096 0.629 0.056 0.205 0.001 0.810 0.974 0.998 0.999 0.001 0.000 0.000 0.000 0.000 0.000 0.000 0.980 1.000 0.000 0.997 0.962 0.033 0.000 0.000 0.000
0.000 0.000 0.000 0.000 0.000 0.001 0.000 0.000 0.000 0.000 0.000 0.000 0.000 0.000 0.002 0.014 0.209 0.998 0.000 0.000 0.000 0.000 0.000 0.000 0.000 0.000 0.999 0.997 0.000 0.995 0.992 0.017 0.000 0.000
0.000 0.001 0.000 0.000 0.000 0.001 0.000 0.365 0.000 0.000 0.000 0.000 0.000 0.000 0.000 0.014 0.000 1.000 0.000 0.000 0.000 0.000 0.000 0.000 0.000 0.000 0.768 0.962 0.995 0.000 1.000 0.999 0.062 0.997
0.000 0.000 0.000 0.142 0.003 0.999 0.197 0.033 0.000 0.000 0.000 0.000 0.000 0.000 0.000 0.000 0.000 1.000 0.164 0.061 0.000 0.000 0.000 0.000 0.003 0.000 0.996 0.033 0.992 1.000 0.000 0.999 0.999 0.978
0.000 0.000 0.000 0.019 0.000 0.142 0.000 0.000 0.000 0.000 0.000 0.000 0.000 0.000 0.000 0.000 0.000 0.000 0.000 0.000 0.000 0.000 0.000 0.000 0.000 0.000 0.713 0.000 0.017 0.999 0.999 0.000 0.998 0.977
0.004 0.045 0.095 0.874 0.790 0.988 0.000 0.000 0.000 0.000 0.000 0.000 0.000 0.000 0.000 0.000 0.000 0.000 0.000 0.343 0.000 0.004 0.001 0.000 0.009 0.000 0.274 0.000 0.000 0.062 0.999 0.998 0.000 1.000
0.030 0.241 0.091 0.958 0.217 0.999 0.863 0.897 0.000 0.000 0.000 0.000 0.000 0.000 0.000 0.000 0.000 0.997 0.111 0.000 0.000 0.000 0.000 0.000 0.000 0.000 0.000 0.000 0.000 0.997 0.978 0.977 1.000 0.000
