0.000 1.000 0.947 0.244 0.007 0.008 0.008 0.047 0.000 0.000 0.000 0.000 0.000 0.000 0.000 0.000 0.000 0.001 0.000 0.000 0.000 0.000 0.000 0.000 0.000 0.000 0.000 0.000 0.000 0.630 0.241 0.262 0.658 0.331
1.000 0.000 0.996 0.938 0.004 0.966 0.906 0.932 0.001 0.000 0.000 0.000 0.000 0.000 0.000 0.011 0.000 0.957 0.118 0.000 0.000 0.000 0.000 0.000 0.000 0.000 0.000 0.000 0.000 0.934 0.964 0.382 0.594 0.072
0.947 0.996 0.000 0.998 0.866 0.994 0.005 0.010 0.000 0.000 0.000 0.000 0.000 0.000 0.000 0.000 0.000 0.043 0.000 0.000 0.003 0.030 0.000 0.000 0.000 0.000 0.000 0.000 0.000 0.349 0.980 0.961 0.967 0.570
0.244 0.938 0.998 0.000 0.965 0.983 0.000 0.000 0.000 0.000 0.000 0.000 0.000 0.000 0.000 0.000 0.000 0.000 0.000 0.161 0.139 0.230 0.000 0.000 0.000 0.000 0.000 0.000 0.000 0.000 0.007 0.031 0.499 0.238
0.007 0.004 0.866 0.965 0.000 0.993 0.902 0.000 0.000 0.000 0.000 0.000 0.000 0.000 0.000 0.000 0.000 0.000 0.866 0.902 0.975 0.735 0.003 0.032 0.000 0.000 0.000 0.000 0.000 0.000 0.000 0.000 0.000 0.000
0.008 0.966 0.994 0.983 0.993 0.000 0.986 0.844 0.000 0.000 0.000 0.000 0.000 0.000 0.000 0.000 0.000 0.980 0.985 0.967 0.896 0.149 0.140 0.023 0.835 0.703 0.970 0.000 0.147 0.043 0.981 0.156 0.026 0.037
0.008 0.906 0.005 0.000 0.902 0.986 0.000 0.997 0.991 0.000 0.000 0.000 0.000 0.000 0.000 0.000 0.867 0.973 0.989 0.896 0.669 0.000 0.000 0.307 0.000 0.000 0.000 0.000 0.000 0.000 0.252 0.000 0.000 0.000
0.047 0.932 0.010 0.000 0.000 0.844 0.997 0.000 0.999 0.959 0.002 0.000 0.000 0.011 0.013 0.979 0.946 0.966 0.901 0.000 0.000 0.000 0.000 0.000 0.000 0.000 0.000 0.001 0.000 0.424 0.023 0.000 0.000 0.000
0.000 0.001 0.000 0.000 0.000 0.000 0.991 0.999 0.000 1.000 0.972 0.001 0.000 0.000 0.935 0.970 0.994 0.907 0.932 0.001 0.099 0.000 0.000 0.297 0.000 0.082 0.000 0.021 0.000 0.000 0.000 0.000 0.000 0.000
0.000 0.000 0.000 0.000 0.000 0.000 0.000 0.959 1.000 0.000 0.996 0.974 0.008 0.412 0.958 0.971 0.950 0.000 0.000 0.000 0.000 0.000 0.000 0.000 0.000 0.000 0.000 0.074 0.000 0.000 0.000 0.000 0.000 0.000
0.000 0.000 0.000 0.000 0.000 0.000 0.000 0.002 0.972 0.996 0.000 1.000 0.996 0.993 0.999 0.976 0.996 0.000 0.000 0.000 0.000 0.000 0.000 0.000 0.000 0.001 0.000 0.922 0.000 0.000 0.000 0.000 0.000 0.000
0.000 0.000 0.000 0.000 0.000 0.000 0.000 0.000 0.001 0.974 1.000 0.000 0.989 0.986 0.908 0.000 0.256 0.000 0.000 0.000 0.000 0.000 0.000 0.000 0.000 0.000 0.000 0.018 0.000 0.000 0.000 0.000 0.000 0.000
0.000 0.000 0.000 0.000 0.000 0.000 0.000 0.000 0.000 0.008 0.996 0.989 0.000 0.996 1.000 0.000 0.000 0.000 0.000 0.000 0.000 0.000 0.000 0.000 0.000 0.000 0.000 0.073 0.000 0.000 0.000 0.000 0.000 0.000
0.000 0.000 0.000 0.000 0.000 0.000 0.000 0.011 0.000 0.412 0.993 0.986 0.996 0.000 0.995 0.972 0.000 0.000 0.000 0.000 0.000 0.000 0.000 0.000 0.000 0.000 0.000 0.000 0.000 0.000 0.000 0.000 0.000 0.000
0.000 0.000 0.000 0.000 0.000 0.000 0.000 0.013 0.935 0.958 0.999 0.908 1.000 0.995 0.000 1.000 0.984 0.000 0.000 0.000 0.000 0.000 0.000 0.000 0.000 0.000 0.000 0.973 0.000 0.000 0.000 0.000 0.000 0.000
0.000 0.011 0.000 0.000 0.000 0.000 0.000 0.979 0.970 0.971 0.976 0.000 0.000 0.972 1.000 0.000 1.000 0.988 0.000 0.000 0.000 0.000 0.000 0.000 0.000 0.000 0.209 0.978 0.032 0.196 0.000 0.000 0.000 0.000
0.000 0.000 0.000 0.000 0.000 0.000 0.867 0.946 0.994 0.950 0.996 0.256 0.000 0.000 0.984 1.000 0.000 0.998 0.991 0.000 0.000 0.000 0.000 0.021 0.025 0.967 0.926 0.995 0.383 0.001 0.000 0.000 0.000 0.000
0.001 0.957 0.043 0.000 0.000 0.980 0.973 0.966 0.907 0.000 0.000 0.000 0.000 0.000 0.000 0.988 0.998 0.000 0.991 0.881 0.000 0.000 0.000 0.000 0.862 0.949 0.972 0.966 0.896 0.995 0.971 0.000 0.000 0.000
0.000 0.118 0.000 0.000 0.866 0.985 0.989 0.901 0.932 0.000 0.000 0.000 0.000 0.000 0.000 0.000 0.991 0.991 0.000 0.995 0.920 0.000 0.006 0.882 0.941 0.979 0.903 0.000 0.000 0.000 0.129 0.000 0.000 0.000
0.000 0.000 0.000 0.161 0.902 0.967 0.896 0.000 0.001 0.000 0.000 0.000 0.000 0.000 0.000 0.000 0.000 0.881 0.995 0.000 0.976 0.975 0.983 0.993 0.991 0.824 0.328 0.000 0.000 0.000 0.002 0.000 0.000 0.000
0.000 0.000 0.003 0.139 0.975 0.896 0.669 0.000 0.099 0.000 0.000 0.000 0.000 0.000 0.000 0.000 0.000 0.000 0.920 0.976 0.000 0.983 0.883 0.984 0.143 0.000 0.000 0.000 0.000 0.000 0.000 0.000 0.000 0.000
0.000 0.000 0.030 0.230 0.735 0.149 0.000 0.000 0.000 0.000 0.000 0.000 0.000 0.000 0.000 0.000 0.000 0.000 0.000 0.975 0.983 0.000 0.986 0.942 0.075 0.000 0.000 0.000 0.000 0.000 0.000 0.000 0.000 0.001
0.000 0.000 0.000 0.000 0.003 0.140 0.000 0.000 0.000 0.000 0.000 0.000 0.000 0.000 0.000 0.000 0.000 0.000 0.006 0.983 0.883 0.986 0.000 0.977 0.981 0.000 0.000 0.000 0.000 0.000 0.000 0.000 0.000 0.000
0.000 0.000 0.000 0.000 0.032 0.023 0.307 0.000 0.297 0.000 0.000 0.000 0.000 0.000 0.000 0.000 0.021 0.000 0.882 0.993 0.984 0.942 0.977 0.000 0.977 0.953 0.000 0.000 0.000 0.000 0.000 0.000 0.000 0.000
0.000 0.000 0.000 0.000 0.000 0.835 0.000 0.000 0.000 0.000 0.000 0.000 0.000 0.000 0.000 0.000 0.025 0.862 0.941 0.991 0.143 0.075 0.981 0.977 0.000 0.989 0.927 0.000 0.000 0.000 0.000 0.000 0.000 0.000
0.000 0.000 0.000 0.000 0.000 0.703 0.000 0.000 0.082 0.000 0.001 0.000 0.000 0.000 0.000 0.000 0.967 0.949 0.979 0.824 0.000 0.000 0.000 0.953 0.989 0.000 0.985 0.924 0.000 0.000 0.000 0.000 0.000 0.000
0.000 0.000 0.000 0.000 0.000 0.970 0.000 0.000 0.000 0.000 0.000 0.000 0.000 0.000 0.000 0.209 0.926 0.972 0.903 0.328 0.000 0.000 0.000 0.000 0.927 0.985 0.000 0.996 0.987 0.768 0.905 0.006 0.000 0.000
0.000 0.000 0.000 0.000 0.000 0.000 0.000 0.001 0.021 0.074 0.922 0.018 0.073 0.000 0.973 0.978 0.995 0.966 0.000 0.000 0.000 0.000 0.000 0.000 0.000 0.924 0.996 0.000 0.979 0.940 0.015 0.000 0.000 0.000
0.000 0.000 0.000 0.000 0.000 0.147 0.000 0.000 0.000 0.000 0.000 0.000 0.000 0.000 0.000 0.032 0.383 0.896 0.000 0.000 0.000 0.000 0.000 0.000 0.000 0.000 0.987 0.979 0.000 0.991 0.932 0.021 0.000 0.000
0.630 0.934 0.349 0.000 0.000 0.043 0.000 0.424 0.000 0.000 0.000 0.000 0.000 0.000 0.000 0.196 0.001 0.995 0.000 0.000 0.000 0.000 0.000 0.000 0.000 0.000 0.768 0.940 0.991 0.000 0.990 0.915 0.240 0.008
0.241 0.964 0.980 0.007 0.000 0.981 0.252 0.023 0.000 0.000 0.000 0.000 0.000 0.000 0.000 0.000 0.000 0.971 0.129 0.002 0.000 0.000 0.000 0.000 0.000 0.000 0.905 0.015 0.932 0.990 0.000 0.969 0.901 0.010
0.262 0.382 0.961 0.031 0.000 0.156 0.000 0.000 0.000 0.000 0.000 0.000 0.000 0.000 0.000 0.000 0.000 0.000 0.000 0.000 0.000 0.000 0.000 0.000 0.000 0.000 0.006 0.000 0.021 0.915 0.969 0.000 0.993 0.975
0.658 0.594 0.967 0.499 0.000 0.026 0.000 0.000 0.000 0.000 0.000 0.000 0.000 0.000 0.000 0.000 0.000 0.000 0.000 0.000 0.000 0.000 0.000 0.000 0.000 0.000 0.000 0.000 0.000 0.240 0.901 0.993 0.000 0.992
0.331 0.072 0.570 0.238 0.000 0.037 0.000 0.000 0.000 0.000 0.000 0.000 0.000 0.000 0.000 0.000 0.000 0.000 0.000 0.000 0.000 0.001 0.000 0.000 0.000 0.000 0.000 0.000 0.000 0.008 0.010 0.975 0.992 0.000
