0.000 0.997 0.954 0.162 0.000 0.000 0.000 0.004 0.000 0.000 0.000 0.025 0.001 0.000 0.000 0.000 0.000 0.003 0.000 0.000 0.000 0.000 0.000 0.000 0.000 0.000 0.000 0.000 0.000 0.518 0.112 0.222 0.662 0.363
0.997 0.000 0.991 0.912 0.003 0.890 0.769 0.806 0.001 0.000 0.000 0.000 0.000 0.000 0.000 0.199 0.000 0.840 0.184 0.000 0.000 0.000 0.000 0.000 0.000 0.000 0.000 0.000 0.000 0.819 0.838 0.321 0.642 0.208
0.954 0.991 0.000 0.989 0.917 0.985 0.011 0.008 0.000 0.000 0.000 0.000 0.000 0.000 0.000 0.000 0.000 0.030 0.000 0.050 0.000 0.000 0.000 0.000 0.000 0.000 0.000 0.000 0.000 0.325 0.964 0.930 0.973 0.558
0.162 0.912 0.989 0.000 0.982 0.989 0.001 0.000 0.000 0.000 0.000 0.000 0.000 0.000 0.000 0.000 0.000 0.000 0.000 0.407 0.015 0.131 0.001 0.000 0.000 0.000 0.000 0.000 0.000 0.000 0.004 0.014 0.359 0.167
0.000 0.003 0.917 0.982 0.000 0.993 0.838 0.000 0.000 0.000 0.000 0.000 0.000 0.000 0.000 0.000 0.000 0.000 0.765 0.909 0.934 0.841 0.037 0.000 0.000 0.000 0.000 0.000 0.000 0.000 0.000 0.000 0.000 0.001
0.000 0.890 0.985 0.989 0.993 0.000 0.974 0.823 0.008 0.000 0.000 0.000 0.000 0.000 0.000 0.000 0.000 0.958 0.952 0.996 0.911 0.083 0.199 0.000 0.854 0.758 0.913 0.000 0.189 0.042 0.975 0.129 0.044 0.023
0.000 0.769 0.011 0.001 0.838 0.974 0.000 0.997 0.992 0.000 0.000 0.000 0.000 0.000 0.000 0.019 0.781 0.954 0.952 0.825 0.937 0.002 0.000 0.001 0.000 0.000 0.000 0.000 0.000 0.000 0.141 0.000 0.000 0.000
0.004 0.806 0.008 0.000 0.000 0.823 0.997 0.000 0.986 0.796 0.000 0.000 0.000 0.000 0.000 0.902 0.883 0.988 0.853 0.000 0.000 0.000 0.000 0.000 0.000 0.000 0.000 0.000 0.000 0.111 0.060 0.000 0.001 0.000
0.000 0.001 0.000 0.000 0.000 0.008 0.992 0.986 0.000 0.990 0.794 0.001 0.000 0.000 0.740 0.939 0.993 0.908 0.951 0.017 0.325 0.000 0.000 0.010 0.000 0.054 0.000 0.009 0.000 0.000 0.000 0.000 0.000 0.000
0.000 0.000 0.000 0.000 0.000 0.000 0.000 0.796 0.990 0.000 0.978 0.875 0.038 0.919 0.914 0.982 0.971 0.000 0.000 0.000 0.000 0.000 0.000 0.000 0.000 0.000 0.000 0.108 0.000 0.000 0.000 0.000 0.000 0.002
0.000 0.000 0.000 0.000 0.000 0.000 0.000 0.000 0.794 0.978 0.000 0.987 0.990 0.983 0.991 0.866 0.974 0.000 0.000 0.000 0.000 0.000 0.000 0.000 0.000 0.000 0.000 0.903 0.000 0.000 0.000 0.000 0.000 0.003
0.025 0.000 0.000 0.000 0.000 0.000 0.000 0.000 0.001 0.875 0.987 0.000 0.987 0.960 0.550 0.000 0.690 0.000 0.000 0.000 0.000 0.000 0.000 0.000 0.000 0.000 0.000 0.251 0.000 0.000 0.000 0.001 0.048 0.127
0.001 0.000 0.000 0.000 0.000 0.000 0.000 0.000 0.000 0.038 0.990 0.987 0.000 0.983 0.952 0.000 0.001 0.000 0.000 0.000 0.000 0.000 0.000 0.000 0.000 0.000 0.000 0.283 0.000 0.000 0.000 0.000 0.005 0.052
0.000 0.000 0.000 0.000 0.000 0.000 0.000 0.000 0.000 0.919 0.983 0.960 0.983 0.000 0.994 0.937 0.000 0.000 0.000 0.000 0.000 0.000 0.000 0.000 0.000 0.000 0.000 0.002 0.000 0.000 0.000 0.000 0.000 0.004
0.000 0.000 0.000 0.000 0.000 0.000 0.000 0.000 0.740 0.914 0.991 0.550 0.952 0.994 0.000 0.993 0.963 0.012 0.000 0.000 0.000 0.000 0.000 0.000 0.000 0.000 0.000 0.994 0.196 0.017 0.000 0.000 0.000 0.000
0.000 0.199 0.000 0.000 0.000 0.000 0.019 0.902 0.939 0.982 0.866 0.000 0.000 0.937 0.993 0.000 0.985 0.972 0.000 0.000 0.000 0.000 0.000 0.000 0.000 0.000 0.200 0.936 0.028 0.417 0.000 0.000 0.000 0.000
0.000 0.000 0.000 0.000 0.000 0.000 0.781 0.883 0.993 0.971 0.974 0.690 0.001 0.000 0.963 0.985 0.000 0.990 0.979 0.000 0.000 0.000 0.000 0.000 0.000 0.929 0.948 0.962 0.410 0.000 0.000 0.000 0.000 0.000
0.003 0.840 0.030 0.000 0.000 0.958 0.954 0.988 0.908 0.000 0.000 0.000 0.000 0.000 0.012 0.972 0.990 0.000 0.985 0.836 0.000 0.000 0.000 0.000 0.790 0.911 0.983 0.891 0.908 0.951 0.907 0.000 0.025 0.000
0.000 0.184 0.000 0.000 0.765 0.952 0.952 0.853 0.951 0.000 0.000 0.000 0.000 0.000 0.000 0.000 0.979 0.985 0.000 0.990 0.933 0.012 0.041 0.880 0.930 0.945 0.804 0.000 0.000 0.000 0.079 0.000 0.000 0.000
0.000 0.000 0.050 0.407 0.909 0.996 0.825 0.000 0.017 0.000 0.000 0.000 0.000 0.000 0.000 0.000 0.000 0.836 0.990 0.000 0.976 0.979 0.922 0.934 0.967 0.833 0.243 0.000 0.000 0.000 0.023 0.000 0.000 0.003
0.000 0.000 0.000 0.015 0.934 0.911 0.937 0.000 0.325 0.000 0.000 0.000 0.000 0.000 0.000 0.000 0.000 0.000 0.933 0.976 0.000 0.983 0.831 0.891 0.163 0.000 0.000 0.000 0.000 0.000 0.000 0.000 0.000 0.000
0.000 0.000 0.000 0.131 0.841 0.083 0.002 0.000 0.000 0.000 0.000 0.000 0.000 0.000 0.000 0.000 0.000 0.000 0.012 0.979 0.983 0.000 0.982 0.927 0.089 0.000 0.000 0.000 0.000 0.000 0.000 0.000 0.000 0.000
0.000 0.000 0.000 0.001 0.037 0.199 0.000 0.000 0.000 0.000 0.000 0.000 0.000 0.000 0.000 0.000 0.000 0.000 0.041 0.922 0.831 0.982 0.000 0.981 0.982 0.001 0.002 0.000 0.000 0.000 0.000 0.000 0.000 0.000
0.000 0.000 0.000 0.000 0.000 0.000 0.001 0.000 0.010 0.000 0.000 0.000 0.000 0.000 0.000 0.000 0.000 0.000 0.880 0.934 0.891 0.927 0.981 0.000 0.987 0.887 0.000 0.000 0.000 0.000 0.000 0.000 0.000 0.000
0.000 0.000 0.000 0.000 0.000 0.854 0.000 0.000 0.000 0.000 0.000 0.000 0.000 0.000 0.000 0.000 0.000 0.790 0.930 0.967 0.163 0.089 0.982 0.987 0.000 0.984 0.827 0.000 0.000 0.000 0.002 0.000 0.000 0.000
0.000 0.000 0.000 0.000 0.000 0.758 0.000 0.000 0.054 0.000 0.000 0.000 0.000 0.000 0.000 0.000 0.929 0.911 0.945 0.833 0.000 0.000 0.001 0.887 0.984 0.000 0.977 0.839 0.000 0.000 0.000 0.000 0.000 0.000
0.000 0.000 0.000 0.000 0.000 0.913 0.000 0.000 0.000 0.000 0.000 0.000 0.000 0.000 0.000 0.200 0.948 0.983 0.804 0.243 0.000 0.000 0.002 0.000 0.827 0.977 0.000 0.975 0.982 0.749 0.861 0.015 0.000 0.000
0.000 0.000 0.000 0.000 0.000 0.000 0.000 0.000 0.009 0.108 0.903 0.251 0.283 0.002 0.994 0.936 0.962 0.891 0.000 0.000 0.000 0.000 0.000 0.000 0.000 0.839 0.975 0.000 0.953 0.787 0.004 0.000 0.000 0.000
0.000 0.000 0.000 0.000 0.000 0.189 0.000 0.000 0.000 0.000 0.000 0.000 0.000 0.000 0.196 0.028 0.410 0.908 0.000 0.000 0.000 0.000 0.000 0.000 0.000 0.000 0.982 0.953 0.000 0.980 0.894 0.012 0.000 0.000
0.518 0.819 0.325 0.000 0.000 0.042 0.000 0.111 0.000 0.000 0.000 0.000 0.000 0.000 0.017 0.417 0.000 0.951 0.000 0.000 0.000 0.000 0.000 0.000 0.000 0.000 0.749 0.787 0.980 0.000 0.982 0.965 0.439 0.116
0.112 0.838 0.964 0.004 0.000 0.975 0.141 0.060 0.000 0.000 0.000 0.000 0.000 0.000 0.000 0.000 0.000 0.907 0.079 0.023 0.000 0.000 0.000 0.000 0.002 0.000 0.861 0.004 0.894 0.982 0.000 0.992 0.925 0.011
0.222 0.321 0.930 0.014 0.000 0.129 0.000 0.000 0.000 0.000 0.000 0.001 0.000 0.000 0.000 0.000 0.000 0.000 0.000 0.000 0.000 0.000 0.000 0.000 0.000 0.000 0.015 0.000 0.012 0.965 0.992 0.000 0.974 0.916
0.662 0.642 0.973 0.359 0.000 0.044 0.000 0.001 0.000 0.000 0.000 0.048 0.005 0.000 0.000 0.000 0.000 0.025 0.000 0.000 0.000 0.000 0.000 0.000 0.000 0.000 0.000 0.000 0.000 0.439 0.925 0.974 0.000 0.995
0.363 0.208 0.558 0.167 0.001 0.023 0.000 0.000 0.000 0.002 0.003 0.127 0.052 0.004 0.000 0.000 0.000 0.000 0.000 0.003 0.000 0.000 0.000 0.000 0.000 0.000 0.000 0.000 0.000 0.116 0.011 0.916 0.995 0.000
