0.000 0.980 0.961 0.004 0.000 0.000 0.000 0.030 0.000 0.000 0.000 0.000 0.000 0.000 0.000 0.003 0.000 0.018 0.000 0.000 0.000 0.000 0.000 0.000 0.000 0.000 0.000 0.000 0.000 0.084 0.149 0.354 0.073 0.000
0.980 0.000 1.000 0.930 0.007 0.981 0.986 1.000 0.001 0.000 0.000 0.000 0.000 0.000 0.000 0.028 0.002 1.000 0.270 0.000 0.008 0.000 0.000 0.000 0.000 0.000 0.000 0.000 0.001 0.643 0.983 0.405 0.031 0.000
0.961 1.000 0.000 0.993 0.952 1.000 0.004 0.004 0.000 0.000 0.000 0.000 0.000 0.000 0.000 0.000 0.000 0.073 0.000 0.001 0.049 0.081 0.000 0.000 0.000 0.000 0.000 0.000 0.000 0.211 0.999 0.807 0.541 0.024
0.004 0.930 0.993 0.000 0.997 0.992 0.000 0.000 0.000 0.000 0.000 0.000 0.000 0.000 0.000 0.000 0.000 0.000 0.000 0.140 0.278 0.301 0.000 0.000 0.000 0.000 0.000 0.000 0.000 0.000 0.011 0.006 0.050 0.021
0.000 0.007 0.952 0.997 0.000 0.982 0.945 0.000 0.000 0.000 0.000 0.000 0.000 0.000 0.000 0.000 0.000 0.000 0.947 0.923 0.989 0.748 0.001 0.038 0.000 0.000 0.000 0.000 0.000 0.000 0.000 0.000 0.001 0.001
0.000 0.981 1.000 0.992 0.982 0.000 1.000 0.964 0.000 0.000 0.000 0.000 0.000 0.000 0.000 0.000 0.001 0.998 1.000 0.981 0.950 0.283 0.156 0.013 0.658 0.673 0.996 0.000 0.367 0.082 0.966 0.031 0.025 0.021
0.000 0.986 0.004 0.000 0.945 1.000 0.000 0.995 1.000 0.000 0.000 0.000 0.000 0.000 0.000 0.000 0.981 0.999 1.000 0.902 0.640 0.000 0.000 0.167 0.000 0.000 0.000 0.000 0.000 0.000 0.157 0.000 0.000 0.000
0.030 1.000 0.004 0.000 0.000 0.964 0.995 0.000 1.000 1.000 0.000 0.000 0.000 0.000 0.000 0.991 1.000 1.000 0.980 0.000 0.001 0.000 0.000 0.000 0.000 0.000 0.000 0.001 0.000 0.053 0.056 0.062 0.000 0.000
0.000 0.001 0.000 0.000 0.000 0.000 1.000 1.000 0.000 1.000 0.999 0.000 0.000 0.000 0.985 0.983 1.000 0.999 0.998 0.000 0.072 0.000 0.000 0.089 0.000 0.249 0.000 0.000 0.000 0.000 0.000 0.000 0.000 0.000
0.000 0.000 0.000 0.000 0.000 0.000 0.000 1.000 1.000 0.000 1.000 0.925 0.042 0.982 1.000 1.000 1.000 0.000 0.000 0.000 0.000 0.000 0.000 0.000 0.000 0.000 0.000 0.010 0.000 0.000 0.000 0.000 0.000 0.000
0.000 0.000 0.000 0.000 0.000 0.000 0.000 0.000 0.999 1.000 0.000 0.983 0.977 0.986 0.992 0.985 1.000 0.000 0.000 0.000 0.000 0.000 0.000 0.000 0.000 0.003 0.000 0.617 0.000 0.000 0.000 0.000 0.000 0.000
0.000 0.000 0.000 0.000 0.000 0.000 0.000 0.000 0.000 0.925 0.983 0.000 0.996 0.949 0.613 0.000 0.075 0.000 0.000 0.000 0.000 0.000 0.000 0.000 0.000 0.000 0.000 0.000 0.000 0.000 0.000 0.000 0.000 0.002
0.000 0.000 0.000 0.000 0.000 0.000 0.000 0.000 0.000 0.042 0.977 0.996 0.000 0.979 0.993 0.000 0.000 0.000 0.000 0.000 0.000 0.000 0.000 0.000 0.000 0.000 0.000 0.019 0.000 0.000 0.000 0.000 0.000 0.000
0.000 0.000 0.000 0.000 0.000 0.000 0.000 0.000 0.000 0.982 0.986 0.949 0.979 0.000 0.996 0.977 0.000 0.000 0.000 0.000 0.000 0.000 0.000 0.000 0.000 0.000 0.000 0.000 0.000 0.000 0.000 0.000 0.000 0.000
0.000 0.000 0.000 0.000 0.000 0.000 0.000 0.000 0.985 1.000 0.992 0.613 0.993 0.996 0.000 1.000 0.995 0.000 0.000 0.000 0.000 0.000 0.000 0.000 0.000 0.000 0.000 0.728 0.000 0.000 0.000 0.000 0.000 0.000
0.003 0.028 0.000 0.000 0.000 0.000 0.000 0.991 0.983 1.000 0.985 0.000 0.000 0.977 1.000 0.000 0.995 1.000 0.000 0.000 0.000 0.000 0.000 0.000 0.000 0.000 0.174 0.998 0.513 0.673 0.013 0.217 0.000 0.002
0.000 0.002 0.000 0.000 0.000 0.001 0.981 1.000 1.000 1.000 1.000 0.075 0.000 0.000 0.995 0.995 0.000 1.000 1.000 0.000 0.000 0.000 0.000 0.001 0.003 0.987 1.000 0.999 0.270 0.000 0.000 0.000 0.000 0.000
0.018 1.000 0.073 0.000 0.000 0.998 0.999 1.000 0.999 0.000 0.000 0.000 0.000 0.000 0.000 1.000 1.000 0.000 0.993 0.895 0.000 0.000 0.000 0.000 0.876 0.974 1.000 1.000 1.000 1.000 1.000 0.571 0.000 0.000
0.000 0.270 0.000 0.000 0.947 1.000 1.000 0.980 0.998 0.000 0.000 0.000 0.000 0.000 0.000 0.000 1.000 0.993 0.000 0.998 0.971 0.002 0.010 0.889 0.985 1.000 0.989 0.000 0.000 0.000 0.081 0.000 0.000 0.000
0.000 0.000 0.001 0.140 0.923 0.981 0.902 0.000 0.000 0.000 0.000 0.000 0.000 0.000 0.000 0.000 0.000 0.895 0.998 0.000 0.999 0.986 0.970 0.977 1.000 0.985 0.482 0.000 0.000 0.000 0.004 0.000 0.000 0.000
0.000 0.008 0.049 0.278 0.989 0.950 0.640 0.001 0.072 0.000 0.000 0.000 0.000 0.000 0.000 0.000 0.000 0.000 0.971 0.999 0.000 0.999 0.962 0.992 0.204 0.000 0.000 0.000 0.000 0.000 0.000 0.000 0.000 0.000
0.000 0.000 0.081 0.301 0.748 0.283 0.000 0.000 0.000 0.000 0.000 0.000 0.000 0.000 0.000 0.000 0.000 0.000 0.002 0.986 0.999 0.000 1.000 0.997 0.132 0.000 0.000 0.000 0.000 0.000 0.000 0.000 0.000 0.000
0.000 0.000 0.000 0.000 0.001 0.156 0.000 0.000 0.000 0.000 0.000 0.000 0.000 0.000 0.000 0.000 0.000 0.000 0.010 0.970 0.962 1.000 0.000 0.995 0.988 0.004 0.005 0.000 0.000 0.000 0.000 0.000 0.000 0.000
0.000 0.000 0.000 0.000 0.038 0.013 0.167 0.000 0.089 0.000 0.000 0.000 0.000 0.000 0.000 0.000 0.001 0.000 0.889 0.977 0.992 0.997 0.995 0.000 0.994 0.941 0.000 0.000 0.000 0.000 0.000 0.000 0.000 0.000
0.000 0.000 0.000 0.000 0.000 0.658 0.000 0.000 0.000 0.000 0.000 0.000 0.000 0.000 0.000 0.000 0.003 0.876 0.985 1.000 0.204 0.132 0.988 0.994 0.000 0.995 0.894 0.000 0.000 0.000 0.000 0.001 0.000 0.000
0.000 0.000 0.000 0.000 0.000 0.673 0.000 0.000 0.249 0.000 0.003 0.000 0.000 0.000 0.000 0.000 0.987 0.974 1.000 0.985 0.000 0.000 0.004 0.941 0.995 0.000 0.986 0.924 0.000 0.000 0.000 0.000 0.000 0.000
0.000 0.000 0.000 0.000 0.000 0.996 0.000 0.000 0.000 0.000 0.000 0.000 0.000 0.000 0.000 0.174 1.000 1.000 0.989 0.482 0.000 0.000 0.005 0.000 0.894 0.986 0.000 0.994 0.983 0.667 0.807 0.012 0.000 0.000
0.000 0.000 0.000 0.000 0.000 0.000 0.000 0.001 0.000 0.010 0.617 0.000 0.019 0.000 0.728 0.998 0.999 1.000 0.000 0.000 0.000 0.000 0.000 0.000 0.000 0.924 0.994 0.000 1.000 1.000 0.010 0.000 0.000 0.000
0.000 0.001 0.000 0.000 0.000 0.367 0.000 0.000 0.000 0.000 0.000 0.000 0.000 0.000 0.000 0.513 0.270 1.000 0.000 0.000 0.000 0.000 0.000 0.000 0.000 0.000 0.983 1.000 0.000 1.000 1.000 0.368 0.097 0.348
0.084 0.643 0.211 0.000 0.000 0.082 0.000 0.053 0.000 0.000 0.000 0.000 0.000 0.000 0.000 0.673 0.000 1.000 0.000 0.000 0.000 0.000 0.000 0.000 0.000 0.000 0.667 1.000 1.000 0.000 1.000 1.000 0.018 0.009
0.149 0.983 0.999 0.011 0.000 0.966 0.157 0.056 0.000 0.000 0.000 0.000 0.000 0.000 0.000 0.013 0.000 1.000 0.081 0.004 0.000 0.000 0.000 0.000 0.000 0.000 0.807 0.010 1.000 1.000 0.000 0.999 0.952 0.001
0.354 0.405 0.807 0.006 0.000 0.031 0.000 0.062 0.000 0.000 0.000 0.000 0.000 0.000 0.000 0.217 0.000 0.571 0.000 0.000 0.000 0.000 0.000 0.000 0.001 0.000 0.012 0.000 0.368 1.000 0.999 0.000 0.993 0.929
0.073 0.031 0.541 0.050 0.001 0.025 0.000 0.000 0.000 0.000 0.000 0.000 0.000 0.000 0.000 0.000 0.000 0.000 0.000 0.000 0.000 0.000 0.000 0.000 0.000 0.000 0.000 0.000 0.097 0.018 0.952 0.993 0.000 0.989
0.000 0.000 0.024 0.021 0.001 0.021 0.000 0.000 0.000 0.000 0.000 0.002 0.000 0.000 0.000 0.002 0.000 0.000 0.000 0.000 0.000 0.000 0.000 0.000 0.000 0.000 0.000 0.000 0.348 0.009 0.001 0.929 0.989 0.000
