0.000 0.990 0.928 0.415 0.315 0.173 0.239 0.011 0.000 0.000 0.002 0.028 0.049 0.004 0.004 0.000 0.000 0.000 0.000 0.000 0.205 0.016 0.000 0.000 0.000 0.000 0.000 0.000 0.000 0.000 0.000 0.000 0.004 0.035
0.990 0.000 0.988 0.979 0.187 0.050 0.044 0.000 0.000 0.000 0.000 0.015 0.014 0.002 0.001 0.000 0.000 0.000 0.000 0.000 0.035 0.005 0.000 0.000 0.000 0.000 0.000 0.000 0.000 0.000 0.000 0.001 0.059 0.058
0.928 0.988 0.000 1.000 0.940 0.030 0.049 0.000 0.000 0.000 0.000 0.022 0.001 0.000 0.000 0.000 0.000 0.000 0.000 0.000 0.020 0.004 0.000 0.000 0.000 0.000 0.000 0.000 0.000 0.003 0.000 0.018 0.353 0.262
0.415 0.979 1.000 0.000 0.996 0.993 0.752 0.001 0.000 0.000 0.000 0.000 0.000 0.000 0.000 0.000 0.000 0.000 0.000 0.002 0.501 0.002 0.000 0.000 0.000 0.000 0.000 0.000 0.000 0.000 0.358 0.012 0.963 0.986
0.315 0.187 0.940 0.996 0.000 0.978 0.979 0.000 0.000 0.000 0.000 0.000 0.000 0.000 0.000 0.000 0.000 0.000 0.945 1.000 0.990 0.983 0.807 0.000 0.000 0.000 0.000 0.000 0.000 0.000 0.002 0.000 0.648 0.040
0.173 0.050 0.030 0.993 0.978 0.000 1.000 0.976 0.000 0.000 0.000 0.000 0.000 0.000 0.000 0.000 0.007 0.988 1.000 0.981 0.865 0.006 0.572 0.000 0.985 0.991 0.991 0.000 0.002 0.000 0.993 0.143 0.932 0.995
0.239 0.044 0.049 0.752 0.979 1.000 0.000 0.999 0.970 0.000 0.000 0.000 0.000 0.000 0.000 0.000 0.961 0.972 1.000 0.982 0.937 0.000 0.000 0.000 0.000 0.000 0.000 0.000 0.000 0.000 0.217 0.000 0.000 0.988
0.011 0.000 0.000 0.001 0.000 0.976 0.999 0.000 1.000 0.971 0.000 0.000 0.000 0.000 0.000 0.973 0.999 1.000 0.996 0.000 0.000 0.000 0.000 0.000 0.000 0.000 0.000 0.000 0.000 0.148 0.001 0.000 0.000 0.998
0.000 0.000 0.000 0.000 0.000 0.000 0.970 1.000 0.000 0.987 0.942 0.000 0.000 0.000 0.960 0.996 1.000 1.000 0.849 0.000 0.000 0.000 0.000 0.000 0.000 0.000 0.000 0.001 0.000 0.000 0.000 0.000 0.000 0.000
0.000 0.000 0.000 0.000 0.000 0.000 0.000 0.971 0.987 0.000 0.996 0.953 0.033 0.987 0.996 0.993 0.999 0.000 0.347 0.000 0.000 0.000 0.000 0.000 0.000 0.000 0.000 0.059 0.000 0.000 0.000 0.000 0.000 0.000
0.002 0.000 0.000 0.000 0.000 0.000 0.000 0.000 0.942 0.996 0.000 0.990 0.994 0.997 0.999 0.965 0.983 0.000 0.000 0.000 0.000 0.000 0.000 0.000 0.000 0.000 0.000 0.861 0.000 0.000 0.000 0.000 0.000 0.000
0.028 0.015 0.022 0.000 0.000 0.000 0.000 0.000 0.000 0.953 0.990 0.000 0.981 0.963 0.737 0.000 0.192 0.000 0.000 0.000 0.000 0.000 0.000 0.000 0.000 0.000 0.000 0.183 0.000 0.000 0.000 0.000 0.000 0.000
0.049 0.014 0.001 0.000 0.000 0.000 0.000 0.000 0.000 0.033 0.994 0.981 0.000 0.991 0.982 0.000 0.000 0.000 0.000 0.000 0.000 0.000 0.000 0.000 0.000 0.000 0.000 0.320 0.000 0.000 0.000 0.000 0.000 0.000
0.004 0.002 0.000 0.000 0.000 0.000 0.000 0.000 0.000 0.987 0.997 0.963 0.991 0.000 0.993 0.945 0.000 0.000 0.000 0.000 0.000 0.000 0.000 0.000 0.000 0.000 0.000 0.003 0.000 0.000 0.000 0.000 0.000 0.000
0.004 0.001 0.000 0.000 0.000 0.000 0.000 0.000 0.960 0.996 0.999 0.737 0.982 0.993 0.000 0.991 0.986 0.024 0.000 0.000 0.000 0.000 0.000 0.000 0.000 0.001 0.045 0.916 0.108 0.000 0.000 0.000 0.000 0.000
0.000 0.000 0.000 0.000 0.000 0.000 0.000 0.973 0.996 0.993 0.965 0.000 0.000 0.945 0.991 0.000 1.000 1.000 0.000 0.000 0.000 0.000 0.000 0.000 0.000 0.000 0.179 0.992 0.048 0.041 0.000 0.000 0.000 0.016
0.000 0.000 0.000 0.000 0.000 0.007 0.961 0.999 1.000 0.999 0.983 0.192 0.000 0.000 0.986 1.000 0.000 1.000 0.996 0.002 0.000 0.000 0.000 0.003 0.032 0.993 1.000 1.000 0.343 0.000 0.000 0.000 0.000 0.001
0.000 0.000 0.000 0.000 0.000 0.988 0.972 1.000 1.000 0.000 0.000 0.000 0.000 0.000 0.024 1.000 1.000 0.000 0.987 0.892 0.000 0.000 0.000 0.000 0.897 0.996 1.000 1.000 1.000 1.000 1.000 0.000 0.000 0.997
0.000 0.000 0.000 0.000 0.945 1.000 1.000 0.996 0.849 0.347 0.000 0.000 0.000 0.000 0.000 0.000 0.996 0.987 0.000 0.999 0.977 0.004 0.002 0.791 0.982 0.998 0.973 0.002 0.000 0.000 0.168 0.000 0.000 0.104
0.000 0.000 0.000 0.002 1.000 0.981 0.982 0.000 0.000 0.000 0.000 0.000 0.000 0.000 0.000 0.000 0.002 0.892 0.999 0.000 0.999 0.961 0.993 0.979 0.998 0.963 0.224 0.000 0.000 0.000 0.021 0.000 0.050 0.000
0.205 0.035 0.020 0.501 0.990 0.865 0.937 0.000 0.000 0.000 0.000 0.000 0.000 0.000 0.000 0.000 0.000 0.000 0.977 0.999 0.000 0.974 0.937 0.986 0.071 0.000 0.000 0.000 0.000 0.000 0.000 0.000 0.000 0.000
0.016 0.005 0.004 0.002 0.983 0.006 0.000 0.000 0.000 0.000 0.000 0.000 0.000 0.000 0.000 0.000 0.000 0.000 0.004 0.961 0.974 0.000 1.000 0.949 0.082 0.000 0.000 0.000 0.000 0.000 0.000 0.000 0.000 0.000
0.000 0.000 0.000 0.000 0.807 0.572 0.000 0.000 0.000 0.000 0.000 0.000 0.000 0.000 0.000 0.000 0.000 0.000 0.002 0.993 0.937 1.000 0.000 0.972 0.980 0.000 0.051 0.000 0.000 0.000 0.000 0.000 0.000 0.000
0.000 0.000 0.000 0.000 0.000 0.000 0.000 0.000 0.000 0.000 0.000 0.000 0.000 0.000 0.000 0.000 0.003 0.000 0.791 0.979 0.986 0.949 0.972 0.000 0.962 0.872 0.000 0.000 0.000 0.000 0.000 0.000 0.000 0.000
0.000 0.000 0.000 0.000 0.000 0.985 0.000 0.000 0.000 0.000 0.000 0.000 0.000 0.000 0.000 0.000 0.032 0.897 0.982 0.998 0.071 0.082 0.980 0.962 0.000 0.996 0.982 0.000 0.000 0.000 0.002 0.000 0.000 0.000
0.000 0.000 0.000 0.000 0.000 0.991 0.000 0.000 0.000 0.000 0.000 0.000 0.000 0.000 0.001 0.000 0.993 0.996 0.998 0.963 0.000 0.000 0.000 0.872 0.996 0.000 0.996 0.980 0.001 0.000 0.000 0.000 0.000 0.000
0.000 0.000 0.000 0.000 0.000 0.991 0.000 0.000 0.000 0.000 0.000 0.000 0.000 0.000 0.045 0.179 1.000 1.000 0.973 0.224 0.000 0.000 0.051 0.000 0.982 0.996 0.000 1.000 1.000 0.860 0.999 0.899 0.260 0.000
0.000 0.000 0.000 0.000 0.000 0.000 0.000 0.000 0.001 0.059 0.861 0.183 0.320 0.003 0.916 0.992 1.000 1.000 0.002 0.000 0.000 0.000 0.000 0.000 0.000 0.980 1.000 0.000 1.000 0.999 0.014 0.000 0.000 0.000
0.000 0.000 0.000 0.000 0.000 0.002 0.000 0.000 0.000 0.000 0.000 0.000 0.000 0.000 0.108 0.048 0.343 1.000 0.000 0.000 0.000 0.000 0.000 0.000 0.000 0.001 1.000 1.000 0.000 1.000 0.999 0.027 0.000 0.000
0.000 0.000 0.003 0.000 0.000 0.000 0.000 0.148 0.000 0.000 0.000 0.000 0.000 0.000 0.000 0.041 0.000 1.000 0.000 0.000 0.000 0.000 0.000 0.000 0.000 0.000 0.860 0.999 1.000 0.000 1.000 0.920 0.109 0.995
0.000 0.000 0.000 0.358 0.002 0.993 0.217 0.001 0.000 0.000 0.000 0.000 0.000 0.000 0.000 0.000 0.000 1.000 0.168 0.021 0.000 0.000 0.000 0.000 0.002 0.000 0.999 0.014 0.999 1.000 0.000 0.957 0.925 1.000
0.000 0.001 0.018 0.012 0.000 0.143 0.000 0.000 0.000 0.000 0.000 0.000 0.000 0.000 0.000 0.000 0.000 0.000 0.000 0.000 0.000 0.000 0.000 0.000 0.000 0.000 0.899 0.000 0.027 0.920 0.957 0.000 0.996 0.959
0.004 0.059 0.353 0.963 0.648 0.932 0.000 0.000 0.000 0.000 0.000 0.000 0.000 0.000 0.000 0.000 0.000 0.000 0.000 0.050 0.000 0.000 0.000 0.000 0.000 0.000 0.260 0.000 0.000 0.109 0.925 0.996 0.000 0.968
0.035 0.058 0.262 0.986 0.040 0.995 0.988 0.998 0.000 0.000 0.000 0.000 0.000 0.000 0.000 0.016 0.001 0.997 0.104 0.000 0.000 0.000 0.000 0.000 0.000 0.000 0.000 0.000 0.000 0.995 1.000 0.959 0.968 0.000
