0.000 0.971 0.854 0.001 0.077 0.101 0.117 0.089 0.001 0.000 0.000 0.000 0.000 0.000 0.000 0.000 0.000 0.014 0.000 0.000 0.056 0.000 0.000 0.000 0.000 0.000 0.000 0.000 0.000 0.068 0.039 0.767 0.001 0.000
0.971 0.000 0.998 0.902 0.217 0.948 0.899 0.950 0.001 0.000 0.000 0.000 0.000 0.000 0.000 0.003 0.001 0.940 0.174 0.000 0.055 0.000 0.000 0.000 0.000 0.000 0.001 0.000 0.001 0.666 0.803 0.958 0.000 0.000
0.854 0.998 0.000 0.983 0.955 0.986 0.048 0.062 0.000 0.000 0.000 0.000 0.000 0.000 0.000 0.000 0.000 0.139 0.000 0.000 0.027 0.016 0.000 0.000 0.000 0.000 0.001 0.000 0.000 0.305 0.858 0.941 0.009 0.009
0.001 0.902 0.983 0.000 0.983 0.957 0.001 0.000 0.000 0.000 0.000 0.000 0.000 0.000 0.000 0.000 0.000 0.000 0.000 0.199 0.272 0.139 0.001 0.000 0.000 0.000 0.000 0.000 0.000 0.000 0.124 0.066 0.000 0.000
0.077 0.217 0.955 0.983 0.000 0.981 0.779 0.000 0.000 0.000 0.000 0.000 0.000 0.000 0.000 0.000 0.000 0.000 0.670 0.857 0.920 0.741 0.005 0.008 0.000 0.000 0.000 0.000 0.000 0.000 0.000 0.000 0.000 0.000
0.101 0.948 0.986 0.957 0.981 0.000 0.982 0.816 0.000 0.000 0.000 0.000 0.000 0.000 0.000 0.000 0.000 0.976 0.974 1.000 0.913 0.084 0.127 0.005 0.918 0.858 0.988 0.000 0.106 0.019 0.966 0.035 0.014 0.035
0.117 0.899 0.048 0.001 0.779 0.982 0.000 0.981 0.998 0.000 0.000 0.000 0.000 0.000 0.000 0.000 0.958 0.994 0.999 0.963 0.713 0.000 0.000 0.116 0.000 0.000 0.000 0.000 0.000 0.000 0.183 0.000 0.000 0.000
0.089 0.950 0.062 0.000 0.000 0.816 0.981 0.000 1.000 0.999 0.000 0.000 0.000 0.000 0.008 1.000 0.997 0.999 0.936 0.000 0.009 0.000 0.000 0.000 0.000 0.000 0.000 0.000 0.000 0.036 0.033 0.480 0.000 0.000
0.001 0.001 0.000 0.000 0.000 0.000 0.998 1.000 0.000 0.997 0.995 0.000 0.000 0.000 0.982 0.996 1.000 0.997 0.998 0.003 0.240 0.000 0.000 0.274 0.000 0.150 0.000 0.000 0.000 0.000 0.000 0.000 0.000 0.000
0.000 0.000 0.000 0.000 0.000 0.000 0.000 0.999 0.997 0.000 1.000 0.995 0.047 0.987 0.997 0.999 0.972 0.000 0.000 0.000 0.000 0.000 0.000 0.000 0.000 0.000 0.000 0.011 0.000 0.000 0.000 0.000 0.000 0.000
0.000 0.000 0.000 0.000 0.000 0.000 0.000 0.000 0.995 1.000 0.000 1.000 1.000 0.991 0.998 0.996 0.999 0.000 0.000 0.000 0.000 0.000 0.000 0.000 0.000 0.000 0.000 0.993 0.000 0.000 0.000 0.000 0.000 0.000
0.000 0.000 0.000 0.000 0.000 0.000 0.000 0.000 0.000 0.995 1.000 0.000 0.998 0.997 0.790 0.000 0.077 0.000 0.000 0.000 0.000 0.000 0.000 0.000 0.000 0.000 0.000 0.000 0.000 0.000 0.000 0.000 0.000 0.000
0.000 0.000 0.000 0.000 0.000 0.000 0.000 0.000 0.000 0.047 1.000 0.998 0.000 0.999 1.000 0.000 0.000 0.000 0.000 0.000 0.000 0.004 0.000 0.000 0.000 0.000 0.000 0.206 0.000 0.000 0.000 0.000 0.000 0.000
0.000 0.000 0.000 0.000 0.000 0.000 0.000 0.000 0.000 0.987 0.991 0.997 0.999 0.000 0.999 0.994 0.000 0.000 0.000 0.000 0.000 0.004 0.000 0.000 0.000 0.000 0.000 0.000 0.000 0.000 0.000 0.000 0.000 0.000
0.000 0.000 0.000 0.000 0.000 0.000 0.000 0.008 0.982 0.997 0.998 0.790 1.000 0.999 0.000 1.000 0.973 0.001 0.000 0.000 0.000 0.003 0.000 0.000 0.000 0.000 0.000 0.945 0.058 0.000 0.000 0.000 0.000 0.000
0.000 0.003 0.000 0.000 0.000 0.000 0.000 1.000 0.996 0.999 0.996 0.000 0.000 0.994 1.000 0.000 0.993 0.995 0.000 0.000 0.000 0.000 0.000 0.000 0.000 0.000 0.142 0.986 0.073 0.185 0.000 0.192 0.000 0.000
0.000 0.001 0.000 0.000 0.000 0.000 0.958 0.997 1.000 0.972 0.999 0.077 0.000 0.000 0.973 0.993 0.000 1.000 0.996 0.000 0.001 0.000 0.000 0.004 0.002 0.989 0.987 1.000 0.428 0.004 0.000 0.000 0.000 0.000
0.014 0.940 0.139 0.000 0.000 0.976 0.994 0.999 0.997 0.000 0.000 0.000 0.000 0.000 0.001 0.995 1.000 0.000 1.000 0.938 0.000 0.000 0.000 0.000 0.958 0.997 1.000 1.000 0.999 0.983 0.950 0.687 0.004 0.000
0.000 0.174 0.000 0.000 0.670 0.974 0.999 0.936 0.998 0.000 0.000 0.000 0.000 0.000 0.000 0.000 0.996 1.000 0.000 0.993 0.902 0.001 0.004 0.871 0.990 1.000 0.975 0.000 0.000 0.000 0.067 0.000 0.000 0.000
0.000 0.000 0.000 0.199 0.857 1.000 0.963 0.000 0.003 0.000 0.000 0.000 0.000 0.000 0.000 0.000 0.000 0.938 0.993 0.000 0.972 0.947 0.984 1.000 0.999 0.943 0.310 0.000 0.000 0.000 0.002 0.000 0.000 0.000
0.056 0.055 0.027 0.272 0.920 0.913 0.713 0.009 0.240 0.000 0.000 0.000 0.000 0.000 0.000 0.000 0.001 0.000 0.902 0.972 0.000 0.984 0.935 0.984 0.213 0.000 0.000 0.000 0.000 0.000 0.000 0.000 0.000 0.000
0.000 0.000 0.016 0.139 0.741 0.084 0.000 0.000 0.000 0.000 0.000 0.000 0.004 0.004 0.003 0.000 0.000 0.000 0.001 0.947 0.984 0.000 0.977 0.925 0.142 0.000 0.000 0.000 0.000 0.000 0.000 0.000 0.000 0.000
0.000 0.000 0.000 0.001 0.005 0.127 0.000 0.000 0.000 0.000 0.000 0.000 0.000 0.000 0.000 0.000 0.000 0.000 0.004 0.984 0.935 0.977 0.000 0.985 0.975 0.001 0.000 0.000 0.000 0.000 0.000 0.000 0.000 0.000
0.000 0.000 0.000 0.000 0.008 0.005 0.116 0.000 0.274 0.000 0.000 0.000 0.000 0.000 0.000 0.000 0.004 0.000 0.871 1.000 0.984 0.925 0.985 0.000 0.993 0.960 0.000 0.000 0.000 0.000 0.000 0.000 0.000 0.000
0.000 0.000 0.000 0.000 0.000 0.918 0.000 0.000 0.000 0.000 0.000 0.000 0.000 0.000 0.000 0.000 0.002 0.958 0.990 0.999 0.213 0.142 0.975 0.993 0.000 0.987 0.971 0.000 0.000 0.000 0.000 0.000 0.000 0.001
0.000 0.000 0.000 0.000 0.000 0.858 0.000 0.000 0.150 0.000 0.000 0.000 0.000 0.000 0.000 0.000 0.989 0.997 1.000 0.943 0.000 0.000 0.001 0.960 0.987 0.000 0.998 0.982 0.000 0.000 0.000 0.000 0.000 0.001
0.000 0.001 0.001 0.000 0.000 0.988 0.000 0.000 0.000 0.000 0.000 0.000 0.000 0.000 0.000 0.142 0.987 1.000 0.975 0.310 0.000 0.000 0.000 0.000 0.971 0.998 0.000 1.000 0.994 0.761 0.950 0.022 0.058 0.032
0.000 0.000 0.000 0.000 0.000 0.000 0.000 0.000 0.000 0.011 0.993 0.000 0.206 0.000 0.945 0.986 1.000 1.000 0.000 0.000 0.000 0.000 0.000 0.000 0.000 0.982 1.000 0.000 0.990 0.933 0.011 0.000 0.001 0.000
0.000 0.001 0.000 0.000 0.000 0.106 0.000 0.000 0.000 0.000 0.000 0.000 0.000 0.000 0.058 0.073 0.428 0.999 0.000 0.000 0.000 0.000 0.000 0.000 0.000 0.000 0.994 0.990 0.000 0.995 0.984 0.002 0.651 0.025
0.068 0.666 0.305 0.000 0.000 0.019 0.000 0.036 0.000 0.000 0.000 0.000 0.000 0.000 0.000 0.185 0.004 0.983 0.000 0.000 0.000 0.000 0.000 0.000 0.000 0.000 0.761 0.933 0.995 0.000 0.998 0.997 0.994 0.066
0.039 0.803 0.858 0.124 0.000 0.966 0.183 0.033 0.000 0.000 0.000 0.000 0.000 0.000 0.000 0.000 0.000 0.950 0.067 0.002 0.000 0.000 0.000 0.000 0.000 0.000 0.950 0.011 0.984 0.998 0.000 0.992 0.994 0.091
0.767 0.958 0.941 0.066 0.000 0.035 0.000 0.480 0.000 0.000 0.000 0.000 0.000 0.000 0.000 0.192 0.000 0.687 0.000 0.000 0.000 0.000 0.000 0.000 0.000 0.000 0.022 0.000 0.002 0.997 0.992 0.000 0.998 0.974
0.001 0.000 0.009 0.000 0.000 0.014 0.000 0.000 0.000 0.000 0.000 0.000 0.000 0.000 0.000 0.000 0.000 0.004 0.000 0.000 0.000 0.000 0.000 0.000 0.000 0.000 0.058 0.001 0.651 0.994 0.994 0.998 0.000 0.993
0.000 0.000 0.009 0.000 0.000 0.035 0.000 0.000 0.000 0.000 0.000 0.000 0.000 0.000 0.000 0.000 0.000 0.000 0.000 0.000 0.000 0.000 0.000 0.000 0.001 0.001 0.032 0.000 0.025 0.066 0.091 0.974 0.993 0.000
