0.000 0.997 0.971 0.013 0.438 0.251 0.432 0.000 0.000 0.000 0.000 0.000 0.000 0.000 0.000 0.000 0.064 0.000 0.000 0.038 0.000 0.000 0.000 0.000 0.000 0.000 0.000 0.000 0.572 0.309 0.342 0.296 0.037
0.997 0.000 1.000 0.983 0.994 0.518 0.534 0.000 0.000 0.000 0.000 0.000 0.000 0.000 0.003 0.000 0.608 0.013 0.032 0.210 0.000 0.000 0.000 0.000 0.000 0.079 0.000 0.000 0.661 1.000 0.888 0.462 0.225
0.971 1.000 0.000 0.999 1.000 0.000 0.000 0.000 0.000 0.000 0.000 0.000 0.000 0.000 0.000 0.000 0.000 0.000 0.321 0.189 0.066 0.000 0.000 0.000 0.000 0.000 0.000 0.000 0.004 0.214 0.248 0.138 0.083
0.013 0.983 0.999 0.000 1.000 1.000 0.000 0.000 0.000 0.000 0.000 0.000 0.000 0.000 0.000 0.000 0.000 0.985 0.992 0.999 0.936 0.025 0.000 0.000 0.000 0.000 0.000 0.000 0.000 0.000 0.000 0.000 0.021
0.438 0.994 1.000 1.000 0.000 1.000 0.975 0.000 0.000 0.000 0.000 0.000 0.000 0.000 0.000 0.000 0.999 1.000 1.000 0.996 0.025 0.319 0.001 0.947 0.941 0.997 0.000 0.011 0.000 0.992 0.090 0.013 0.052
0.251 0.518 0.000 1.000 1.000 0.000 0.992 1.000 0.000 0.000 0.000 0.000 0.000 0.000 0.000 0.989 1.000 1.000 0.991 0.923 0.000 0.000 0.208 0.000 0.000 0.000 0.000 0.000 0.000 0.299 0.000 0.000 0.000
0.432 0.534 0.000 0.000 0.975 0.992 0.000 1.000 0.983 0.000 0.000 0.000 0.000 0.000 0.982 1.000 0.999 0.974 0.000 0.016 0.000 0.000 0.000 0.000 0.000 0.000 0.000 0.000 0.678 0.120 0.001 0.000 0.001
0.000 0.000 0.000 0.000 0.000 1.000 1.000 0.000 0.998 0.912 0.000 0.000 0.000 0.937 0.992 1.000 0.995 0.999 0.007 0.202 0.000 0.000 0.347 0.000 0.105 0.000 0.003 0.000 0.000 0.000 0.000 0.000 0.000
0.000 0.000 0.000 0.000 0.000 0.000 0.983 0.998 0.000 0.992 0.854 0.023 0.770 0.988 0.995 0.990 0.000 0.000 0.000 0.000 0.000 0.000 0.000 0.000 0.000 0.000 0.061 0.000 0.002 0.000 0.000 0.000 0.000
0.000 0.000 0.000 0.000 0.000 0.000 0.000 0.912 0.992 0.000 0.978 0.971 0.977 0.997 0.931 0.978 0.000 0.000 0.000 0.000 0.000 0.000 0.000 0.000 0.000 0.000 0.948 0.000 0.000 0.000 0.000 0.000 0.000
0.000 0.000 0.000 0.000 0.000 0.000 0.000 0.000 0.854 0.978 0.000 0.993 0.927 0.848 0.000 0.317 0.000 0.000 0.000 0.000 0.000 0.000 0.000 0.000 0.000 0.000 0.038 0.000 0.000 0.000 0.000 0.000 0.000
0.000 0.000 0.000 0.000 0.000 0.000 0.000 0.000 0.023 0.971 0.993 0.000 0.969 0.972 0.000 0.000 0.000 0.000 0.000 0.000 0.000 0.000 0.000 0.000 0.000 0.000 0.064 0.000 0.000 0.000 0.000 0.000 0.000
0.000 0.000 0.000 0.000 0.000 0.000 0.000 0.000 0.770 0.977 0.927 0.969 0.000 0.984 0.898 0.000 0.000 0.000 0.000 0.000 0.000 0.000 0.000 0.000 0.000 0.000 0.000 0.000 0.000 0.000 0.000 0.000 0.000
0.000 0.000 0.000 0.000 0.000 0.000 0.000 0.937 0.988 0.997 0.848 0.972 0.984 0.000 0.985 0.969 0.000 0.000 0.000 0.000 0.000 0.000 0.000 0.000 0.000 0.000 0.959 0.000 0.000 0.000 0.000 0.000 0.000
0.000 0.003 0.000 0.000 0.000 0.000 0.982 0.992 0.995 0.931 0.000 0.000 0.898 0.985 0.000 0.996 0.998 0.000 0.000 0.000 0.000 0.000 0.000 0.000 0.000 0.163 0.990 0.025 0.539 0.000 0.000 0.000 0.000
0.000 0.000 0.000 0.000 0.000 0.989 1.000 1.000 0.990 0.978 0.317 0.000 0.000 0.969 0.996 0.000 1.000 0.995 0.000 0.000 0.000 0.000 0.000 0.000 0.959 0.994 0.992 0.361 0.001 0.000 0.000 0.000 0.000
0.064 0.608 0.000 0.000 0.999 1.000 0.999 0.995 0.000 0.000 0.000 0.000 0.000 0.000 0.998 1.000 0.000 0.998 0.981 0.000 0.000 0.000 0.000 0.897 0.934 0.997 0.980 0.992 0.998 1.000 0.008 0.000 0.034
0.000 0.013 0.000 0.985 1.000 1.000 0.974 0.999 0.000 0.000 0.000 0.000 0.000 0.000 0.000 0.995 0.998 0.000 1.000 0.999 0.001 0.001 0.971 0.967 0.981 0.983 0.000 0.000 0.000 0.187 0.000 0.000 0.000
0.000 0.032 0.321 0.992 1.000 0.991 0.000 0.007 0.000 0.000 0.000 0.000 0.000 0.000 0.000 0.000 0.981 1.000 0.000 1.000 1.000 0.980 0.982 0.978 0.951 0.280 0.000 0.000 0.000 0.064 0.000 0.000 0.018
0.038 0.210 0.189 0.999 0.996 0.923 0.016 0.202 0.000 0.000 0.000 0.000 0.000 0.000 0.000 0.000 0.000 0.999 1.000 0.000 0.996 0.948 0.975 0.063 0.000 0.000 0.000 0.000 0.000 0.000 0.000 0.000 0.000
0.000 0.000 0.066 0.936 0.025 0.000 0.000 0.000 0.000 0.000 0.000 0.000 0.000 0.000 0.000 0.000 0.000 0.001 1.000 0.996 0.000 1.000 1.000 0.155 0.000 0.000 0.000 0.000 0.000 0.000 0.000 0.000 0.000
0.000 0.000 0.000 0.025 0.319 0.000 0.000 0.000 0.000 0.000 0.000 0.000 0.000 0.000 0.000 0.000 0.000 0.001 0.980 0.948 1.000 0.000 1.000 1.000 0.000 0.000 0.000 0.000 0.000 0.000 0.000 0.000 0.002
0.000 0.000 0.000 0.000 0.001 0.208 0.000 0.347 0.000 0.000 0.000 0.000 0.000 0.000 0.000 0.000 0.000 0.971 0.982 0.975 1.000 1.000 0.000 0.999 0.992 0.000 0.000 0.000 0.000 0.000 0.000 0.000 0.000
0.000 0.000 0.000 0.000 0.947 0.000 0.000 0.000 0.000 0.000 0.000 0.000 0.000 0.000 0.000 0.000 0.897 0.967 0.978 0.063 0.155 1.000 0.999 0.000 1.000 0.966 0.000 0.000 0.000 0.000 0.000 0.000 0.000
0.000 0.000 0.000 0.000 0.941 0.000 0.000 0.105 0.000 0.000 0.000 0.000 0.000 0.000 0.000 0.959 0.934 0.981 0.951 0.000 0.000 0.000 0.992 1.000 0.000 0.990 0.966 0.000 0.000 0.000 0.000 0.000 0.000
0.000 0.079 0.000 0.000 0.997 0.000 0.000 0.000 0.000 0.000 0.000 0.000 0.000 0.000 0.163 0.994 0.997 0.983 0.280 0.000 0.000 0.000 0.000 0.966 0.990 0.000 0.998 0.989 0.879 0.988 0.368 0.000 0.012
0.000 0.000 0.000 0.000 0.000 0.000 0.000 0.003 0.061 0.948 0.038 0.064 0.000 0.959 0.990 0.992 0.980 0.000 0.000 0.000 0.000 0.000 0.000 0.000 0.966 0.998 0.000 1.000 0.977 0.026 0.000 0.000 0.000
0.000 0.000 0.000 0.000 0.011 0.000 0.000 0.000 0.000 0.000 0.000 0.000 0.000 0.000 0.025 0.361 0.992 0.000 0.000 0.000 0.000 0.000 0.000 0.000 0.000 0.989 1.000 0.000 0.998 0.987 0.315 0.073 0.402
0.572 0.661 0.004 0.000 0.000 0.000 0.678 0.000 0.002 0.000 0.000 0.000 0.000 0.000 0.539 0.001 0.998 0.000 0.000 0.000 0.000 0.000 0.000 0.000 0.000 0.879 0.977 0.998 0.000 0.996 0.991 0.307 0.359
0.309 1.000 0.214 0.000 0.992 0.299 0.120 0.000 0.000 0.000 0.000 0.000 0.000 0.000 0.000 0.000 1.000 0.187 0.064 0.000 0.000 0.000 0.000 0.000 0.000 0.988 0.026 0.987 0.996 0.000 0.989 0.960 0.016
0.342 0.888 0.248 0.000 0.090 0.000 0.001 0.000 0.000 0.000 0.000 0.000 0.000 0.000 0.000 0.000 0.008 0.000 0.000 0.000 0.000 0.000 0.000 0.000 0.000 0.368 0.000 0.315 0.991 0.989 0.000 1.000 0.962
0.296 0.462 0.138 0.000 0.013 0.000 0.000 0.000 0.000 0.000 0.000 0.000 0.000 0.000 0.000 0.000 0.000 0.000 0.000 0.000 0.000 0.000 0.000 0.000 0.000 0.000 0.000 0.073 0.307 0.960 1.000 0.000 0.996
0.037 0.225 0.083 0.021 0.052 0.000 0.001 0.000 0.000 0.000 0.000 0.000 0.000 0.000 0.000 0.000 0.034 0.000 0.018 0.000 0.000 0.002 0.000 0.000 0.000 0.012 0.000 0.402 0.359 0.016 0.962 0.996 0.000
