0.000 0.984 0.930 0.096 0.087 0.051 0.006 0.002 0.000 0.000 0.000 0.007 0.055 0.086 0.124 0.029 0.051 0.000 0.000 0.000 0.000 0.000 0.000 0.005 0.000 0.000 0.000 0.000 0.000 0.011 0.000 0.001 0.000 0.016 0.062 0.034 0.019
0.984 0.000 0.986 0.975 0.209 0.047 0.003 0.000 0.000 0.000 0.000 0.006 0.007 0.084 0.111 0.021 0.014 0.002 0.000 0.000 0.000 0.000 0.003 0.025 0.000 0.000 0.000 0.000 0.000 0.000 0.000 0.000 0.000 0.003 0.028 0.007 0.018
0.930 0.986 0.000 0.997 0.927 0.119 0.031 0.000 0.002 0.000 0.000 0.001 0.009 0.142 0.150 0.070 0.015 0.000 0.000 0.000 0.000 0.000 0.001 0.014 0.000 0.000 0.000 0.000 0.000 0.001 0.000 0.000 0.000 0.001 0.017 0.005 0.020
0.096 0.975 0.997 0.000 0.979 0.800 0.093 0.001 0.015 0.000 0.000 0.000 0.000 0.018 0.052 0.000 0.001 0.000 0.000 0.000 0.000 0.000 0.001 0.034 0.000 0.000 0.000 0.000 0.000 0.000 0.000 0.000 0.000 0.000 0.021 0.003 0.066
0.087 0.209 0.927 0.979 0.000 0.966 0.895 0.023 0.010 0.000 0.000 0.000 0.000 0.000 0.005 0.000 0.001 0.000 0.000 0.000 0.000 0.000 0.014 0.156 0.000 0.000 0.000 0.000 0.000 0.000 0.000 0.000 0.000 0.000 0.521 0.016 0.062
0.051 0.047 0.119 0.800 0.966 0.000 0.996 0.970 0.191 0.000 0.000 0.000 0.000 0.000 0.000 0.000 0.000 0.000 0.000 0.000 0.000 0.022 0.414 0.070 0.000 0.000 0.000 0.000 0.000 0.000 0.000 0.000 0.015 0.000 0.981 0.363 0.108
0.006 0.003 0.031 0.093 0.895 0.996 0.000 1.000 0.962 0.000 0.000 0.000 0.000 0.000 0.000 0.000 0.000 0.000 0.000 0.000 0.922 0.998 0.987 0.999 0.910 0.000 0.000 0.000 0.000 0.000 0.000 0.000 0.000 0.000 0.941 0.022 0.004
0.002 0.000 0.000 0.001 0.023 0.970 1.000 0.000 0.992 0.866 0.000 0.000 0.000 0.000 0.000 0.000 0.000 0.000 0.007 0.948 0.991 1.000 0.979 0.238 0.538 0.000 0.969 0.899 0.938 0.000 0.017 0.000 0.994 0.130 0.980 0.991 0.065
0.000 0.000 0.002 0.015 0.010 0.191 0.962 0.992 0.000 0.996 0.988 0.000 0.000 0.000 0.000 0.000 0.000 0.000 0.922 0.978 0.994 0.979 0.993 0.000 0.000 0.000 0.000 0.000 0.000 0.000 0.000 0.000 0.440 0.000 0.002 0.943 0.005
0.000 0.000 0.000 0.000 0.000 0.000 0.000 0.866 0.996 0.000 0.993 0.990 0.000 0.000 0.000 0.000 0.000 0.972 0.978 0.989 0.961 0.000 0.001 0.000 0.000 0.000 0.000 0.000 0.000 0.000 0.000 0.549 0.013 0.000 0.000 0.900 0.026
0.000 0.000 0.000 0.000 0.000 0.000 0.000 0.000 0.988 0.993 0.000 0.999 0.908 0.001 0.000 0.000 0.896 0.964 1.000 0.977 0.997 0.001 0.699 0.000 0.000 0.046 0.000 0.334 0.000 0.000 0.000 0.000 0.000 0.000 0.000 0.001 0.000
0.007 0.006 0.001 0.000 0.000 0.000 0.000 0.000 0.000 0.990 0.999 0.000 0.984 0.931 0.033 0.973 0.976 0.999 0.997 0.001 0.000 0.000 0.000 0.000 0.000 0.000 0.000 0.000 0.000 0.064 0.000 0.000 0.000 0.000 0.000 0.000 0.000
0.055 0.007 0.009 0.000 0.000 0.000 0.000 0.000 0.000 0.000 0.908 0.984 0.000 0.998 0.994 0.995 0.999 0.979 0.989 0.000 0.000 0.000 0.000 0.000 0.000 0.000 0.000 0.000 0.000 0.977 0.000 0.000 0.000 0.000 0.000 0.000 0.000
0.086 0.084 0.142 0.018 0.000 0.000 0.000 0.000 0.000 0.000 0.001 0.931 0.998 0.000 0.999 0.995 0.644 0.000 0.059 0.000 0.000 0.000 0.000 0.000 0.000 0.000 0.000 0.000 0.000 0.000 0.000 0.000 0.000 0.000 0.000 0.000 0.000
0.124 0.111 0.150 0.052 0.005 0.000 0.000 0.000 0.000 0.000 0.000 0.033 0.994 0.999 0.000 0.995 0.999 0.000 0.000 0.000 0.000 0.000 0.000 0.000 0.000 0.000 0.000 0.000 0.000 0.135 0.000 0.000 0.000 0.000 0.000 0.000 0.000
0.029 0.021 0.070 0.000 0.000 0.000 0.000 0.000 0.000 0.000 0.000 0.973 0.995 0.995 0.995 0.000 0.992 0.974 0.000 0.000 0.000 0.000 0.000 0.000 0.000 0.000 0.000 0.000 0.000 0.000 0.000 0.000 0.000 0.000 0.000 0.000 0.000
0.051 0.014 0.015 0.001 0.001 0.000 0.000 0.000 0.000 0.000 0.896 0.976 0.999 0.644 0.999 0.992 0.000 0.999 0.977 0.000 0.000 0.000 0.000 0.000 0.000 0.000 0.000 0.000 0.000 0.954 0.004 0.000 0.000 0.000 0.000 0.000 0.000
0.000 0.002 0.000 0.000 0.000 0.000 0.000 0.000 0.000 0.972 0.964 0.999 0.979 0.000 0.000 0.974 0.999 0.000 0.995 0.989 0.000 0.000 0.000 0.000 0.000 0.000 0.000 0.000 0.044 0.985 0.003 0.153 0.000 0.000 0.000 0.001 0.000
0.000 0.000 0.000 0.000 0.000 0.000 0.000 0.007 0.922 0.978 1.000 0.997 0.989 0.059 0.000 0.000 0.977 0.995 0.000 0.999 0.986 0.001 0.000 0.000 0.000 0.000 0.047 0.998 0.983 0.992 0.298 0.000 0.000 0.000 0.000 0.001 0.000
0.000 0.000 0.000 0.000 0.000 0.000 0.000 0.948 0.978 0.989 0.977 0.001 0.000 0.000 0.000 0.000 0.000 0.989 0.999 0.000 0.991 0.900 0.000 0.000 0.000 0.000 0.945 0.993 0.998 0.967 0.995 0.996 0.979 0.000 0.000 0.920 0.005
0.000 0.000 0.000 0.000 0.000 0.000 0.922 0.991 0.994 0.961 0.997 0.000 0.000 0.000 0.000 0.000 0.000 0.000 0.986 0.991 0.000 0.998 0.982 0.011 0.000 0.996 0.989 0.990 0.957 0.000 0.000 0.000 0.351 0.000 0.000 0.429 0.000
0.000 0.000 0.000 0.000 0.000 0.022 0.998 1.000 0.979 0.000 0.001 0.000 0.000 0.000 0.000 0.000 0.000 0.000 0.001 0.900 0.998 0.000 0.999 0.992 1.000 1.000 0.989 0.904 0.159 0.000 0.000 0.000 0.033 0.000 0.064 0.000 0.000
0.000 0.003 0.001 0.001 0.014 0.414 0.987 0.979 0.993 0.001 0.699 0.000 0.000 0.000 0.000 0.000 0.000 0.000 0.000 0.000 0.982 0.999 0.000 0.988 0.944 0.994 0.318 0.000 0.000 0.000 0.000 0.000 0.000 0.000 0.000 0.000 0.000
0.005 0.025 0.014 0.034 0.156 0.070 0.999 0.238 0.000 0.000 0.000 0.000 0.000 0.000 0.000 0.000 0.000 0.000 0.000 0.000 0.011 0.992 0.988 0.000 1.000 0.974 0.132 0.000 0.000 0.000 0.000 0.000 0.000 0.000 0.044 0.000 0.000
0.000 0.000 0.000 0.000 0.000 0.000 0.910 0.538 0.000 0.000 0.000 0.000 0.000 0.000 0.000 0.000 0.000 0.000 0.000 0.000 0.000 1.000 0.944 1.000 0.000 0.977 0.973 0.000 0.000 0.000 0.000 0.000 0.000 0.000 0.000 0.000 0.000
0.000 0.000 0.000 0.000 0.000 0.000 0.000 0.000 0.000 0.000 0.046 0.000 0.000 0.000 0.000 0.000 0.000 0.000 0.000 0.000 0.996 1.000 0.994 0.974 0.977 0.000 0.996 0.946 0.000 0.000 0.000 0.000 0.000 0.000 0.000 0.000 0.000
0.000 0.000 0.000 0.000 0.000 0.000 0.000 0.969 0.000 0.000 0.000 0.000 0.000 0.000 0.000 0.000 0.000 0.000 0.047 0.945 0.989 0.989 0.318 0.132 0.973 0.996 0.000 0.985 0.969 0.001 0.000 0.000 0.000 0.000 0.000 0.000 0.000
0.000 0.000 0.000 0.000 0.000 0.000 0.000 0.899 0.000 0.000 0.334 0.000 0.000 0.000 0.000 0.000 0.000 0.000 0.998 0.993 0.990 0.904 0.000 0.000 0.000 0.946 0.985 0.000 1.000 0.944 0.000 0.000 0.000 0.000 0.000 0.000 0.000
0.000 0.000 0.000 0.000 0.000 0.000 0.000 0.938 0.000 0.000 0.000 0.000 0.000 0.000 0.000 0.000 0.000 0.044 0.983 0.998 0.957 0.159 0.000 0.000 0.000 0.000 0.969 1.000 0.000 0.968 0.982 0.852 0.930 0.001 0.000 0.000 0.000
0.011 0.000 0.001 0.000 0.000 0.000 0.000 0.000 0.000 0.000 0.000 0.064 0.977 0.000 0.135 0.000 0.954 0.985 0.992 0.967 0.000 0.000 0.000 0.000 0.000 0.000 0.001 0.944 0.968 0.000 0.999 0.898 0.011 0.000 0.000 0.000 0.000
0.000 0.000 0.000 0.000 0.000 0.000 0.000 0.017 0.000 0.000 0.000 0.000 0.000 0.000 0.000 0.000 0.004 0.003 0.298 0.995 0.000 0.000 0.000 0.000 0.000 0.000 0.000 0.000 0.982 0.999 0.000 0.989 0.926 0.027 0.000 0.000 0.178
0.001 0.000 0.000 0.000 0.000 0.000 0.000 0.000 0.000 0.549 0.000 0.000 0.000 0.000 0.000 0.000 0.000 0.153 0.000 0.996 0.000 0.000 0.000 0.000 0.000 0.000 0.000 0.000 0.852 0.898 0.989 0.000 0.995 0.880 0.007 0.980 0.904
0.000 0.000 0.000 0.000 0.000 0.015 0.000 0.994 0.440 0.013 0.000 0.000 0.000 0.000 0.000 0.000 0.000 0.000 0.000 0.979 0.351 0.033 0.000 0.000 0.000 0.000 0.000 0.000 0.930 0.011 0.926 0.995 0.000 0.954 0.989 1.000 0.785
0.016 0.003 0.001 0.000 0.000 0.000 0.000 0.130 0.000 0.000 0.000 0.000 0.000 0.000 0.000 0.000 0.000 0.000 0.000 0.000 0.000 0.000 0.000 0.000 0.000 0.000 0.000 0.000 0.001 0.000 0.027 0.880 0.954 0.000 0.983 0.941 0.887
0.062 0.028 0.017 0.021 0.521 0.981 0.941 0.980 0.002 0.000 0.000 0.000 0.000 0.000 0.000 0.000 0.000 0.000 0.000 0.000 0.000 0.064 0.000 0.044 0.000 0.000 0.000 0.000 0.000 0.000 0.000 0.007 0.989 0.983 0.000 0.989 0.955
0.034 0.007 0.005 0.003 0.016 0.363 0.022 0.991 0.943 0.900 0.001 0.000 0.000 0.000 0.000 0.000 0.000 0.001 0.001 0.920 0.429 0.000 0.000 0.000 0.000 0.000 0.000 0.000 0.000 0.000 0.000 0.980 1.000 0.941 0.989 0.000 0.976
0.019 0.018 0.020 0.066 0.062 0.108 0.004 0.065 0.005 0.026 0.000 0.000 0.000 0.000 0.000 0.000 0.000 0.000 0.000 0.005 0.000 0.000 0.000 0.000 0.000 0.000 0.000 0.000 0.000 0.000 0.178 0.904 0.785 0.887 0.955 0.976 0.000
