0.000 0.990 0.953 0.467 0.852 0.551 0.564 0.439 0.007 0.006 0.000 0.000 0.000 0.000 0.000 0.000 0.000 0.000 0.000 0.000 0.000 0.102 0.002 0.401 0.000 0.000 0.000 0.000 0.000 0.000 0.000 0.000 0.037 0.126 0.579 0.004 0.002
0.990 0.000 0.985 0.908 0.973 0.212 0.511 0.085 0.057 0.014 0.000 0.000 0.000 0.000 0.001 0.000 0.000 0.000 0.000 0.000 0.002 0.046 0.030 0.463 0.001 0.000 0.000 0.000 0.000 0.000 0.000 0.000 0.000 0.011 0.180 0.024 0.000
0.953 0.985 0.000 0.991 0.979 0.120 0.003 0.000 0.010 0.001 0.000 0.003 0.001 0.011 0.028 0.037 0.016 0.000 0.000 0.000 0.000 0.000 0.015 0.181 0.000 0.000 0.000 0.000 0.000 0.000 0.000 0.000 0.000 0.000 0.001 0.000 0.000
0.467 0.908 0.991 0.000 0.981 0.904 0.045 0.005 0.002 0.000 0.000 0.001 0.000 0.000 0.002 0.003 0.000 0.000 0.000 0.000 0.000 0.000 0.019 0.049 0.000 0.000 0.000 0.000 0.000 0.000 0.000 0.000 0.000 0.008 0.007 0.001 0.002
0.852 0.973 0.979 0.981 0.000 0.997 0.961 0.029 0.005 0.000 0.000 0.000 0.000 0.005 0.006 0.000 0.000 0.000 0.000 0.000 0.000 0.000 0.028 0.317 0.000 0.000 0.000 0.000 0.000 0.000 0.000 0.000 0.000 0.000 0.657 0.007 0.003
0.551 0.212 0.120 0.904 0.997 0.000 0.993 0.966 0.215 0.011 0.000 0.000 0.000 0.000 0.000 0.000 0.000 0.000 0.000 0.002 0.000 0.000 0.463 0.257 0.000 0.000 0.000 0.000 0.000 0.000 0.000 0.000 0.001 0.001 0.845 0.275 0.001
0.564 0.511 0.003 0.045 0.961 0.993 0.000 1.000 0.834 0.000 0.000 0.000 0.000 0.000 0.000 0.000 0.000 0.000 0.000 0.000 0.810 0.995 0.983 1.000 0.849 0.000 0.001 0.000 0.000 0.000 0.000 0.000 0.001 0.000 0.941 0.071 0.000
0.439 0.085 0.000 0.005 0.029 0.966 1.000 0.000 0.981 0.706 0.002 0.000 0.000 0.000 0.000 0.000 0.000 0.000 0.000 0.930 0.988 1.000 0.989 0.138 0.474 0.000 0.972 0.917 0.985 0.000 0.076 0.001 0.991 0.123 0.958 0.965 0.000
0.007 0.057 0.010 0.002 0.005 0.215 0.834 0.981 0.000 0.975 0.929 0.000 0.000 0.000 0.000 0.000 0.000 0.000 0.870 0.992 0.997 0.900 0.977 0.000 0.000 0.000 0.000 0.000 0.000 0.000 0.000 0.000 0.402 0.000 0.001 0.838 0.000
0.006 0.014 0.001 0.000 0.000 0.011 0.000 0.706 0.975 0.000 0.998 0.995 0.000 0.000 0.000 0.000 0.000 0.983 0.985 0.994 0.911 0.000 0.000 0.000 0.000 0.000 0.000 0.000 0.000 0.000 0.000 0.462 0.033 0.000 0.000 0.840 0.115
0.000 0.000 0.000 0.000 0.000 0.000 0.000 0.002 0.929 0.998 0.000 1.000 0.963 0.239 0.000 0.000 0.907 0.973 0.996 0.976 0.886 0.000 0.002 0.000 0.000 0.000 0.003 0.590 0.372 0.135 0.000 0.000 0.000 0.000 0.000 0.001 0.000
0.000 0.000 0.003 0.001 0.000 0.000 0.000 0.000 0.000 0.995 1.000 0.000 0.993 0.941 0.037 0.942 0.982 0.999 0.979 0.013 0.000 0.000 0.000 0.000 0.000 0.000 0.000 0.000 0.000 0.014 0.000 0.004 0.000 0.000 0.000 0.000 0.000
0.000 0.000 0.001 0.000 0.000 0.000 0.000 0.000 0.000 0.000 0.963 0.993 0.000 0.996 0.998 0.993 0.999 0.970 0.981 0.000 0.000 0.000 0.000 0.000 0.000 0.000 0.000 0.004 0.000 0.092 0.000 0.000 0.000 0.000 0.000 0.000 0.000
0.000 0.000 0.011 0.000 0.005 0.000 0.000 0.000 0.000 0.000 0.239 0.941 0.996 0.000 0.996 0.978 0.560 0.000 0.001 0.000 0.000 0.000 0.000 0.002 0.000 0.000 0.000 0.000 0.000 0.000 0.000 0.000 0.000 0.000 0.000 0.000 0.000
0.000 0.001 0.028 0.002 0.006 0.000 0.000 0.000 0.000 0.000 0.000 0.037 0.998 0.996 0.000 0.990 1.000 0.001 0.008 0.000 0.000 0.000 0.000 0.008 0.000 0.000 0.000 0.000 0.000 0.025 0.000 0.000 0.000 0.000 0.000 0.000 0.000
0.000 0.000 0.037 0.003 0.000 0.000 0.000 0.000 0.000 0.000 0.000 0.942 0.993 0.978 0.990 0.000 0.994 0.979 0.000 0.000 0.000 0.000 0.000 0.000 0.000 0.000 0.000 0.000 0.000 0.000 0.000 0.000 0.000 0.000 0.000 0.000 0.000
0.000 0.000 0.016 0.000 0.000 0.000 0.000 0.000 0.000 0.000 0.907 0.982 0.999 0.560 1.000 0.994 0.000 0.997 0.968 0.004 0.000 0.000 0.000 0.000 0.000 0.000 0.000 0.000 0.000 0.522 0.019 0.000 0.000 0.000 0.000 0.000 0.000
0.000 0.000 0.000 0.000 0.000 0.000 0.000 0.000 0.000 0.983 0.973 0.999 0.970 0.000 0.001 0.979 0.997 0.000 0.993 0.991 0.000 0.000 0.000 0.000 0.000 0.000 0.000 0.000 0.188 0.825 0.043 0.239 0.000 0.000 0.000 0.007 0.000
0.000 0.000 0.000 0.000 0.000 0.000 0.000 0.000 0.870 0.985 0.996 0.979 0.981 0.001 0.008 0.000 0.968 0.993 0.000 0.994 0.888 0.000 0.000 0.000 0.000 0.000 0.001 0.814 0.907 0.957 0.159 0.000 0.000 0.000 0.000 0.001 0.000
0.000 0.000 0.000 0.000 0.000 0.002 0.000 0.930 0.992 0.994 0.976 0.013 0.000 0.000 0.000 0.000 0.004 0.991 0.994 0.000 0.999 0.844 0.000 0.000 0.000 0.000 0.836 0.964 0.986 0.972 0.963 0.991 0.949 0.000 0.000 0.914 0.029
0.000 0.002 0.000 0.000 0.000 0.000 0.810 0.988 0.997 0.911 0.886 0.000 0.000 0.000 0.000 0.000 0.000 0.000 0.888 0.999 0.000 0.991 0.955 0.006 0.000 0.890 0.970 0.994 0.955 0.018 0.000 0.000 0.209 0.000 0.000 0.226 0.000
0.102 0.046 0.000 0.000 0.000 0.000 0.995 1.000 0.900 0.000 0.000 0.000 0.000 0.000 0.000 0.000 0.000 0.000 0.000 0.844 0.991 0.000 0.998 1.000 0.989 0.990 0.989 0.927 0.146 0.000 0.000 0.000 0.041 0.000 0.087 0.000 0.000
0.002 0.030 0.015 0.019 0.028 0.463 0.983 0.989 0.977 0.000 0.002 0.000 0.000 0.000 0.000 0.000 0.000 0.000 0.000 0.000 0.955 0.998 0.000 0.978 0.919 0.963 0.185 0.000 0.000 0.000 0.000 0.000 0.000 0.000 0.001 0.000 0.000
0.401 0.463 0.181 0.049 0.317 0.257 1.000 0.138 0.000 0.000 0.000 0.000 0.000 0.002 0.008 0.000 0.000 0.000 0.000 0.000 0.006 1.000 0.978 0.000 0.998 0.956 0.103 0.000 0.000 0.000 0.000 0.000 0.000 0.000 0.033 0.000 0.000
0.000 0.001 0.000 0.000 0.000 0.000 0.849 0.474 0.000 0.000 0.000 0.000 0.000 0.000 0.000 0.000 0.000 0.000 0.000 0.000 0.000 0.989 0.919 0.998 0.000 0.986 0.988 0.000 0.000 0.000 0.000 0.000 0.000 0.000 0.000 0.000 0.000
0.000 0.000 0.000 0.000 0.000 0.000 0.000 0.000 0.000 0.000 0.000 0.000 0.000 0.000 0.000 0.000 0.000 0.000 0.000 0.000 0.890 0.990 0.963 0.956 0.986 0.000 0.991 0.934 0.000 0.000 0.000 0.000 0.000 0.000 0.000 0.000 0.000
0.000 0.000 0.000 0.000 0.000 0.000 0.001 0.972 0.000 0.000 0.003 0.000 0.000 0.000 0.000 0.000 0.000 0.000 0.001 0.836 0.970 0.989 0.185 0.103 0.988 0.991 0.000 0.977 0.969 0.000 0.000 0.000 0.000 0.000 0.000 0.000 0.000
0.000 0.000 0.000 0.000 0.000 0.000 0.000 0.917 0.000 0.000 0.590 0.000 0.004 0.000 0.000 0.000 0.000 0.000 0.814 0.964 0.994 0.927 0.000 0.000 0.000 0.934 0.977 0.000 1.000 0.881 0.000 0.000 0.000 0.000 0.000 0.000 0.000
0.000 0.000 0.000 0.000 0.000 0.000 0.000 0.985 0.000 0.000 0.372 0.000 0.000 0.000 0.000 0.000 0.000 0.188 0.907 0.986 0.955 0.146 0.000 0.000 0.000 0.000 0.969 1.000 0.000 0.980 0.967 0.748 0.898 0.002 0.000 0.000 0.000
0.000 0.000 0.000 0.000 0.000 0.000 0.000 0.000 0.000 0.000 0.135 0.014 0.092 0.000 0.025 0.000 0.522 0.825 0.957 0.972 0.018 0.000 0.000 0.000 0.000 0.000 0.000 0.881 0.980 0.000 0.999 0.883 0.008 0.000 0.000 0.000 0.000
0.000 0.000 0.000 0.000 0.000 0.000 0.000 0.076 0.000 0.000 0.000 0.000 0.000 0.000 0.000 0.000 0.019 0.043 0.159 0.963 0.000 0.000 0.000 0.000 0.000 0.000 0.000 0.000 0.967 0.999 0.000 0.991 0.938 0.055 0.000 0.000 0.170
0.000 0.000 0.000 0.000 0.000 0.000 0.000 0.001 0.000 0.462 0.000 0.004 0.000 0.000 0.000 0.000 0.000 0.239 0.000 0.991 0.000 0.000 0.000 0.000 0.000 0.000 0.000 0.000 0.748 0.883 0.991 0.000 0.984 0.853 0.016 0.970 0.950
0.037 0.000 0.000 0.000 0.000 0.001 0.001 0.991 0.402 0.033 0.000 0.000 0.000 0.000 0.000 0.000 0.000 0.000 0.000 0.949 0.209 0.041 0.000 0.000 0.000 0.000 0.000 0.000 0.898 0.008 0.938 0.984 0.000 0.991 0.942 0.988 0.406
0.126 0.011 0.000 0.008 0.000 0.001 0.000 0.123 0.000 0.000 0.000 0.000 0.000 0.000 0.000 0.000 0.000 0.000 0.000 0.000 0.000 0.000 0.000 0.000 0.000 0.000 0.000 0.000 0.002 0.000 0.055 0.853 0.991 0.000 0.999 0.969 0.522
0.579 0.180 0.001 0.007 0.657 0.845 0.941 0.958 0.001 0.000 0.000 0.000 0.000 0.000 0.000 0.000 0.000 0.000 0.000 0.000 0.000 0.087 0.001 0.033 0.000 0.000 0.000 0.000 0.000 0.000 0.000 0.016 0.942 0.999 0.000 0.971 0.856
0.004 0.024 0.000 0.001 0.007 0.275 0.071 0.965 0.838 0.840 0.001 0.000 0.000 0.000 0.000 0.000 0.000 0.007 0.001 0.914 0.226 0.000 0.000 0.000 0.000 0.000 0.000 0.000 0.000 0.000 0.000 0.970 0.988 0.969 0.971 0.000 0.988
0.002 0.000 0.000 0.002 0.003 0.001 0.000 0.000 0.000 0.115 0.000 0.000 0.000 0.000 0.000 0.000 0.000 0.000 0.000 0.029 0.000 0.000 0.000 0.000 0.000 0.000 0.000 0.000 0.000 0.000 0.170 0.950 0.406 0.522 0.856 0.988 0.000
