0.000 0.966 0.837 0.123 0.094 0.124 0.098 0.058 0.150 0.025 0.095 0.006 0.000 0.002 0.005 0.009 0.004 0.002 0.000 0.000 0.068 0.001 0.126 0.051 0.000 0.000 0.000 0.000 0.000 0.000 0.000 0.001 0.000 0.041 0.235 0.068 0.085
0.966 0.000 0.979 0.863 0.277 0.474 0.234 0.134 0.130 0.005 0.014 0.001 0.000 0.000 0.001 0.003 0.000 0.000 0.000 0.000 0.029 0.000 0.145 0.044 0.000 0.000 0.000 0.000 0.000 0.000 0.000 0.000 0.000 0.020 0.234 0.043 0.089
0.837 0.979 0.000 0.991 0.909 0.519 0.164 0.050 0.003 0.000 0.000 0.000 0.000 0.000 0.000 0.000 0.000 0.000 0.000 0.000 0.000 0.000 0.089 0.047 0.000 0.000 0.000 0.000 0.000 0.000 0.000 0.000 0.000 0.013 0.235 0.018 0.147
0.123 0.863 0.991 0.000 0.981 0.980 0.399 0.186 0.000 0.000 0.000 0.000 0.000 0.000 0.000 0.000 0.000 0.000 0.000 0.000 0.000 0.032 0.000 0.082 0.000 0.000 0.000 0.000 0.000 0.000 0.000 0.000 0.024 0.002 0.374 0.195 0.192
0.094 0.277 0.909 0.981 0.000 0.994 0.916 0.596 0.128 0.038 0.000 0.000 0.000 0.000 0.000 0.000 0.000 0.000 0.000 0.003 0.000 0.000 0.027 0.088 0.000 0.000 0.000 0.000 0.000 0.000 0.000 0.001 0.004 0.017 0.763 0.542 0.330
0.124 0.474 0.519 0.980 0.994 0.000 0.988 0.966 0.219 0.000 0.000 0.000 0.000 0.000 0.001 0.000 0.000 0.000 0.000 0.000 0.000 0.000 0.729 0.150 0.000 0.000 0.000 0.000 0.000 0.000 0.000 0.000 0.000 0.000 0.613 0.225 0.045
0.098 0.234 0.164 0.399 0.916 0.988 0.000 0.998 0.779 0.000 0.000 0.000 0.000 0.000 0.000 0.000 0.000 0.000 0.000 0.000 0.812 0.992 0.985 0.994 0.842 0.000 0.000 0.000 0.000 0.000 0.000 0.000 0.001 0.000 0.790 0.069 0.010
0.058 0.134 0.050 0.186 0.596 0.966 0.998 0.000 0.985 0.795 0.001 0.000 0.000 0.000 0.000 0.000 0.000 0.000 0.002 0.973 0.998 0.993 0.983 0.202 0.362 0.000 0.910 0.847 0.951 0.000 0.038 0.000 0.980 0.157 0.968 0.958 0.076
0.150 0.130 0.003 0.000 0.128 0.219 0.779 0.985 0.000 0.988 0.980 0.000 0.000 0.000 0.000 0.000 0.000 0.000 0.936 0.996 0.976 0.837 0.939 0.000 0.000 0.000 0.000 0.000 0.000 0.000 0.000 0.000 0.234 0.000 0.000 0.799 0.003
0.025 0.005 0.000 0.000 0.038 0.000 0.000 0.795 0.988 0.000 0.992 0.979 0.000 0.000 0.000 0.000 0.000 0.993 0.974 0.999 0.882 0.000 0.000 0.000 0.000 0.000 0.000 0.000 0.000 0.000 0.000 0.452 0.017 0.000 0.000 0.887 0.190
0.095 0.014 0.000 0.000 0.000 0.000 0.000 0.001 0.980 0.992 0.000 0.999 0.923 0.000 0.000 0.000 0.885 0.958 0.999 0.980 0.982 0.008 0.604 0.000 0.000 0.000 0.000 0.052 0.000 0.000 0.000 0.000 0.000 0.000 0.000 0.002 0.000
0.006 0.001 0.000 0.000 0.000 0.000 0.000 0.000 0.000 0.979 0.999 0.000 0.985 0.884 0.033 0.959 0.962 0.988 0.988 0.007 0.000 0.000 0.000 0.000 0.000 0.000 0.000 0.000 0.000 0.000 0.000 0.003 0.000 0.000 0.000 0.000 0.000
0.000 0.000 0.000 0.000 0.000 0.000 0.000 0.000 0.000 0.000 0.923 0.985 0.000 0.997 0.997 0.971 0.992 0.915 0.988 0.000 0.000 0.000 0.000 0.000 0.000 0.000 0.000 0.000 0.000 0.008 0.000 0.000 0.000 0.000 0.000 0.000 0.000
0.002 0.000 0.000 0.000 0.000 0.000 0.000 0.000 0.000 0.000 0.000 0.884 0.997 0.000 0.986 0.950 0.572 0.000 0.074 0.000 0.000 0.000 0.000 0.008 0.000 0.000 0.000 0.000 0.000 0.000 0.000 0.000 0.000 0.001 0.000 0.000 0.000
0.005 0.001 0.000 0.000 0.000 0.001 0.000 0.000 0.000 0.000 0.000 0.033 0.997 0.986 0.000 0.980 0.993 0.000 0.000 0.000 0.000 0.000 0.000 0.011 0.000 0.000 0.000 0.000 0.000 0.000 0.000 0.000 0.000 0.000 0.000 0.000 0.000
0.009 0.003 0.000 0.000 0.000 0.000 0.000 0.000 0.000 0.000 0.000 0.959 0.971 0.950 0.980 0.000 0.993 0.949 0.000 0.000 0.000 0.000 0.000 0.000 0.000 0.000 0.000 0.000 0.000 0.000 0.000 0.000 0.000 0.000 0.000 0.000 0.000
0.004 0.000 0.000 0.000 0.000 0.000 0.000 0.000 0.000 0.000 0.885 0.962 0.992 0.572 0.993 0.993 0.000 0.993 0.958 0.003 0.000 0.000 0.000 0.004 0.000 0.000 0.000 0.000 0.000 0.204 0.003 0.000 0.000 0.000 0.000 0.000 0.000
0.002 0.000 0.000 0.000 0.000 0.000 0.000 0.000 0.000 0.993 0.958 0.988 0.915 0.000 0.000 0.949 0.993 0.000 0.981 0.998 0.000 0.000 0.000 0.000 0.000 0.000 0.000 0.000 0.107 0.796 0.028 0.189 0.000 0.000 0.000 0.011 0.000
0.000 0.000 0.000 0.000 0.000 0.000 0.000 0.002 0.936 0.974 0.999 0.988 0.988 0.074 0.000 0.000 0.958 0.981 0.000 0.995 0.981 0.000 0.000 0.000 0.000 0.000 0.007 0.939 0.934 0.844 0.305 0.000 0.000 0.000 0.000 0.002 0.000
0.000 0.000 0.000 0.000 0.003 0.000 0.000 0.973 0.996 0.999 0.980 0.007 0.000 0.000 0.000 0.000 0.003 0.998 0.995 0.000 0.999 0.860 0.000 0.000 0.000 0.000 0.863 0.958 0.989 0.910 0.878 0.991 0.970 0.000 0.000 0.946 0.029
0.068 0.029 0.000 0.000 0.000 0.000 0.812 0.998 0.976 0.882 0.982 0.000 0.000 0.000 0.000 0.000 0.000 0.000 0.981 0.999 0.000 0.990 0.952 0.008 0.000 0.957 0.974 0.975 0.909 0.000 0.000 0.000 0.187 0.000 0.000 0.263 0.000
0.001 0.000 0.000 0.032 0.000 0.000 0.992 0.993 0.837 0.000 0.008 0.000 0.000 0.000 0.000 0.000 0.000 0.000 0.000 0.860 0.990 0.000 0.998 0.996 0.992 0.994 0.984 0.903 0.340 0.000 0.000 0.000 0.078 0.000 0.124 0.000 0.000
0.126 0.145 0.089 0.000 0.027 0.729 0.985 0.983 0.939 0.000 0.604 0.000 0.000 0.000 0.000 0.000 0.000 0.000 0.000 0.000 0.952 0.998 0.000 0.978 0.935 0.977 0.296 0.000 0.000 0.000 0.000 0.000 0.000 0.000 0.002 0.001 0.000
0.051 0.044 0.047 0.082 0.088 0.150 0.994 0.202 0.000 0.000 0.000 0.000 0.000 0.008 0.011 0.000 0.004 0.000 0.000 0.000 0.008 0.996 0.978 0.000 0.999 0.936 0.122 0.000 0.000 0.000 0.000 0.000 0.000 0.000 0.085 0.000 0.000
0.000 0.000 0.000 0.000 0.000 0.000 0.842 0.362 0.000 0.000 0.000 0.000 0.000 0.000 0.000 0.000 0.000 0.000 0.000 0.000 0.000 0.992 0.935 0.999 0.000 0.983 0.962 0.001 0.003 0.000 0.000 0.000 0.000 0.000 0.002 0.000 0.000
0.000 0.000 0.000 0.000 0.000 0.000 0.000 0.000 0.000 0.000 0.000 0.000 0.000 0.000 0.000 0.000 0.000 0.000 0.000 0.000 0.957 0.994 0.977 0.936 0.983 0.000 0.991 0.890 0.000 0.000 0.000 0.000 0.000 0.000 0.000 0.000 0.000
0.000 0.000 0.000 0.000 0.000 0.000 0.000 0.910 0.000 0.000 0.000 0.000 0.000 0.000 0.000 0.000 0.000 0.000 0.007 0.863 0.974 0.984 0.296 0.122 0.962 0.991 0.000 0.995 0.914 0.000 0.000 0.000 0.001 0.000 0.004 0.000 0.000
0.000 0.000 0.000 0.000 0.000 0.000 0.000 0.847 0.000 0.000 0.052 0.000 0.000 0.000 0.000 0.000 0.000 0.000 0.939 0.958 0.975 0.903 0.000 0.000 0.001 0.890 0.995 0.000 0.990 0.810 0.000 0.000 0.000 0.000 0.000 0.000 0.000
0.000 0.000 0.000 0.000 0.000 0.000 0.000 0.951 0.000 0.000 0.000 0.000 0.000 0.000 0.000 0.000 0.000 0.107 0.934 0.989 0.909 0.340 0.000 0.000 0.003 0.000 0.914 0.990 0.000 0.983 0.962 0.602 0.888 0.007 0.000 0.000 0.000
0.000 0.000 0.000 0.000 0.000 0.000 0.000 0.000 0.000 0.000 0.000 0.000 0.008 0.000 0.000 0.000 0.204 0.796 0.844 0.910 0.000 0.000 0.000 0.000 0.000 0.000 0.000 0.810 0.983 0.000 0.993 0.882 0.007 0.000 0.000 0.000 0.000
0.000 0.000 0.000 0.000 0.000 0.000 0.000 0.038 0.000 0.000 0.000 0.000 0.000 0.000 0.000 0.000 0.003 0.028 0.305 0.878 0.000 0.000 0.000 0.000 0.000 0.000 0.000 0.000 0.962 0.993 0.000 0.975 0.912 0.067 0.000 0.000 0.036
0.001 0.000 0.000 0.000 0.001 0.000 0.000 0.000 0.000 0.452 0.000 0.003 0.000 0.000 0.000 0.000 0.000 0.189 0.000 0.991 0.000 0.000 0.000 0.000 0.000 0.000 0.000 0.000 0.602 0.882 0.975 0.000 0.987 0.840 0.021 0.965 0.847
0.000 0.000 0.000 0.024 0.004 0.000 0.001 0.980 0.234 0.017 0.000 0.000 0.000 0.000 0.000 0.000 0.000 0.000 0.000 0.970 0.187 0.078 0.000 0.000 0.000 0.000 0.001 0.000 0.888 0.007 0.912 0.987 0.000 0.962 0.945 0.991 0.187
0.041 0.020 0.013 0.002 0.017 0.000 0.000 0.157 0.000 0.000 0.000 0.000 0.000 0.001 0.000 0.000 0.000 0.000 0.000 0.000 0.000 0.000 0.000 0.000 0.000 0.000 0.000 0.000 0.007 0.000 0.067 0.840 0.962 0.000 0.965 0.895 0.389
0.235 0.234 0.235 0.374 0.763 0.613 0.790 0.968 0.000 0.000 0.000 0.000 0.000 0.000 0.000 0.000 0.000 0.000 0.000 0.000 0.000 0.124 0.002 0.085 0.002 0.000 0.004 0.000 0.000 0.000 0.000 0.021 0.945 0.965 0.000 0.969 0.857
0.068 0.043 0.018 0.195 0.542 0.225 0.069 0.958 0.799 0.887 0.002 0.000 0.000 0.000 0.000 0.000 0.000 0.011 0.002 0.946 0.263 0.000 0.001 0.000 0.000 0.000 0.000 0.000 0.000 0.000 0.000 0.965 0.991 0.895 0.969 0.000 0.986
0.085 0.089 0.147 0.192 0.330 0.045 0.010 0.076 0.003 0.190 0.000 0.000 0.000 0.000 0.000 0.000 0.000 0.000 0.000 0.029 0.000 0.000 0.000 0.000 0.000 0.000 0.000 0.000 0.000 0.000 0.036 0.847 0.187 0.389 0.857 0.986 0.000
