0.000 0.973 0.959 0.912 0.606 0.227 0.277 0.133 0.000 0.000 0.000 0.000 0.000 0.000 0.009 0.000 0.000 0.000 0.000 0.000 0.000 0.106 0.000 0.137 0.039 0.000 0.002 0.000 0.000 0.000 0.000 0.000 0.000 0.037 0.861 0.308 0.265
0.973 0.000 0.986 0.934 0.730 0.644 0.263 0.003 0.000 0.000 0.000 0.000 0.000 0.010 0.025 0.000 0.001 0.000 0.000 0.000 0.000 0.000 0.000 0.081 0.000 0.000 0.000 0.000 0.000 0.000 0.000 0.000 0.000 0.000 0.313 0.023 0.024
0.959 0.986 0.000 0.975 0.932 0.968 0.940 0.511 0.000 0.000 0.000 0.000 0.000 0.016 0.012 0.000 0.003 0.000 0.000 0.000 0.000 0.014 0.000 0.315 0.000 0.000 0.000 0.000 0.000 0.000 0.000 0.000 0.023 0.006 0.384 0.040 0.005
0.912 0.934 0.975 0.000 0.992 0.971 0.988 0.978 0.065 0.006 0.000 0.000 0.000 0.000 0.000 0.000 0.000 0.000 0.000 0.008 0.000 0.135 0.003 0.044 0.000 0.000 0.000 0.000 0.000 0.000 0.000 0.000 0.437 0.011 0.995 0.906 0.189
0.606 0.730 0.932 0.992 0.000 0.990 0.982 0.966 0.237 0.019 0.000 0.000 0.000 0.000 0.000 0.000 0.000 0.000 0.000 0.013 0.000 0.000 0.074 0.001 0.000 0.000 0.000 0.000 0.000 0.000 0.000 0.003 0.007 0.004 0.330 0.899 0.269
0.227 0.644 0.968 0.971 0.990 0.000 0.980 0.913 0.180 0.000 0.000 0.000 0.000 0.000 0.000 0.000 0.000 0.000 0.000 0.000 0.000 0.000 0.788 0.467 0.000 0.000 0.000 0.000 0.000 0.000 0.000 0.000 0.000 0.000 0.003 0.041 0.000
0.277 0.263 0.940 0.988 0.982 0.980 0.000 1.000 0.966 0.000 0.000 0.000 0.000 0.000 0.000 0.000 0.000 0.000 0.000 0.000 0.862 0.953 0.982 1.000 0.680 0.000 0.000 0.000 0.000 0.000 0.000 0.000 0.001 0.000 0.421 0.123 0.000
0.133 0.003 0.511 0.978 0.966 0.913 1.000 0.000 0.996 0.910 0.004 0.000 0.000 0.000 0.000 0.000 0.000 0.000 0.002 0.995 0.997 1.000 0.978 0.013 0.367 0.000 0.880 0.820 0.980 0.000 0.085 0.067 0.999 0.097 0.858 0.975 0.000
0.000 0.000 0.000 0.065 0.237 0.180 0.966 0.996 0.000 1.000 0.972 0.000 0.000 0.000 0.000 0.000 0.000 0.000 0.847 0.986 0.966 0.921 0.998 0.000 0.000 0.000 0.000 0.000 0.000 0.000 0.000 0.000 0.022 0.000 0.000 0.320 0.000
0.000 0.000 0.000 0.006 0.019 0.000 0.000 0.910 1.000 0.000 0.973 0.892 0.000 0.000 0.000 0.000 0.000 0.952 0.906 0.992 0.897 0.000 0.000 0.000 0.000 0.000 0.000 0.000 0.000 0.000 0.000 0.373 0.005 0.000 0.000 0.557 0.052
0.000 0.000 0.000 0.000 0.000 0.000 0.000 0.004 0.972 0.973 0.000 0.995 0.929 0.000 0.000 0.000 0.935 0.997 0.997 0.948 0.972 0.021 0.643 0.000 0.000 0.000 0.000 0.075 0.000 0.000 0.000 0.000 0.000 0.000 0.000 0.000 0.000
0.000 0.000 0.000 0.000 0.000 0.000 0.000 0.000 0.000 0.892 0.995 0.000 0.995 0.964 0.040 0.993 0.989 0.962 0.992 0.001 0.000 0.000 0.000 0.000 0.000 0.000 0.000 0.000 0.000 0.015 0.000 0.000 0.000 0.000 0.000 0.000 0.000
0.000 0.000 0.000 0.000 0.000 0.000 0.000 0.000 0.000 0.000 0.929 0.995 0.000 0.997 0.999 0.999 0.998 0.958 0.995 0.000 0.000 0.000 0.000 0.000 0.000 0.000 0.000 0.000 0.000 0.793 0.000 0.000 0.000 0.000 0.000 0.000 0.000
0.000 0.010 0.016 0.000 0.000 0.000 0.000 0.000 0.000 0.000 0.000 0.964 0.997 0.000 0.995 0.985 0.621 0.000 0.084 0.000 0.000 0.000 0.000 0.000 0.000 0.000 0.000 0.000 0.000 0.000 0.000 0.000 0.000 0.000 0.000 0.000 0.000
0.009 0.025 0.012 0.000 0.000 0.000 0.000 0.000 0.000 0.000 0.000 0.040 0.999 0.995 0.000 0.995 0.985 0.000 0.000 0.000 0.000 0.000 0.000 0.006 0.000 0.000 0.000 0.000 0.000 0.045 0.000 0.000 0.000 0.000 0.000 0.000 0.000
0.000 0.000 0.000 0.000 0.000 0.000 0.000 0.000 0.000 0.000 0.000 0.993 0.999 0.985 0.995 0.000 0.994 0.942 0.000 0.000 0.000 0.000 0.000 0.000 0.000 0.000 0.000 0.000 0.000 0.000 0.000 0.000 0.000 0.000 0.000 0.000 0.000
0.000 0.001 0.003 0.000 0.000 0.000 0.000 0.000 0.000 0.000 0.935 0.989 0.998 0.621 0.985 0.994 0.000 0.998 0.996 0.002 0.000 0.000 0.000 0.001 0.000 0.000 0.000 0.000 0.000 0.805 0.039 0.000 0.000 0.000 0.000 0.000 0.000
0.000 0.000 0.000 0.000 0.000 0.000 0.000 0.000 0.000 0.952 0.997 0.962 0.958 0.000 0.000 0.942 0.998 0.000 1.000 0.989 0.000 0.000 0.000 0.000 0.000 0.000 0.000 0.000 0.205 0.975 0.044 0.125 0.000 0.000 0.000 0.002 0.000
0.000 0.000 0.000 0.000 0.000 0.000 0.000 0.002 0.847 0.906 0.997 0.992 0.995 0.084 0.000 0.000 0.996 1.000 0.000 0.999 0.972 0.000 0.000 0.000 0.000 0.000 0.008 0.979 0.981 0.996 0.492 0.003 0.000 0.000 0.000 0.000 0.000
0.000 0.000 0.000 0.008 0.013 0.000 0.000 0.995 0.986 0.992 0.948 0.001 0.000 0.000 0.000 0.000 0.002 0.989 0.999 0.000 0.998 0.959 0.000 0.000 0.000 0.000 0.971 0.985 0.999 0.981 0.992 0.995 0.975 0.000 0.000 0.888 0.008
0.000 0.000 0.000 0.000 0.000 0.000 0.862 0.997 0.966 0.897 0.972 0.000 0.000 0.000 0.000 0.000 0.000 0.000 0.972 0.998 0.000 0.997 0.987 0.015 0.001 0.978 0.996 0.997 0.975 0.000 0.000 0.000 0.033 0.000 0.000 0.036 0.000
0.106 0.000 0.014 0.135 0.000 0.000 0.953 1.000 0.921 0.000 0.021 0.000 0.000 0.000 0.000 0.000 0.000 0.000 0.000 0.959 0.997 0.000 0.991 0.986 0.997 0.984 0.978 0.934 0.309 0.000 0.000 0.000 0.181 0.000 0.169 0.002 0.000
0.000 0.000 0.000 0.003 0.074 0.788 0.982 0.978 0.998 0.000 0.643 0.000 0.000 0.000 0.000 0.000 0.000 0.000 0.000 0.000 0.987 0.991 0.000 0.991 0.925 0.935 0.319 0.000 0.000 0.000 0.000 0.000 0.000 0.000 0.000 0.000 0.000
0.137 0.081 0.315 0.044 0.001 0.467 1.000 0.013 0.000 0.000 0.000 0.000 0.000 0.000 0.006 0.000 0.001 0.000 0.000 0.000 0.015 0.986 0.991 0.000 0.996 0.949 0.153 0.000 0.000 0.000 0.000 0.000 0.000 0.000 0.005 0.000 0.000
0.039 0.000 0.000 0.000 0.000 0.000 0.680 0.367 0.000 0.000 0.000 0.000 0.000 0.000 0.000 0.000 0.000 0.000 0.000 0.000 0.001 0.997 0.925 0.996 0.000 0.991 0.972 0.002 0.001 0.000 0.000 0.000 0.000 0.000 0.001 0.000 0.000
0.000 0.000 0.000 0.000 0.000 0.000 0.000 0.000 0.000 0.000 0.000 0.000 0.000 0.000 0.000 0.000 0.000 0.000 0.000 0.000 0.978 0.984 0.935 0.949 0.991 0.000 0.982 0.938 0.000 0.000 0.000 0.000 0.000 0.000 0.000 0.000 0.000
0.002 0.000 0.000 0.000 0.000 0.000 0.000 0.880 0.000 0.000 0.000 0.000 0.000 0.000 0.000 0.000 0.000 0.000 0.008 0.971 0.996 0.978 0.319 0.153 0.972 0.982 0.000 0.998 0.992 0.001 0.000 0.000 0.003 0.000 0.001 0.000 0.000
0.000 0.000 0.000 0.000 0.000 0.000 0.000 0.820 0.000 0.000 0.075 0.000 0.000 0.000 0.000 0.000 0.000 0.000 0.979 0.985 0.997 0.934 0.000 0.000 0.002 0.938 0.998 0.000 1.000 0.972 0.000 0.000 0.000 0.000 0.000 0.000 0.000
0.000 0.000 0.000 0.000 0.000 0.000 0.000 0.980 0.000 0.000 0.000 0.000 0.000 0.000 0.000 0.000 0.000 0.205 0.981 0.999 0.975 0.309 0.000 0.000 0.001 0.000 0.992 1.000 0.000 0.995 0.997 0.880 0.911 0.021 0.000 0.001 0.000
0.000 0.000 0.000 0.000 0.000 0.000 0.000 0.000 0.000 0.000 0.000 0.015 0.793 0.000 0.045 0.000 0.805 0.975 0.996 0.981 0.000 0.000 0.000 0.000 0.000 0.000 0.001 0.972 0.995 0.000 0.998 0.903 0.011 0.000 0.000 0.000 0.000
0.000 0.000 0.000 0.000 0.000 0.000 0.000 0.085 0.000 0.000 0.000 0.000 0.000 0.000 0.000 0.000 0.039 0.044 0.492 0.992 0.000 0.000 0.000 0.000 0.000 0.000 0.000 0.000 0.997 0.998 0.000 0.990 0.961 0.070 0.000 0.000 0.084
0.000 0.000 0.000 0.000 0.003 0.000 0.000 0.067 0.000 0.373 0.000 0.000 0.000 0.000 0.000 0.000 0.000 0.125 0.003 0.995 0.000 0.000 0.000 0.000 0.000 0.000 0.000 0.000 0.880 0.903 0.990 0.000 1.000 0.985 0.020 0.994 0.915
0.000 0.000 0.023 0.437 0.007 0.000 0.001 0.999 0.022 0.005 0.000 0.000 0.000 0.000 0.000 0.000 0.000 0.000 0.000 0.975 0.033 0.181 0.000 0.000 0.000 0.000 0.003 0.000 0.911 0.011 0.961 1.000 0.000 1.000 0.982 0.972 0.287
0.037 0.000 0.006 0.011 0.004 0.000 0.000 0.097 0.000 0.000 0.000 0.000 0.000 0.000 0.000 0.000 0.000 0.000 0.000 0.000 0.000 0.000 0.000 0.000 0.000 0.000 0.000 0.000 0.021 0.000 0.070 0.985 1.000 0.000 1.000 0.988 0.434
0.861 0.313 0.384 0.995 0.330 0.003 0.421 0.858 0.000 0.000 0.000 0.000 0.000 0.000 0.000 0.000 0.000 0.000 0.000 0.000 0.000 0.169 0.000 0.005 0.001 0.000 0.001 0.000 0.000 0.000 0.000 0.020 0.982 1.000 0.000 1.000 0.980
0.308 0.023 0.040 0.906 0.899 0.041 0.123 0.975 0.320 0.557 0.000 0.000 0.000 0.000 0.000 0.000 0.000 0.002 0.000 0.888 0.036 0.002 0.000 0.000 0.000 0.000 0.000 0.000 0.001 0.000 0.000 0.994 0.972 0.988 1.000 0.000 0.998
0.265 0.024 0.005 0.189 0.269 0.000 0.000 0.000 0.000 0.052 0.000 0.000 0.000 0.000 0.000 0.000 0.000 0.000 0.000 0.008 0.000 0.000 0.000 0.000 0.000 0.000 0.000 0.000 0.000 0.000 0.084 0.915 0.287 0.434 0.980 0.998 0.000
