0.000 0.993 0.902 0.084 0.000 0.000 0.000 0.000 0.000 0.204 0.000 0.030 0.000 0.000 0.000 0.000 0.000 0.025 0.000 0.020 0.000 0.000 0.000 0.000 0.000 0.000 0.000 0.000 0.000 0.000 0.000 0.050 0.000 0.701 0.008 0.003 0.008
0.993 0.000 0.992 0.935 0.208 0.006 0.000 0.000 0.000 0.070 0.000 0.000 0.000 0.000 0.000 0.000 0.000 0.000 0.000 0.001 0.000 0.000 0.000 0.000 0.000 0.000 0.000 0.000 0.000 0.000 0.000 0.023 0.017 0.990 0.197 0.079 0.120
0.902 0.992 0.000 0.982 0.964 0.000 0.000 0.000 0.000 0.009 0.000 0.000 0.000 0.000 0.000 0.000 0.000 0.000 0.000 0.000 0.000 0.000 0.000 0.000 0.000 0.000 0.000 0.000 0.000 0.000 0.000 0.000 0.006 0.937 0.002 0.000 0.005
0.084 0.935 0.982 0.000 0.993 0.900 0.009 0.982 0.931 0.977 0.001 0.000 0.000 0.000 0.000 0.000 0.000 0.003 0.001 0.975 0.125 0.000 0.001 0.000 0.000 0.000 0.000 0.000 0.000 0.000 0.000 0.893 0.992 0.994 0.001 0.000 0.003
0.000 0.208 0.964 0.993 0.000 0.982 0.913 0.988 0.011 0.000 0.000 0.000 0.000 0.000 0.000 0.000 0.000 0.000 0.000 0.003 0.000 0.111 0.001 0.005 0.000 0.000 0.000 0.000 0.000 0.000 0.000 0.073 0.947 0.941 0.133 0.104 0.280
0.000 0.006 0.000 0.900 0.982 0.000 0.984 0.945 0.000 0.000 0.000 0.000 0.000 0.000 0.000 0.000 0.000 0.000 0.000 0.000 0.000 0.692 0.015 0.559 0.006 0.000 0.000 0.000 0.000 0.000 0.000 0.000 0.000 0.000 0.000 0.002 0.015
0.000 0.000 0.000 0.009 0.913 0.984 0.000 0.989 0.867 0.000 0.005 0.000 0.000 0.000 0.000 0.000 0.000 0.000 0.000 0.000 0.858 0.967 0.971 0.943 0.162 0.000 0.000 0.000 0.000 0.000 0.000 0.000 0.000 0.000 0.000 0.000 0.000
0.000 0.000 0.000 0.982 0.988 0.945 0.989 0.000 0.996 0.861 0.096 0.000 0.000 0.000 0.000 0.000 0.000 0.000 0.002 0.963 0.992 0.998 0.939 0.120 0.391 0.000 0.770 0.791 0.933 0.000 0.231 0.011 0.974 0.000 0.004 0.032 0.097
0.000 0.000 0.000 0.931 0.011 0.000 0.867 0.996 0.000 0.992 0.989 0.000 0.000 0.000 0.000 0.000 0.000 0.000 0.828 0.945 0.995 0.901 0.871 0.000 0.000 0.000 0.000 0.000 0.000 0.000 0.000 0.000 0.437 0.000 0.000 0.000 0.000
0.204 0.070 0.009 0.977 0.000 0.000 0.000 0.861 0.992 0.000 0.992 0.950 0.000 0.000 0.000 0.000 0.000 0.984 0.966 0.999 0.947 0.000 0.019 0.000 0.000 0.000 0.000 0.000 0.000 0.000 0.000 0.020 0.088 0.875 0.000 0.000 0.000
0.000 0.000 0.000 0.001 0.000 0.000 0.005 0.096 0.989 0.992 0.000 0.987 0.922 0.017 0.000 0.000 0.895 0.923 0.998 0.971 0.965 0.123 0.638 0.000 0.000 0.000 0.000 0.044 0.000 0.002 0.000 0.000 0.000 0.000 0.000 0.000 0.000
0.030 0.000 0.000 0.000 0.000 0.000 0.000 0.000 0.000 0.950 0.987 0.000 0.996 0.889 0.042 0.964 0.968 0.972 0.966 0.006 0.000 0.000 0.000 0.000 0.000 0.000 0.000 0.000 0.000 0.087 0.000 0.000 0.000 0.008 0.000 0.000 0.000
0.000 0.000 0.000 0.000 0.000 0.000 0.000 0.000 0.000 0.000 0.922 0.996 0.000 0.984 0.952 0.986 0.968 0.887 0.985 0.000 0.000 0.000 0.000 0.000 0.000 0.000 0.000 0.000 0.000 0.944 0.000 0.000 0.000 0.000 0.000 0.000 0.000
0.000 0.000 0.000 0.000 0.000 0.000 0.000 0.000 0.000 0.000 0.017 0.889 0.984 0.000 0.992 0.946 0.522 0.000 0.058 0.000 0.000 0.000 0.000 0.000 0.000 0.000 0.000 0.000 0.000 0.009 0.000 0.000 0.000 0.000 0.000 0.000 0.000
0.000 0.000 0.000 0.000 0.000 0.000 0.000 0.000 0.000 0.000 0.000 0.042 0.952 0.992 0.000 0.989 0.958 0.000 0.000 0.000 0.000 0.000 0.000 0.000 0.000 0.000 0.000 0.000 0.000 0.084 0.000 0.000 0.000 0.000 0.000 0.000 0.000
0.000 0.000 0.000 0.000 0.000 0.000 0.000 0.000 0.000 0.000 0.000 0.964 0.986 0.946 0.989 0.000 0.983 0.885 0.000 0.000 0.000 0.000 0.000 0.000 0.000 0.000 0.000 0.000 0.000 0.000 0.000 0.000 0.000 0.000 0.000 0.000 0.000
0.000 0.000 0.000 0.000 0.000 0.000 0.000 0.000 0.000 0.000 0.895 0.968 0.968 0.522 0.958 0.983 0.000 0.997 0.976 0.000 0.000 0.000 0.000 0.000 0.000 0.000 0.000 0.000 0.000 0.968 0.001 0.000 0.000 0.000 0.000 0.000 0.000
0.025 0.000 0.000 0.003 0.000 0.000 0.000 0.000 0.000 0.984 0.923 0.972 0.887 0.000 0.000 0.885 0.997 0.000 0.999 0.998 0.000 0.000 0.000 0.000 0.000 0.000 0.000 0.000 0.130 0.973 0.006 0.038 0.000 0.562 0.000 0.000 0.000
0.000 0.000 0.000 0.001 0.000 0.000 0.000 0.002 0.828 0.966 0.998 0.966 0.985 0.058 0.000 0.000 0.976 0.999 0.000 0.999 0.927 0.000 0.000 0.000 0.000 0.000 0.002 0.919 0.960 0.994 0.355 0.000 0.000 0.000 0.000 0.000 0.000
0.020 0.001 0.000 0.975 0.003 0.000 0.000 0.963 0.945 0.999 0.971 0.006 0.000 0.000 0.000 0.000 0.000 0.998 0.999 0.000 0.963 0.820 0.000 0.000 0.000 0.000 0.769 0.919 0.984 0.978 0.953 0.995 0.995 0.922 0.037 0.000 0.000
0.000 0.000 0.000 0.125 0.000 0.000 0.858 0.992 0.995 0.947 0.965 0.000 0.000 0.000 0.000 0.000 0.000 0.000 0.927 0.963 0.000 0.998 0.986 0.009 0.008 0.987 0.973 0.962 0.845 0.000 0.000 0.000 0.194 0.000 0.000 0.000 0.000
0.000 0.000 0.000 0.000 0.111 0.692 0.967 0.998 0.901 0.000 0.123 0.000 0.000 0.000 0.000 0.000 0.000 0.000 0.000 0.820 0.998 0.000 0.997 0.979 0.975 0.929 0.966 0.857 0.201 0.000 0.000 0.000 0.033 0.000 0.000 0.000 0.003
0.000 0.000 0.000 0.001 0.001 0.015 0.971 0.939 0.871 0.019 0.638 0.000 0.000 0.000 0.000 0.000 0.000 0.000 0.000 0.000 0.986 0.997 0.000 0.989 0.927 0.968 0.347 0.000 0.000 0.000 0.000 0.000 0.000 0.000 0.000 0.000 0.000
0.000 0.000 0.000 0.000 0.005 0.559 0.943 0.120 0.000 0.000 0.000 0.000 0.000 0.000 0.000 0.000 0.000 0.000 0.000 0.000 0.009 0.979 0.989 0.000 0.981 0.979 0.057 0.000 0.000 0.000 0.000 0.000 0.000 0.000 0.000 0.000 0.000
0.000 0.000 0.000 0.000 0.000 0.006 0.162 0.391 0.000 0.000 0.000 0.000 0.000 0.000 0.000 0.000 0.000 0.000 0.000 0.000 0.008 0.975 0.927 0.981 0.000 0.994 0.968 0.057 0.006 0.000 0.000 0.000 0.000 0.000 0.000 0.000 0.000
0.000 0.000 0.000 0.000 0.000 0.000 0.000 0.000 0.000 0.000 0.000 0.000 0.000 0.000 0.000 0.000 0.000 0.000 0.000 0.000 0.987 0.929 0.968 0.979 0.994 0.000 0.993 0.878 0.000 0.000 0.000 0.000 0.000 0.000 0.000 0.000 0.000
0.000 0.000 0.000 0.000 0.000 0.000 0.000 0.770 0.000 0.000 0.000 0.000 0.000 0.000 0.000 0.000 0.000 0.000 0.002 0.769 0.973 0.966 0.347 0.057 0.968 0.993 0.000 0.977 0.828 0.000 0.000 0.000 0.000 0.000 0.000 0.000 0.000
0.000 0.000 0.000 0.000 0.000 0.000 0.000 0.791 0.000 0.000 0.044 0.000 0.000 0.000 0.000 0.000 0.000 0.000 0.919 0.919 0.962 0.857 0.000 0.000 0.057 0.878 0.977 0.000 0.973 0.860 0.000 0.000 0.000 0.000 0.000 0.000 0.000
0.000 0.000 0.000 0.000 0.000 0.000 0.000 0.933 0.000 0.000 0.000 0.000 0.000 0.000 0.000 0.000 0.000 0.130 0.960 0.984 0.845 0.201 0.000 0.000 0.006 0.000 0.828 0.973 0.000 1.000 0.999 0.781 0.915 0.000 0.002 0.108 0.010
0.000 0.000 0.000 0.000 0.000 0.000 0.000 0.000 0.000 0.000 0.002 0.087 0.944 0.009 0.084 0.000 0.968 0.973 0.994 0.978 0.000 0.000 0.000 0.000 0.000 0.000 0.000 0.860 1.000 0.000 0.995 0.958 0.015 0.000 0.003 0.000 0.001
0.000 0.000 0.000 0.000 0.000 0.000 0.000 0.231 0.000 0.000 0.000 0.000 0.000 0.000 0.000 0.000 0.001 0.006 0.355 0.953 0.000 0.000 0.000 0.000 0.000 0.000 0.000 0.000 0.999 0.995 0.000 0.995 0.933 0.003 0.601 0.477 0.085
0.050 0.023 0.000 0.893 0.073 0.000 0.000 0.011 0.000 0.020 0.000 0.000 0.000 0.000 0.000 0.000 0.000 0.038 0.000 0.995 0.000 0.000 0.000 0.000 0.000 0.000 0.000 0.000 0.781 0.958 0.995 0.000 0.990 0.995 0.774 0.557 0.155
0.000 0.017 0.006 0.992 0.947 0.000 0.000 0.974 0.437 0.088 0.000 0.000 0.000 0.000 0.000 0.000 0.000 0.000 0.000 0.995 0.194 0.033 0.000 0.000 0.000 0.000 0.000 0.000 0.915 0.015 0.933 0.990 0.000 0.999 0.932 0.608 0.367
0.701 0.990 0.937 0.994 0.941 0.000 0.000 0.000 0.000 0.875 0.000 0.008 0.000 0.000 0.000 0.000 0.000 0.562 0.000 0.922 0.000 0.000 0.000 0.000 0.000 0.000 0.000 0.000 0.000 0.000 0.003 0.995 0.999 0.000 0.987 0.938 0.379
0.008 0.197 0.002 0.001 0.133 0.000 0.000 0.004 0.000 0.000 0.000 0.000 0.000 0.000 0.000 0.000 0.000 0.000 0.000 0.037 0.000 0.000 0.000 0.000 0.000 0.000 0.000 0.000 0.002 0.003 0.601 0.774 0.932 0.987 0.000 0.988 0.953
0.003 0.079 0.000 0.000 0.104 0.002 0.000 0.032 0.000 0.000 0.000 0.000 0.000 0.000 0.000 0.000 0.000 0.000 0.000 0.000 0.000 0.000 0.000 0.000 0.000 0.000 0.000 0.000 0.108 0.000 0.477 0.557 0.608 0.938 0.988 0.000 0.989
0.008 0.120 0.005 0.003 0.280 0.015 0.000 0.097 0.000 0.000 0.000 0.000 0.000 0.000 0.000 0.000 0.000 0.000 0.000 0.000 0.000 0.003 0.000 0.000 0.000 0.000 0.000 0.000 0.010 0.001 0.085 0.155 0.367 0.379 0.953 0.989 0.000
